# Thallium photoionization cross section
# original data 10.1088/0370-1328/87/1/333
# extracted from figure 2 in 10.1088/0022-3700/10/17/003
# wavelength (Angstrom)  cross section (Mb)
2.023358e+3 3.074648e+0
2.015625e+3 2.610157e+0
2.010938e+3 2.154435e+0
2.008594e+3 1.539927e+0
2.007813e+3 8.454411e+0
2.001563e+3 6.339914e+0
1.998438e+3 5.360023e+0
1.992969e+3 4.697589e+0
1.985156e+3 4.319333e+0
1.973030e+3 3.850702e+0
1.960448e+3 3.535513e+0
1.947866e+3 3.308900e+0
1.936809e+3 3.082018e+0
1.920300e+3 2.810616e+0
1.907832e+3 2.584339e+0
1.895136e+3 2.408580e+0
1.884302e+3 2.107650e+0
1.868452e+3 1.820000e+0
1.857504e+3 1.653781e+0
1.844445e+3 1.486144e+0
1.832340e+3 1.300612e+0
1.820738e+3 1.154394e+0
1.802601e+3 9.391396e-1
1.790247e+3 8.251718e-1
1.777437e+3 7.108249e-1
1.767371e+3 6.436416e-1
1.748841e+3 5.563560e-1
1.736259e+3 5.492967e-1
1.725965e+3 6.204968e-1
1.719102e+3 7.698814e-1
1.711667e+3 1.035389e+0
1.707092e+3 1.283853e+0
1.703088e+3 1.553969e+0
1.699657e+3 1.879539e+0
1.692794e+3 2.778721e+0
1.686719e+3 3.831187e+0
1.679068e+3 5.718095e+0
1.672656e+3 7.773650e+0
1.664770e+3 1.125156e+1
1.660767e+3 1.323574e+1
1.657907e+3 1.563833e+1
1.655048e+3 1.897013e+1
1.646094e+3 2.804895e+1
1.640625e+3 3.785515e+1
1.634375e+3 4.811624e+1
1.629688e+3 5.970926e+1
1.625781e+3 7.233942e+1
1.617874e+3 8.625143e+1
1.604720e+3 1.012190e+2
1.592710e+3 9.139666e+1
1.583594e+3 7.589416e+1
1.578125e+3 6.651455e+1
1.568750e+3 5.490139e+1
1.560938e+3 4.754264e+1
1.553125e+3 3.924190e+1
1.542188e+3 3.014163e+1
1.526563e+3 2.154435e+1
1.520313e+3 1.910953e+1
1.508639e+3 1.610701e+1
1.500781e+3 1.799734e+1
1.497201e+3 2.069707e+1
1.491406e+3 2.053525e+1
1.485938e+3 1.694988e+1
1.482031e+3 1.317625e+1
1.477375e+3 9.820092e+0
1.471465e+3 7.884920e+0
1.464488e+3 6.477272e+0
1.454880e+3 5.271048e+0