# https://doi.org/10.1063/1.479970 
# photo_energies [eV]	cross_sections [Mb]
7.5698978990359045 0.232425482749615
7.720472922221674 0.23368433402082045
7.871066754060507 0.23249371790638088
8.021661369593218 0.23120790046659087
8.172255201432053 0.23002990172211052
8.322863139760685 0.22706110283395203
8.473460106375029 0.22550888685400108
8.62404531758121 0.22544324411494812
8.774638365726165 0.22439285567187323
8.925249438830306 0.22110917747420838
9.075876185812003 0.21597375784282025
9.226499014324311 0.21142000688731538
9.377117140673352 0.20750675488389453
9.527733699634638 0.20384438238195246
9.678351042289801 0.20015898033586646
9.828978572965376 0.1954245494748706
9.979588862375639 0.19264912432121983
10.130205421336926 0.18924898028334486
10.280832168318621 0.18485353664021234
10.431451862055418 0.18127318575637724
10.582079392730991 0.17698546724644104
10.732708490794321 0.17264789732528327
10.883348560571937 0.16738730258266693
11.033990981431186 0.16207394342705772
11.184636537065945 0.1566546107456923
11.335271904680294 0.15228090792003035
11.485923729866077 0.1466743016593823
11.636574771357981 0.14133599387074625
11.78722424546213 0.136311305753397
11.937865882627502 0.13204219726017932
12.088517707813281 0.12718073025200122
12.239168749305186 0.12255190383055119
12.389814304939943 0.11845408573870382
12.540456725799192 0.11469400901085143
12.691102281433952 0.11085893855938769
12.841747837068713 0.10715210292589333
12.99239104162184 0.1037053617165135
13.143028760317826 0.10067762389232686
13.29366961378932 0.0975672351454559
13.444307332485302 0.094718703465303
13.594941916405773 0.09211454192233709
13.7455851209589 0.08915151106286393
13.896220488573249 0.08666245431572052
14.046853505105968 0.08435363246826366
14.197495925965214 0.08167600317100679
14.348128942497933 0.07950002809595091
14.498770579663304 0.07701018146672511
14.649404379889901 0.07492569415590793
14.800046017055273 0.07257911024261249
14.950683735751255 0.07046012127531043
15.10132772399826 0.06816378874953954
15.251965442694242 0.06617370763877684
15.402607079859614 0.06410122556733756
15.553242447473963 0.06231155777487538
15.703878598782193 0.0605453379885852
15.85451475009042 0.05882918166475495
16.005154036174158 0.05706163362890503
16.15579567333953 0.05527453091269499
16.306425555096737 0.0538962533659147
16.457058571629453 0.05246037380019227
16.607682967529517 0.05130930426031635
16.758321469919377 0.04978949208275999
16.908947433207192 0.048654396293512016
17.059575747576645 0.047482759595756784
17.21021346627263 0.04609647305429688
17.360846482805346 0.04486839170212635
17.511489687358473 0.04342511872422433
17.662128189748334 0.04213884082199303
17.812762773668805 0.04098029087653276
17.963395006507646 0.039905983429058496
18.114026455652606 0.038876859535423934
18.264661823266955 0.03779144092186664
18.415301109350697 0.03665598084434862
18.565935693271168 0.03564817465462903
18.716572628273273 0.03462256345150207
18.867215049132522 0.03352354272730558
19.017852767828508 0.03254480357017639
19.168488919136735 0.031622321801798095
19.31913447477149 0.030564953304571013
19.469772193467477 0.029672591871343287
19.620410695857338 0.028793672012345974
19.771050765634953 0.027916326606144022
19.92169945604522 0.026935655437358742
20.072342660598352 0.026069221358488538
20.222982730375964 0.025274890173764154
20.373632204480113 0.024376333218488023
20.52428246227814 0.023499428603672035
20.674929585300656 0.02269378480593248
20.825583761568073 0.02182955963717823
20.97623245197834 0.02106271018504622
21.126893681490653 0.020180908214007913
21.277548641451943 0.019403879694911617
21.428207519882626 0.01861596516272162
21.57887031678269 0.017820983163312307
21.729544869090926 0.016948259949552097
21.88021393554202 0.016167758290216168
