# https://doi.org/10.1063/1.479970 
# photo_energies [eV]   cross_sections [Mb]
7.7825842377266214 0.765275362467625
7.917135165471085 0.7668300982077166
8.056787686430535 0.7575488391677124
8.196439519676902 0.7486837503813852
8.336072096956858 0.7483799150107144
8.475717740785448 0.7423290350702181
8.615384703719709 0.7271198058926113
8.755013154721148 0.7285970246886072
8.894651921418879 0.7256455821340604
9.034307193230674 0.7156998179715957
9.173970029886418 0.7027456019532058
9.31362392627204 0.6936766168367908
9.453262005256686 0.6911471173763195
9.592920027920826 0.6805683011425488
9.73259455569903 0.6636546202742585
9.87226702033798 0.6479498277730306
10.01191954129743 0.640107425380971
10.15157962710083 0.629542754353224
10.291250028600519 0.6153941134980844
10.430908738977745 0.6057288653699785
10.570564010789539 0.5974266906035453
10.71022203345368 0.5882823752846355
10.849889684101026 0.575995486524227
10.982752394252245 0.5666014890933795
11.14010146258589 0.5534684920538074
11.268902264026266 0.5375895727376415
11.408593296918536 0.5191470979861756
11.548274014114515 0.5043990753172687
11.687956794449754 0.4894736096496625
11.82763888707191 0.47518263879473993
11.967314790276284 0.4629972404262092
12.10700513545547 0.44729524414291194
12.24668241408602 0.4354713127692958
12.386364506708173 0.4227570260003009
12.526051413321927 0.4092494750968298
12.665732818230993 0.3974620776028246
12.805419724844747 0.3847627280586832
12.945092877196782 0.37550521086334465
13.084773594392761 0.3648377923540482
13.224446059031706 0.356204232591956
13.364126088514602 0.34622562706978155
13.503790988309603 0.33954519475152195
13.64347033007941 0.3301672613218058
13.783153798127735 0.32026739201232457
13.922829013619026 0.3121812711409016
14.06250422911032 0.30429930889560813
14.202173255183837 0.2977019240339985
14.341845719822786 0.2906570744972949
14.481521623027163 0.28320357777366734
14.62119890165771 0.2757172927925363
14.760868615444313 0.2696301152067886
14.900545894074863 0.2625026350463988
15.04022592355776 0.255148959811832
15.179899075909791 0.24900999231165746
15.319577042253428 0.2423292069897146
15.459257071736321 0.23554066451379815
15.598930911801443 0.22978019037111727
15.738612316710508 0.2231619523403619
15.878288907627972 0.21735103169828215
16.017967561684692 0.21143379668713025
16.157647591167585 0.20551074957496027
16.297322118945793 0.20040333680319514
16.436990457306223 0.19613807459515398
16.576662234232085 0.19157438851568978
16.716335386584117 0.1869650460130553
16.856009914362325 0.18231853644673973
16.99567412644424 0.17887328706878886
17.135350029648617 0.17428633021794465
17.27502662056608 0.16974808333815775
17.414692208074168 0.16640523073908622
17.554363985000027 0.1625333601874786
17.694041263630577 0.15823690650963443
17.833715791408785 0.15430435700094255
17.973387568334644 0.15071404620840817
18.113069660956796 0.14631370674305194
18.25273799931723 0.14319965518161298
18.392421467365555 0.13890589853903973
18.532091868865244 0.1357840618448687
18.671768459782704 0.1322483766639272
18.811442299847826 0.12901405890501025
18.951119578478377 0.12560366409598983
19.09079960796127 0.12208503825869008
19.230476198878737 0.11890606235591375
19.37015554064854 0.11562198366948302
19.509832131566007 0.1126112994352884
19.64951078562273 0.10954553288031393
19.78919494138414 0.106217751682958
19.928877721719378 0.10307470586147799
20.068551561784496 0.10055387074748566
20.20823846839825 0.09734106423185422
20.347916434741887 0.09472946319887832
20.487601965929468 0.0917772289617501
20.62728405855162 0.08909764485674251
20.766975091443893 0.08604107317266438
20.90666131034456 0.08332578223876402
21.046355781802262 0.08030407329039944
21.186039937563674 0.07786459102087723
21.32573647216063 0.07494960196612976
21.465430943618333 0.07223164508828771
21.605130229067637 0.06941473897770128
21.744832265369283 0.06659946624302766
21.88452948767933 0.06408018969749059
