# https://doi.org/10.1063/1.479970 
# photo_energies [eV]	cross_sections [Mb]
7.76581971828519 0.42241396399647996
7.905450920138973 0.4225854601854518
8.045082809705843 0.4225854601854518
8.184716074698885 0.42224253740512935
8.324361718527477 0.41882857766574705
8.464011488634585 0.4144316629366984
8.603655757037004 0.4114147143611917
8.743287646603875 0.4114147143611917
8.882919536170743 0.4114147143611917
9.022570681704025 0.4067652783160608
9.162225265802732 0.40135299602101426
9.301881913040702 0.3955307865296007
9.441541311131013 0.3891606690630501
9.58119108123812 0.3850752117446736
9.72084772847609 0.37948913521116107
9.86050918970566 0.37292297801762764
10.000169275509059 0.3667680602253538
10.139832799877887 0.3599833831176054
10.279498387385974 0.3528942227323305
10.419152971484683 0.34819873062537066
10.558822685271288 0.34051133645802895
10.698489648205545 0.3335347604262515
10.838155923426719 0.32683376182269025
10.977829075778752 0.3189700345189655
11.117500852704612 0.31154832861456583
11.257176068195903 0.3036823469214616
11.396851971400284 0.29589483518889
11.536523748326143 0.28901003659420516
11.67619965153052 0.28159877586856796
11.815878305587244 0.27393243942356765
11.955557647357054 0.26636667138778697
12.09523905226612 0.258694652177353
12.234925271166787 0.25053074605898024
12.374606676075853 0.24331484068104864
12.514286705558746 0.2364986869391918
12.653968110467812 0.22968693958361378
12.793650203089964 0.22298085922578778
12.933330920285947 0.21664637950057933
13.073010262055753 0.2106628010074946
13.212676537276927 0.20643040515894953
13.352361380751422 0.2000782192019381
13.492035220816543 0.19518502842061183
13.631713874873263 0.18987124787492596
13.77138290094678 0.18575472950052924
13.911066368995108 0.1801849842195733
14.050735395068624 0.17627846963860386
14.190409922846829 0.17189754596876428
14.330081699772688 0.16789788175644357
14.469747974993865 0.16452466971175903
14.609425253624412 0.16017557718414618
14.749096342837188 0.15651217319334457
14.888777060033167 0.15206594766849962
15.028451587811375 0.1482867606192627
15.168130929581181 0.14419121342527755
15.307806145072473 0.14055066927550333
15.447487549981542 0.13650246223404813
15.5871593269074 0.13332636096969158
15.726842794955726 0.12932864919225961
15.866511821029242 0.12652472934291759
16.006192538225225 0.12293039243192456
16.145873255421204 0.11943816408023694
16.285540906068547 0.11694357390134326
16.42521956012527 0.11375986410060573
16.56488996162496 0.11120317124732587
16.70456861568168 0.1081757400310379
16.84422870148508 0.10639035048344625
16.983908730967975 0.10340996102789388
17.123579820180748 0.10104485349665833
17.263252972532783 0.09861368124287626
17.402912370623092 0.09702548443312152
17.542584147548958 0.09476792249072613
17.682263489318764 0.09215051755574862
17.82193801709697 0.08986036615849857
17.961610481735917 0.08773390103418377
18.101282946374866 0.08565775680347575
18.240965038997015 0.08315684055008941
18.380629938792016 0.08155232718752653
18.520307905135653 0.07936432828279666
18.659983120626944 0.07736053530424303
18.799663837822923 0.07516286352148344
18.93933836560113 0.07329489423079653
19.079017019657854 0.07129949024815899
19.2186942982884 0.06941473897770128
19.3583791417629 0.06727873905170076
19.498055732680363 0.06552686598629416
19.63773713758943 0.06363953011192536
19.777413728506893 0.06198241851516162
19.917088943998184 0.06041748452401265
20.05677722603811 0.05843961806416591
20.196457255521008 0.05680250698526173
20.336134534151554 0.05530097314774009
20.475813875921364 0.05377360991953259
20.6155014702482 0.0520343586012274
20.75519044000122 0.05031050205654898
20.89487803432806 0.0486832613494923
21.0345704426465 0.04697498943706116
21.174260787825684 0.045381888992510624
21.313951820717957 0.04382502408224821
21.453645604462572 0.042252909796663046
21.593344889911876 0.040605121217975715
21.733036610517235 0.03919621415030218
21.872737959105795 0.03762179037328483
21.948933130475496 0.0369108563541385
