# https://doi.org/10.1063/1.479970 
# photo_energies [eV]	cross_sections [Mb]
7.9986538328609935 0.11126431356093823
8.137912144881454 0.11126431356093823
8.277170456901915 0.11126431356093823
8.416428768922374 0.11072753089393007
8.555687080942835 0.11014893829405469
8.694945392963296 0.10930873705413903
8.834203704983755 0.10882523719659436
8.973462017004216 0.10834387597973433
9.112720329024677 0.10795161909753015
9.251978641045136 0.10695562481420999
9.391236953065597 0.1057128932648288
9.530495265086058 0.10461100120427692
9.669753577106519 0.10360406704018696
9.809011889126978 0.10194733566832259
9.948270201147439 0.10076279609286362
10.0875285131679 0.0994316046114137
10.22678682518836 0.09795995869922927
10.36604513720882 0.09604449147954608
10.505303449229281 0.09450864518823003
10.64456176124974 0.0929973585962181
10.783820073270201 0.09128923145712213
10.923078385290662 0.0892160999258591
11.062336697311121 0.08771871559565202
11.201595009331582 0.08617697544613404
11.340853321352043 0.08456003652484556
11.480111633372502 0.08280641078245336
11.619369945392963 0.08151509889911836
11.758628257413424 0.07976030617048643
11.897886569433883 0.07785480591978614
12.037144881454344 0.07602546121623373
12.176403193474805 0.07423910039793896
12.315661505495264 0.0723779445238306
12.454919817515725 0.07056344736688284
12.594178129536186 0.06904441315090468
12.733436441556645 0.0673949191496243
12.872694753577106 0.06546746028943146
13.011953065597567 0.06408394944812061
13.151211377618027 0.06257817684846345
13.290469689638487 0.061009357441867536
13.429728001658948 0.059744131170289115
13.568986313679408 0.05822289170845587
13.708244625699868 0.0569924788967324
13.847502937720328 0.05563090961446778
13.98676124974079 0.054345654231046564
14.126019561761249 0.053154318064961716
14.26527787378171 0.05196815005353268
14.40453618580217 0.05074706088722232
14.54379449782263 0.049415064858958316
14.68305280984309 0.048526987342004134
14.822311121863551 0.04736766146945457
14.961569433884012 0.04614295918644068
15.100827745904471 0.04511325352691665
15.240086057924932 0.044070990289429755
15.379344369945393 0.04286237340877625
15.518602681965852 0.04195657138081936
15.657860993986313 0.04098723779251739
15.797119306006774 0.03989533385173417
15.936377618027233 0.0389422210528219
16.075635930047696 0.03811926282635166
16.214894242068155 0.037328736670965465
16.354152554088614 0.03661357899110033
16.493410866109077 0.035609476534151516
16.632669178129536 0.034772765087447234
16.77192749015 0.034106575652170255
16.911185802170458 0.033453149319354586
17.050444114190917 0.03256195421715424
17.18970242621138 0.031860986160168595
17.32896073823184 0.031200245604645578
17.468219050252298 0.03056552323538371
17.60747736227276 0.029811264817840605
17.74673567429322 0.029228348070078475
17.88599398631368 0.02850708681788386
18.02525229833414 0.027848480171825812
18.1645106103546 0.027227025931619714
18.30376892237506 0.026565854878280473
18.443027234395522 0.02594164028622311
18.58228554641598 0.025342303819073656
18.72154385843644 0.024776776290541317
18.860802170456903 0.02429230178254697
19.000060482477362 0.023645152536205204
19.13931879449782 0.023061666521678955
19.278577106518284 0.022537947926764258
19.417835418538743 0.021902199527620892
19.557093730559203 0.021430706258384
19.696352042579665 0.02085979019090582
19.835610354600124 0.020377861029119707
19.974868666620583 0.019771146933226857
20.114126978641046 0.01931436897995511
20.253385290661505 0.01873931844365647
20.392643602681964 0.01824745354935657
20.531901914702427 0.017754183162107737
20.671160226722886 0.01724642296188675
20.810418538743345 0.016827617189097522
20.949676850763808 0.016326605206813154
21.088935162784267 0.01584689505403455
21.228193474804726 0.015356504806879603
21.36745178682519 0.014893289256883099
21.506710098845648 0.014368570676781205
21.645968410866107 0.01387910885409724
21.78522672288657 0.013476741422522873
21.92448503490703 0.013064960979309499
