# B Deg6 IP8.298019 EAnan	
8.05768059026037	43.74
8.1263798165463	21.63
8.1937375214903	17.81
8.29990954777559	16.45
10.0981957769507	13.29
10.5650084685699	13.35
10.738445681086	14.75
10.7707292697282	10.89
10.802269987526	0.4573
10.8330909641575	4.987
10.8632112475932	7.51
10.8926539675113	8.714
11.0040342531241	10.66
11.0303735144409	12.38
11.0561454183545	10.59
11.0813662916966	10.09
11.6569224856013	11.06
11.7224202922954	12.06
11.7591080438016	14.23
11.7709313911255	9.365
11.7825588164684	0.7448
11.7939944015382	4.427
11.805242228043	6.338
11.8163077382599	7.329
11.8484430248471	8.787
11.8588146447148	9.991
11.8690216356957	8.592
11.9713718227827	9.404
12.1259869194324	10.28
12.1565888444047	11.32
12.1682706925201	12.58
12.1739959681862	13.78
12.1796464125402	12.98
12.1852247467206	0.3058
12.1907309707275	3.232
12.1961650845608	5.422
12.2015311699285	6.536
12.2120578946978	7.65
12.217221255238	8.039
12.2223193084511	8.799
12.2273534149067	7.987
12.2699569217827	8.84
12.3601817151585	9.917
12.3768690977739	10.95
12.3832937060665	12.2
12.386454308579	13.45
12.3895808968587	13.89
12.3926734709055	0.7957
12.3957333912889	2.656
12.3987620185781	4.977
12.4017579922038	6.152
12.4076560601726	7.302
12.413430316334	8.304
12.4162739061967	7.685
12.4379899529903	8.534
12.4482037468177	8.518
12.4957284328963	9.834
12.5037530707003	10.74
12.5076565440573	11.98
12.51148926781	14.21
12.5133790985848	1.407
12.5152526025278	2.323
12.5171084190698	4.72
12.51894790878	5.932
12.5225779077053	7.104
12.5261439598728	8.038
12.5279031759936	7.514
12.5397931912138	8.326
12.546268140571	8.547
12.5478532038198	8.318
12.5540573998839	8.717
12.5782306348555	9.708
12.5834470575989	10.61
12.5859926827822	11.84
12.5884988514555	14.33
12.5897369695297	1.978
12.5909655636187	2.104
12.5921846337225	4.553
12.5933941798411	5.792
12.5957847001228	6.98
12.5981384850331	7.873
12.5993017717951	7.406
12.6071985160837	8.23
12.6115264870661	8.455
12.6125877311297	8.162
12.6146884501479	8.543
12.632258842247	9.503
12.6367487209775	10.53
12.6385011342518	11.74
12.6402276967091	14.39
12.6410834948065	2.489
12.6419311294881	1.945
12.6427746824617	4.435
12.6436114325888	5.695
12.6452686060112	6.895
12.6469026497552	7.762
12.6477121884961	7.334
12.6532224942109	8.164
12.656255203208	8.392
12.6570007951911	8.017
12.6577423054663	8.428
12.6709343855184	9.444
12.6741453290954	10.46
12.67540249514	11.66
12.6766433343528	14.41
12.677258311682	2.952
12.6778692073032	1.82
12.6784760212165	4.345
12.6790787534218	5.623
12.6802746938473	6.834
12.6814543074411	7.683
12.6820393522454	7.284
12.6860353443156	8.118
12.6884694028153	8.487
14.5228801078013	6.684
14.9576908486259	6.615
14.9999365257728	6.845
15.0812985706483	8.938
15.1204693611494	6.966
15.1586741474388	6.508
15.2323353700067	6.096
16.2600686114383	5.632
16.2741096867412	5.779
16.287919465261	6.554
16.3148043148721	5.786
16.3407639773507	6.423
16.3658528754695	5.787
16.4898143455131	5.551
16.7506218769878	5.485
16.7632751715922	5.828
16.7694793676563	5.502
16.7756019295616	7.61
16.7816428573082	6.079
16.7992758355956	5.537
16.9911977427886	5.526
16.9945991660693	5.689
16.9979733779639	5.32
17.0013203784721	6.007
17.0174703362091	5.41
17.1246831980183	5.59
17.1267376576799	5.848
17.1287785116483	5.567
17.1327921911196	5.699
17.1425066560094	5.355
17.2065758649256	5.655
17.2079092228516	5.81
17.2092425807777	7.426
17.2105623330106	5.393
17.2131746260902	5.624
17.2195148790856	5.331
17.2605088324651	5.666
17.2623592067299	5.833
17.2632707881691	6.255
17.2641823696084	23.33
17.2650939510476	5.333
17.2668762968467	5.578
17.2721008830059	5.324
17.2992986635588	5.697
17.3012987004479	6.058
17.3019517737178	7.109
17.3026048469877	5.61
17.3032443145645	5.298
17.304523249718	5.547
17.30827842102	5.315
17.3192582153702	5.503
17.3194895121533	5.645
17.6775777494574	5.704
17.9229564249306	5.143
18.0123458287487	4.37
18.097231748143	4.18
19.0278475520627	4.658
19.1053455800913	4.854
19.1237812942729	4.645
19.1941091220257	4.603
19.2901789211671	4.001
19.5127000321937	4.334
19.5349045233704	4.694
19.5457346550963	4.364
19.6264436267019	4.731
19.6358315549568	4.837
19.6631653924409	4.548
19.6806895251833	4.136
19.6977102472802	4.151
19.7142139530384	4.592
19.7302550652304	4.092
19.7609495089159	4.137
19.8038210479464	3.626
19.9730894760896	4.199
19.9776882003652	4.631
19.9822325018682	4.256
20.0041512734894	4.489
20.0083826440506	4.625
20.0166957225488	4.214
20.0327368347408	4.258
20.0554583422562	3.694
20.161963708023	4.388
20.1694196278544	4.618
20.1742768602993	4.305
20.1836783942473	4.354
20.1949439081531	3.902
20.1971344247459	4.019
20.1993113356456	4.64
20.201461035159	4.026
20.2056924057203	3.878
20.2313799543365	4.105
20.2332303286012	4.058
20.2350670971728	4.64
20.2386862115435	4.416
20.2607410400959	4.518
20.2654894269958	4.342
20.2685779193348	4.63
20.2716255945943	4.125
20.2804556894311	3.562
20.2847142713786	3.349
20.3274905705573	4.259
20.3306470913619	4.574
20.3327151567166	4.108
20.3367560475741	4.146
20.3425928899238	3.589
20.3683620726988	4.092
20.3691375972068	4.291
20.3706614348366	4.166
20.3743757890592	4.501
20.3758315982233	4.066
20.3786887937792	4.1
20.3828385301817	3.521
20.4013558785221	3.994
20.4019137119401	4.424
20.4024715453581	4.052
20.404117834226	4.131
20.404335525316	3.842
20.5030040118439	3.915
20.5116300212839	4.023
20.5200519453271	3.963
20.5241880760365	4.041
20.5282833896665	4.583
20.532324280524	4.143
20.5403924565459	4.171
20.5484062097954	3.503
20.5562430890342	3.503
20.6030466733773	3.753
20.6764493877759	3.948
20.679007258083	4.15
20.6815379170039	3.916
20.6889938368353	4.156
20.6962184598836	4.14
20.7009260297041	3.498
20.7055383596728	3.476
20.731443599379	3.725
20.7786689602089	3.93
20.7802744319974	4.111
20.7818662980928	3.888
20.7911589864958	4.117
20.7926556127394	3.898
20.7941386332898	3.493
20.7956216538402	3.403
20.8097443633019	3.685
20.8448470515592	3.915
20.8459219013159	4.104
20.8469831453795	3.867
20.8480443894431	3.881
20.8491056335067	4.106
20.8532281585229	4.101
20.8542485855072	3.902
20.8552554067983	3.492
20.8562486223962	3.388
20.865840636048	3.673
20.8901404039656	3.903
20.8908887170874	4.119
20.8916370302091	3.853
20.8923853433309	3.866
20.8931200507596	4.259
20.8938547581882	4.014
20.8960316690879	4.09
20.8967527708234	3.908
20.8974602668658	3.494
20.8981677629082	3.377
20.9049842151628	3.664
20.922481136519	3.893
20.923038969937	4.154
20.9237192545932	3.749
22.4240190352657	3.467
22.5819403153443	3.526
22.6764590654697	3.268
23.0347513881707	3.293
23.1094874604953	3.388
23.1512161213035	3.261
23.1778424627452	3.351
23.2035708284408	3.242
23.3305663680508	3.483
23.3908395885857	3.13
23.4958619338021	3.094
23.7550231764088	3.236
23.7975001503388	3.173
23.824398605643	3.19
23.8722498283566	3.091
23.8846310090985	3.229
23.8993795804438	3.152
23.9214480146893	3.292
23.939339501146	3.028
24.0055039868032	3.117
24.0231097537043	3.319
24.0329602755254	3.013
24.0650969226819	3.044
24.0862673811813	3.228
24.0908661054568	3.33
24.0964036225579	3.007
24.1137644869828	3.019
24.1341049982017	3.227
24.138118677673	3.296
24.1412343813982	2.99
24.1694117718559	3.233
24.1711533005756	3.337
24.1745411181632	3.069
24.3457007376505	3.089
24.370204590965	3.018
24.3727896726584	3.163
24.3753475429655	3.01
24.4564238682854	3.073
24.4617028772172	3.102
24.5128738890527	3.01
24.5324660871499	3.073
24.5764668987096	3.02
24.5805350009534	3.065
24.5867800140968	3.012
24.5875283272186	3.073
24.5969298611666	2.997
24.6135152010835	3.065
24.6192023808089	3
24.619760214227	3.137
24.6203044419519	3.006
25.8811440236598	2.897
26.4039835989902	2.728
26.9373675864909	2.569
27.4815272829451	3.182
44.5231341187543	1.233
64.4573793409778	0.6366
84.3916245632012	0.3818
104.326005842356	0.2502
124.260251064579	0.1742
144.194496286803	0.1268
164.128197281301	0.0955
184.063258845112	0.07392
203.996959839611	0.05852
203.999680978235	0.1665
