# https://doi.org/10.1063/1.479970 
# photo_energies [eV]	cross_sections [Mb]
7.973334139766365 0.004276801632245857
8.112592451786826 0.004290612483087101
8.251850763807285 0.004285428195337391
8.391109075827746 0.004268192434418039
8.530367387848207 0.004259600566897684
8.669625699868666 0.004223703184231579
8.808884011889127 0.004189796494553029
8.948142323909588 0.004184734021368585
9.087400635930047 0.004181362437988904
9.226658947950508 0.004151140165062692
9.365917259970969 0.004097950032069097
9.505175571991428 0.004040553393445623
9.644433884011889 0.0039759409534338075
9.78369219603235 0.0039456130122784575
9.922950508052809 0.0039060599963495995
10.06220882007327 0.0038389540719920056
10.20146713209373 0.0037775654042696426
10.340725444114192 0.0037321689842150898
10.47998375613465 0.0036665725521574876
10.619242068155112 0.003600677654373856
10.758500380175573 0.003538818184079931
10.897758692196032 0.003476620076877926
11.037017004216493 0.003423783983917106
11.176275316236953 0.003366319910820523
11.315533628257413 0.003293852432015557
11.454791940277874 0.003230747594478139
11.594050252298334 0.00315992488551911
11.733308564318794 0.003094393626889107
11.872566876339254 0.0030192505136135395
12.011825188359715 0.0029435586504485004
12.151083500380174 0.0028848387206071462
12.290341812400635 0.0028102505214507934
12.429600124421096 0.0027431127015218044
12.568858436441555 0.0026808180218037057
12.708116748462016 0.002611504826898255
12.847375060482477 0.0025460350471892992
12.986633372502936 0.0024852094228450163
13.125891684523397 0.0024268147657498036
13.265149996543858 0.002364068886137779
13.404408308564319 0.0023159754376591486
13.543666620584778 0.002262468854363076
13.68292493260524 0.002211089349402696
13.8221832446257 0.0021643628371402473
13.96144155664616 0.002109252584583416
14.10069986866662 0.0020588618385884963
14.239958180687081 0.0020226753766994015
14.37921649270754 0.0019799305795170424
14.518474804728001 0.0019388703177777927
14.657733116748462 0.0018902633187473116
14.796991428768921 0.001840648164905396
14.936249740789382 0.0018010241435968658
15.075508052809843 0.0017643849989565615
15.214766364830304 0.0017222332543198585
15.354024676850763 0.0016770285111408147
15.493282988871224 0.0016349858214014918
15.632541300891685 0.0016056021880364471
15.771799612912144 0.001565350138540597
15.911057924932605 0.0015335054293274428
16.050316236953066 0.0015035199187158918
16.189574548973525 0.0014640559078917758
16.328832860993987 0.0014308079506274215
16.468091173014447 0.0013955002304769266
16.607349485034906 0.0013698684076781523
16.74660779705537 0.0013382199813312089
16.885866109075828 0.001307829693289766
17.02512442109629 0.0012807076163480905
17.16438273311675 0.0012546535338616633
17.30364104513721 0.0012276443425841372
17.44289935715767 0.0011983155108020135
17.58215766917813 0.0011744107713087544
17.72141598119859 0.0011458918133928487
17.860674293219052 0.001117164589219104
17.99993260523951 0.0010939965696361413
18.13919091725997 0.001070445874716154
18.278449229280433 0.0010410896259567936
18.417707541300892 0.0010203213257276044
18.55696585332135 0.0009935401894477613
18.696224165341814 0.0009694134260163882
18.835482477362273 0.0009485446587084204
18.974740789382732 0.0009288735185377204
19.113999101403195 0.0009019446677130423
19.253257413423654 0.0008839521172330914
19.392515725444113 0.0008604035481600447
19.531774037464572 0.0008398482211378792
19.671032349485035 0.0008174745840813316
19.810290661505494 0.0007989101563912905
19.949548973525957 0.0007776271133008718
20.088807285546416 0.0007572161533698318
20.228065597566875 0.0007391260075396948
20.367323909587338 0.0007191457417465181
20.506582221607797 0.0006991418449254884
20.645840533628256 0.0006840912709542066
20.78509884564872 0.000662654610457944
20.924357157669178 0.0006431844180697816
21.063615469689637 0.000624537942633358
21.2028737817101 0.0006056993012739646
21.34213209373056 0.0005879025761941681
21.481390405751018 0.0005683337184327241
21.62064871777148 0.0005498592415523945
21.75990702979194 0.0005317709533513175
21.8991653418124 0.0005136563067429159
21.981454344369943 0.0005072790288034507
