
# https://doi.org/10.1063/1.479970 
# photo_energies [eV]	cross_sections [Mb]
7.794745618397839 0.05233089695639711
7.934378883390881 0.05228843109239608
8.074010772957752 0.05228843109239608
8.21364472566388 0.052224796901118496
8.353289681779385 0.05182357484138451
8.49293463789489 0.05142543520897947
8.632568590601018 0.051362851270003784
8.77221079586418 0.051051072177933185
8.911847499422652 0.05090622363777576
9.05149176782507 0.0505356403242323
9.19115666762007 0.04956055385329958
9.330813314858041 0.04884160587009007
9.470461021825889 0.04838774771177016
9.610120419916202 0.04760845151697769
9.74977500401491 0.04697498943706116
9.889433714392137 0.046237210315087554
10.029099301900224 0.04532665995342195
10.168759387703624 0.044578564817813346
10.308422224359365 0.04377168972306142
10.448087811867453 0.042909692910614416
10.58775339937554 0.04206467141964502
10.72742173773597 0.04116939264753519
10.867089388383317 0.04030952709819063
11.006758414456833 0.039435593257126665
11.146431566808864 0.0384867599734866
11.2861047191609 0.03756075592926672
11.425774432947502 0.03673150438221772
11.565457213282741 0.035644597537213135
11.705131741060946 0.03475874765791234
11.844812458256925 0.03377131500079028
11.984490424600562 0.03286525133858348
12.124169078657282 0.03197051707230714
12.263844981861663 0.03115067759424434
12.40353120076233 0.03016762206811479
12.54320847939288 0.029370162453443344
12.68288919658886 0.028535809678799883
12.822563036653982 0.027837926813713727
12.962240315284529 0.027102051034708273
13.101921032480508 0.02633213117079256
13.241601061963404 0.025594470229485074
13.381273526602353 0.02498880000305493
13.5209508052329 0.02432823886314989
13.660622582158762 0.023762176178651697
13.800301923928572 0.02310588620667417
13.939974388567517 0.022559106093423615
14.079642726927947 0.022078971859122123
14.219324131837016 0.0214430428392966
14.35899178248436 0.02099518260563989
14.49866906111491 0.020440189898795213
14.638344276606201 0.019924115361459438
14.778020867523665 0.019405310735424872
14.917694707588787 0.01893072690527034
15.05737061079316 0.01844527472349099
15.197037573727421 0.0180673581969106
15.336712789218712 0.01761119298667936
15.47638869242309 0.01715957841836923
15.61606597105364 0.0167059771778558
15.755746688249623 0.016231390820576723
15.895417777462395 0.01586015980674993
16.035099870084547 0.015397096881427156
16.174768896158064 0.015063278923552276
16.314442736223185 0.014694885512918816
16.45412139027991 0.014294827181644746
16.5937966057712 0.013933910949428283
16.73346700727089 0.013620753661273164
16.873132594778976 0.013352519871044192
17.012798870000147 0.013084256326652163
17.152478211769957 0.012722880914172894
17.292150676408905 0.012421805326554214
17.431822453334764 0.012132778220686976
17.57149835653914 0.011821649985212936
17.711173572030432 0.01152317660620466
17.850846724382468 0.011245925204762799
17.990524690726104 0.010944203931081494
18.130197843078136 0.010680882801739084
18.269864806012396 0.010462047236004496
18.409531768946653 0.010247695288873274
18.54920767215103 0.009984907385319042
18.688881512216152 0.009740712605071991
18.82855741542053 0.009490925567845136
18.968234006337994 0.009243791077775265
19.107907158690026 0.009021382438340806
19.247589939025264 0.008754434419506497
19.387264466803472 0.008536866675452993
19.526946559425625 0.008287619095101154
19.66663484146555 0.008016310152510692
19.80630042897364 0.007858444786956605
19.945981146169615 0.007635200696197039
20.08566461421794 0.007406263736362196
20.225349457692438 0.0071783614345485745
20.36503292574076 0.006963122528747476
20.504720520067604 0.006737907594214212
20.644401237263583 0.006546495922404933
20.78408951930351 0.006332185531688457
20.923778489056524 0.006122405306384367
21.06345851853942 0.005950893960337948
21.203149551431686 0.005746743401663062
21.342837833471616 0.005558614234799494
21.48253643120783 0.0053440068708254075
21.622233653517878 0.005141857635578808
21.761929500401752 0.004951373132672302
21.895279474784033 0.004765043150558653
