7.566828953810956 1.2912622350026148
7.717413381323257 1.2914517645975905
7.868002510998825 1.288252138819639
8.01860966563358 1.2721827354648385
8.169210550717313 1.2607225878870287
8.319820056433699 1.2433621146293854
8.470413104578654 1.2375690237745625
8.621004585335857 1.2328822030662385
8.771623495378776 1.2095325581021394
8.922242405421695 1.186625133748082
9.072866801321757 1.160588566568616
9.223488846140185 1.1366154679990765
9.374106188795352 1.1160660423910267
9.52473136838929 1.0910997670297395
9.675354196901598 1.0680942099829487
9.825977809107783 1.0451159654936772
9.976600637620091 1.023079965036882
10.127227384601788 0.9993181972217803
10.277847078338583 0.9799628207670719
10.428465204687626 0.9618243222961645
10.579097437526464 0.9366098835866443
10.729735156222448 0.9092650180550608
10.880374442306186 0.8819457599717353
11.0310286185736 0.8483594838277739
11.181674957902239 0.8196335471540266
11.33232599939414 0.7898024445061973
11.482973122416656 0.7627252141791364
11.633621812826927 0.7359314802540422
11.784272070624954 0.7094573709022025
11.934913707790326 0.6872380071381009
12.085564749282227 0.6622255273468439
12.23621657446801 0.63784402188896
12.386866048572156 0.6151677934935328
12.537508469431405 0.595640580990777
12.688150890290654 0.5767332189290892
12.838791743762147 0.5589153121812876
12.998885753922654 0.5490222309003436
13.147427875189752 0.5298805852557638
13.290723708503162 0.5060308732993578
13.44136064350527 0.49147217743871163
13.592002280670641 0.4760798515029633
13.746045932958967 0.46644708008580477
13.893284771307506 0.4469219730714535
14.043926408472878 0.43292490672028366
14.194558641311716 0.421575683922233
14.345201845864842 0.40801493949473244
14.49584113194858 0.3957559553563654
14.646473364787422 0.38538112489206766
14.797109516095649 0.37445750506368347
14.947755855424287 0.36177816006604735
15.09838965565088 0.35198566289715894
15.249029725428496 0.34126063261066536
15.399665093042845 0.33173284031632
15.550296542187809 0.32317787780350077
15.700939746740936 0.3127822767936386
15.85157668174304 0.30378341471087966
16.002215967826782 0.2946561115120032
16.152846633277864 0.2871830392087575
16.303481217198335 0.279287333301281
16.454115017424932 0.2717276718221031
16.60474411548826 0.26506815454998367
16.755377132020975 0.25800632885946584
16.906002311614916 0.25223475548782176
17.056631409678246 0.24605297172050758
17.20726599359872 0.23928808091178008
17.357912332927356 0.23118564981966794
17.508546133153953 0.22492798954262577
17.65918541923769 0.21816993146883937
17.809819219464284 0.21226457655229292
17.960447533833737 0.20715307612339323
18.111091522080738 0.2004018480825421
18.26172375491958 0.1951482690259336
18.4123497182074 0.1906992985869065
18.56299527384216 0.1843228082066957
18.713634559925897 0.17878475024993715
18.86426836015249 0.17394546100057148
19.014899809297454 0.16945963169070885
19.165548499707725 0.1635066932036131
19.316187002097582 0.1586635274849343
19.466823153405812 0.1541662131565244
19.61746479057118 0.14933791013120987
19.768106427736555 0.14466082383248496
19.91874493012641 0.14037588399856113
20.069394404230565 0.13538532910187273
20.220036041395932 0.13114522109959528
20.370680029642937 0.12687112915425627
20.52133185482872 0.12220004807963282
20.671979761545114 0.11795893160882863
20.822633154118652 0.11351651489958157
20.973286546692187 0.10924140274243108
21.123933669714702 0.10549621982500235
21.274597250308645 0.10094686221593369
21.425254561351572 0.09693266678471378
21.575916574557763 0.09283386666187653
21.72658328992722 0.08867509455620591
21.877247654215044 0.08481397342432878
