# https://doi.org/10.1063/1.479970 
# photo_energies [eV]	cross_sections [Mb]
7.670099430846799 0.0201668804501531
7.82069404637951 0.020055346569485363
7.9712823923612 0.020014420951543606
8.121867603567381 0.020008595010800663
8.27246927234499 0.019819671586405272
8.423072508510355 0.019615345459952735
8.573658503410412 0.01960105055827797
8.724260172188023 0.019415975214845903
8.874847734475836 0.019384841030953327
9.025464293437121 0.01904270995774559
9.17609025672494 0.018608576188054234
9.326702897216837 0.01832021371440967
9.477322590953634 0.017965377152682954
9.62794620315982 0.017578882380313667
9.778558843651716 0.01730647626198054
9.929181672164024 0.016941573675659058
10.079798231125311 0.01664256483807168
10.230413222698841 0.016363157822756186
10.381036051211149 0.016018144862317334
10.531654961254068 0.01571477606147941
10.682278573460252 0.015376699173635782
10.83291550846236 0.01493430583674313
10.983559496709363 0.014447588930470361
11.134199566486979 0.014007369781853005
11.284842771040108 0.013556797396021955
11.435488326674868 0.013103493221215004
11.586137800779014 0.01263764609422893
11.73678805857704 0.012183024388777533
11.887432046824046 0.011785973196417297
12.038086223091458 0.011337139528445598
12.188735697195607 0.01093408869395393
12.339378118054857 0.010587008961059775
12.490028375852884 0.010206156068549672
12.640667661936622 0.009899507724954728
12.791313217571382 0.009568493839509156
12.941957205818383 0.009256651577125742
13.092593357126614 0.008994271984091301
13.243243614924637 0.008670715584567772
13.393876631457356 0.008439714308031065
13.544514350153339 0.008193311983090474
13.695154419930955 0.007943661135263158
13.845788220157552 0.007728644620271003
13.996429857322923 0.007486592633408301
14.14706600863115 0.007274385323669821
14.297698241469988 0.007083685693143504
14.448339878635359 0.006861833055251581
14.598980732106853 0.006649839888420513
14.749617667108957 0.006458521529075604
14.900255385804943 0.006269961269526438
15.050893888194803 0.0060842412792126545
15.201532390584664 0.0059040224257192525
15.352177162525546 0.005709106670168384
15.502815664915406 0.0055399995274117994
15.653454167305267 0.005375901439028075
15.804089534919619 0.0052258094934259924
15.954732739472743 0.005057711878526016
16.105367323393217 0.004918656989812464
16.25600112361981 0.004785520333252881
16.406632572764774 0.004662107930018175
16.557267156685246 0.004533929632212854
16.70790174060572 0.0044092754218535745
16.85853318975068 0.004295565890090956
17.00916228781401 0.004190289916367837
17.159792169571215 0.004085804497661128
17.310421267634545 0.003985669368102105
17.461068390657058 0.0038490264794426698
17.611702190883655 0.0037448422442858615
17.76234226066127 0.0036307366123759554
17.91297527719399 0.003534008172370368
18.063605158951194 0.003445887223468793
18.214247579810444 0.0033365047545149576
18.364884514812548 0.003240512275554396
18.515527719365675 0.0031362753367107496
18.66615916851064 0.0030553948368788474
18.81678983396172 0.0029779038715165703
18.96743617329036 0.0028770703455592425
19.118071540904708 0.002796744266166482
19.2687123943762 0.002710340142220693
19.41935873370484 0.0026185664769597574
19.56999410131919 0.002545457670618558
19.72063965695395 0.0024603441622301886
19.8712750245683 0.0023916528280701235
20.021923714978573 0.0023076365816877653
20.172567703225575 0.0022324294880257623
20.323213258860335 0.002157782830904432
20.47385959818897 0.0020847190718048256
20.624509855987 0.002009724208620313
20.775156979009513 0.0019408237314576919
20.925817424827947 0.0018603845552471116
21.076469250013727 0.0017918897988319549
21.227123426281143 0.001723651015525092
21.37779170903836 0.0016449935796300618
21.52845215485679 0.0015768153487725092
21.679120437614007 0.0015048586411227347
21.82979655730999 0.0014299103518817676
21.932515509779424 0.0013924014824043928
