# https://doi.org/10.1063/1.479970 
# photo_energies [eV]	cross_sections [Mb]
7.568158098627481 0.6144340960083992
7.7187409587520275 0.6150627145436309
7.869326169958207 0.6148836776913135
8.019911381164388 0.614704692954323
8.170517752105262 0.6073028657971761
8.321125690433895 0.5994649279497212
8.471727359211505 0.5938047120808877
8.622312570417684 0.5936318631599105
8.772918157664684 0.5867406556059116
8.923533149238214 0.5768900432188061
9.074159112526033 0.5637381625402826
9.224785859507726 0.5506449383695684
9.375398499999626 0.5421120267204743
9.52601584265479 0.532310918889404
9.67663788747322 0.5213155131997655
9.827263850761037 0.5094306150184564
9.977881193416202 0.5002203703750205
10.128505589316264 0.4892446874003401
10.279129201522448 0.4787194135648592
10.429743409402102 0.4708884929785756
10.58037250746543 0.4593479309474619
10.731003956610394 0.4475019396797613
10.881646377469641 0.4332969283577343
11.03228879832889 0.41954282535311777
11.182936705045282 0.4049820292259892
11.33358696284331 0.39041336513846064
11.484234869559703 0.3768635459744633
11.63488042519446 0.36426220557434025
11.78552362974759 0.35254505284761295
11.93617545493337 0.3395652162584201
12.08682101056813 0.3282110353517752
12.237474403141665 0.31585037586020626
12.388119175082547 0.30542287233589244
12.538767865492819 0.2946936883206332
12.689410286352068 0.2853392547239428
12.840050356129684 0.27664494563291037
12.990696695458322 0.26727758976449106
13.141335197848182 0.2593606682320711
13.291976835013553 0.25123779958639003
13.442619255872803 0.243262782114511
13.59325854195654 0.23595384732136393
13.743889207407626 0.22996958264002632
13.894531628266876 0.22266968014695307
14.045170130656736 0.21607407148808344
14.19580706565884 0.20985754033128665
14.346448702824215 0.203285050963348
14.497086421520198 0.19735002670128596
14.647719438052913 0.19209231669477997
14.798361858912163 0.18599474863624502
14.948998793914267 0.18064361075128343
15.099642782161272 0.174756340172795
15.250279717163377 0.16972853546651923
15.400919786940992 0.16455689390482162
15.551557505636975 0.15975256051588596
15.70219208955745 0.15536038178807865
15.852828240865676 0.15095669505453427
16.00346282478615 0.14680634664886538
16.154100543482134 0.14252025072072555
16.30472729046383 0.13921011542113157
16.455364225465935 0.13520498878147147
16.60599097244763 0.13206475570032325
16.75662634006198 0.12837758688717835
16.90725151965592 0.12550579430259595
17.057892373127416 0.12162835068430597
17.20851833641523 0.11885547988487205
17.35915527141734 0.11543596365707201
17.50979769227659 0.11177169089013993
17.660433059890938 0.10865109228184991
17.81106686011753 0.10571015877339153
17.96169674187474 0.1030742623506055
18.11233446057072 0.10006494983625196
18.262974530348338 0.09701596309975581
18.41360676318718 0.0944726680315004
18.564242914495406 0.09179484225568361
18.714885335354655 0.08888100734699296
18.865520702969004 0.08639950290144364
19.016158421664986 0.08387701960264653
19.166797707748728 0.0813568985155224
19.317436993832462 0.07891249554909278
19.46807706361008 0.07650802572557586
19.618717133387694 0.07417682028296563
19.769356419471436 0.07194814585156006
19.919998056636803 0.06969481522114397
20.070650665516464 0.06709943546572679
20.22129073529408 0.0650549104937344
20.371931588765573 0.06304506904430944
20.522590467196256 0.0604850590430127
20.673239157606524 0.05836028258575836
20.82389019909843 0.05623622167290639
20.974542807978086 0.05414202928875426
21.125195416857746 0.05212582297143546
21.27585978114557 0.049856142655910964
21.426517875882375 0.04785263255409929
21.577185374945707 0.04568891860375786
21.727848955539653 0.043718656258387396
21.87851723829687 0.041723590336639055
