7.767266666618254 0.17981966205049205
7.906888240488833 0.18091785663444004
8.046520130055704 0.18091785663444004
8.18616646159738 0.17938225301938526
8.325803852868939 0.17880069562887588
8.465457749254561 0.1764932591355616
8.605099266804638 0.17549314211470837
8.744740096641626 0.17456953722487598
8.884365796790721 0.1752084367285032
9.024016942324002 0.17322838984952507
9.16367152642271 0.17092347102443914
9.303327485947595 0.16851236395660013
9.442971754350012 0.16728564027243076
9.582623587596379 0.16532800800238204
9.722285736539035 0.16240146641208425
9.861941008350831 0.16017557718414618
10.001603845006574 0.15727638820070547
10.141258429105283 0.15518372135654546
10.280924704326456 0.15206594766849962
10.42059097954763 0.14901081272042524
10.560257254768803 0.14601705804646264
10.699926968555406 0.14279335106067684
10.83959461920275 0.13981096353060743
10.979265020702439 0.1366687859788414
11.118936797628301 0.1334888147399256
11.258609949980332 0.13027703015757977
11.3982865408978 0.1268847427367521
11.537957630110572 0.1239827393159731
11.677639722732724 0.12036286343472552
11.817321815354877 0.11684867566351587
11.956999781698514 0.11371369738407301
12.096682562033752 0.11034884211510768
12.236357777525043 0.10756275118728076
12.376043308712624 0.10421056881474787
12.515724713621694 0.10120904658333832
12.655404743104587 0.09837380472284243
12.795073081465016 0.09628007675284557
12.934748296956311 0.09384919444153171
13.07443245271772 0.09099823761620181
13.214111106774443 0.088520872069011
13.353782883700301 0.08646119307788581
13.493456036052336 0.0843809084679744
13.63313469010906 0.08208369523664917
13.772812656452693 0.07988144005316446
13.912487871943988 0.07786459102087723
14.05215896115676 0.07608373617082681
14.191832113508795 0.07425313657132608
14.331511455278601 0.07220233160492653
14.471179105925948 0.07069431087552323
14.610853633704153 0.06893739535162217
14.75052953690853 0.06716959165622818
14.890203376973648 0.06552686598629416
15.02988753273506 0.06353628666446004
15.169557246521663 0.062133557600394525
15.309238651430729 0.060343957403646016
15.448911803782764 0.058892062033952565
15.588592520978743 0.05721904590949656
15.728269799609293 0.05570650116202431
15.867935387117381 0.054609471855226896
16.007610602608672 0.05323069024598664
16.147287881239222 0.05182357484138451
16.286955531886566 0.05074118562492241
16.4266286842386 0.04952033608784634
16.56630802600841 0.048152628865281016
16.70597980293427 0.04703222691122042
16.8456481412947 0.0460312217223625
16.985318542794392 0.04499669432963262
17.12498894429408 0.043985417393576795
17.264663472072286 0.04289227903934468
17.404337312137404 0.04184328877332495
17.544013903054868 0.04075373014598967
17.683688430833072 0.03974090662082036
17.823359520045848 0.03883198530789505
17.963036110963316 0.03782083810008414
18.102712701880776 0.03683602018416383
18.242386541945898 0.03593514414125994
18.382063132863358 0.03499942786580775
18.52173353436305 0.0342128342125817
18.661413563845944 0.03325440546534672
18.80108602848489 0.03246746972854864
18.940757117697668 0.03172490047881807
19.080422705205752 0.031100141342011584
19.220108236393337 0.030130908550555204
19.359787578163147 0.02929871990841951
19.499461418228265 0.028582179013901445
19.63914282313733 0.027758941537049563
19.778823540333313 0.026970360611448068
19.918507008381635 0.026161670360894503
20.058182911586012 0.025490790683677614
20.197863628781995 0.024766643789070012
20.337551223108832 0.023965592531313758
20.4772326280179 0.02327532416803946
20.616926411762513 0.02244037951273185
20.756612630663184 0.0217322042564571
20.896298161850765 0.021054922286438137
21.035984380751433 0.0203904693979483
21.175674038217533 0.01970694866931723
21.315367134249065 0.019007724484188138
21.45505816714133 0.018355648073744932
21.594747136894345 0.017747540182836998
21.734442296065136 0.017097005825755237
21.874147083219125 0.01637698601559464
21.950325061761674 0.016231390820576723
