7.9986538328609935 0.23280816724856906
8.137912144881454 0.23224590935785608
8.277170456901915 0.23224590935785608
8.416428768922374 0.23224590935785608
8.555687080942835 0.23121862766824852
8.694945392963296 0.22825593571682318
8.834203704983755 0.22816396583432288
8.973462017004216 0.22770467197691382
9.112720329024677 0.22542203389513768
9.251978641045136 0.2236124098243637
9.391236953065597 0.22030281535369414
9.530495265086058 0.21906334952661594
9.669753577106519 0.21625640776314342
9.809011889126978 0.2127982541853604
9.948270201147439 0.210665046313419
10.0875285131679 0.20729630412835284
10.22678682518836 0.20472262571752362
10.36604513720882 0.200800474284579
10.505303449229281 0.19743028119228123
10.64456176124974 0.19396025556345345
10.783820073270201 0.19039769441725538
10.923078385290662 0.1872775580977516
11.062336697311121 0.18406013858567868
11.201595009331582 0.1805338466881827
11.340853321352043 0.17728932903449468
11.480111633372502 0.1738226891678133
11.619369945392963 0.1699437397041132
11.758628257413424 0.1662183245596294
11.897886569433883 0.16211659302755219
12.037144881454344 0.1582435736838654
12.176403193474805 0.15402794972345848
12.315661505495264 0.15077290764048817
12.454919817515725 0.14687463784046814
12.594178129536186 0.14313483125781765
12.733436441556645 0.13949024978333596
12.872694753577106 0.13604808083193143
13.011953065597567 0.1327978469176029
13.151211377618027 0.12999145638250387
13.290469689638487 0.12683479181115567
13.429728001658948 0.12360525132480099
13.568986313679408 0.12065228074713244
13.708244625699868 0.1182454343744294
13.847502937720328 0.1151881702211691
13.98676124974079 0.11243628651143273
14.126019561761249 0.11028219074058096
14.26527787378171 0.10764751251285727
14.40453618580217 0.10524529872287687
14.54379449782263 0.1030211707188828
14.68305280984309 0.10027667686297857
14.822311121863551 0.09803894734791073
14.961569433884012 0.09573533838050112
15.100827745904471 0.09341053674121097
15.240086057924932 0.0910320638793875
15.379344369945393 0.08896477249165194
15.518602681965852 0.08694442822891484
15.657860993986313 0.08510704888787303
15.797119306006774 0.08287318057877341
15.936377618027233 0.08102381971052217
16.075635930047696 0.07940750640616338
16.214894242068155 0.07760420274458195
16.354152554088614 0.07587242203138429
16.493410866109077 0.07388094187403749
16.632669178129536 0.072174051245538
16.77192749015 0.07056344736688284
16.911185802170458 0.06904441315090468
17.050444114190917 0.06761255402163133
17.18970242621138 0.06621038912064553
17.32896073823184 0.06452450207633365
17.468219050252298 0.06316091858373861
17.60747736227276 0.06195085845256815
17.74673567429322 0.06051959164629929
17.88599398631368 0.05869407104232402
18.02525229833414 0.057453700891279214
18.1645106103546 0.05623954323639085
18.30376892237506 0.05487384291589647
18.443027234395522 0.05367092808190005
18.58228554641598 0.05226218712649362
18.72154385843644 0.05126092890499236
18.860802170456903 0.04989533284890031
19.000060482477362 0.048742587988245274
19.13931879449782 0.047616475292121305
19.278577106518284 0.04636665008332768
19.417835418538743 0.045277178665997383
19.557093730559203 0.044106526318795636
19.696352042579665 0.042966141469666555
19.835610354600124 0.0418889909363842
19.974868666620583 0.04067459267267013
20.114126978641046 0.03970286312126596
20.253385290661505 0.03870752216857421
20.392643602681964 0.0375853574502696
20.531901914702427 0.03661357899110033
20.671160226722886 0.03563818973972075
20.810418538743345 0.034577126852095075
20.949676850763808 0.03352062630987905
21.088935162784267 0.032509505905358255
21.228193474804726 0.03154159394172734
21.36745178682519 0.030540897008339094
21.506710098845648 0.029524316211343698
21.645968410866107 0.02850708681788386
21.78522672288657 0.02768064158821097
21.92448503490703 0.026834862441437807
