7.566459833994574 1.587038728708786
7.717058367996674 1.5748097342794216
7.8676537672232625 1.5654145340824235
8.018250733837608 1.554713179139973
8.168859455860117 1.5339759569459004
8.319472096352015 1.5102051376749368
8.470067495578604 1.5011953637967714
8.62067386651948 1.4831190602655089
8.771291992868521 1.4556674547181248
8.921920307237972 1.4206138205226233
9.07253294772987 1.398599685145489
9.223163613180954 1.3631283809300214
9.373786441693262 1.334387170751823
9.5244186745321 1.2994059140381546
9.675038368268897 1.2742382640307754
9.82566668263835 1.2435535895603316
9.97629186223229 1.2157354317056528
10.126920176601741 1.1864595521334382
10.277537519256905 1.1650089710090696
10.4281642662386 1.1379507999787826
10.578801201240704 1.1052115335121904
10.729445189487711 1.0691921065466217
10.880094663591859 1.0311808630848776
11.03073630075723 0.9988855009628009
11.181388909636887 0.9616877955244192
11.332042302210425 0.9254699536565052
11.482688641539063 0.8941330124317287
11.633335764561576 0.8634789600303338
11.783991508216747 0.8298688239437543
11.934633145382119 0.8038783162234037
12.085279484710757 0.7766585372907264
12.235929742508784 0.7487193288223283
12.386577649225174 0.7227340208999572
12.537228690717079 0.6964296403149913
12.68786719310694 0.6758009792286522
12.838515099823333 0.6523464003718216
12.989153602213193 0.6330235111305235
13.139803076317342 0.6105186584934157
13.290441578707203 0.592434731899983
13.441087134341963 0.5726252496582773
13.591731122588968 0.5539630906658157
13.742365706509439 0.5387326311667278
13.8930112621442 0.5207188080137558
14.043648980840182 0.5055161222056838
14.194285132148408 0.4911872784211306
14.344922850844394 0.47684678264522
14.495559002152621 0.46333057068371475
14.646202990399626 0.44823038294081025
14.796844627564997 0.43419233874370905
14.947484697342613 0.42096246470605436
15.098118497569207 0.4095679854398385
15.248761702122334 0.39639349035377835
15.399398637124438 0.3849891026539262
15.550029302575524 0.37522500380211166
15.700668588659262 0.36395120736802744
15.851304739967492 0.35363501809829295
16.001938540194086 0.34406293692867485
16.15255901762476 0.3372512119844772
16.303202222177887 0.32640291672456867
16.45383288762897 0.31812468151622253
16.604464336773933 0.3099206558846971
16.75509735330665 0.30166389017300926
16.905721749206712 0.29504487299670856
17.056353198351676 0.2874360458884864
17.206988565966025 0.27941100379036116
17.35764195853956 0.2688881879674609
17.5082741913784 0.26183922426582157
17.65890250574785 0.2555339267504455
17.80954100813771 0.2479648595168738
17.96017402467043 0.2413586920643756
18.110810175978656 0.23451738504622388
18.261440057735864 0.2286696638480217
18.412078560125725 0.22189633209534904
18.56271236035232 0.2158901121415693
18.713352430129937 0.20931192377953547
18.863990932519798 0.20311197982679854
19.01462551644027 0.19752769301300832
19.16526010036074 0.19209693854745882
19.315904872301623 0.1857550385314839
19.466542590997605 0.18033181308888402
19.617185795550732 0.1745311141332553
19.767820379471207 0.169732619233636
19.918465935105964 0.16405720027944393
20.069111490740724 0.15857155262820483
20.21974842574283 0.15400939026089264
20.370401818316367 0.14820928780705916
20.52104345548174 0.1435675486214959
20.671690578504254 0.1386455436206805
20.822336917832892 0.13395092632451377
20.972997363651327 0.12839921032292956
21.123648405143232 0.12372603651697288
21.27430336510452 0.11896219447830263
21.424960676147446 0.11423161160450111
21.575626607823025 0.10916205449913112
21.72628391886595 0.10482117841032654
21.876945148378265 0.10043278200185259
