# Energies [eV] of the continuum solutions to the Morse potential with psi(L)=0 where L = 10 Angstrom
7.08575334e-04
2.95780240e-03
6.39327016e-03
1.08106027e-02
1.61159051e-02
2.22517025e-02
2.91776496e-02
3.68633934e-02
4.52850944e-02
5.44234470e-02
6.42624447e-02
7.47885624e-02
8.59901892e-02
9.78572228e-02
1.10380770e-01
1.23552921e-01
1.37366578e-01
1.51815320e-01
1.66893296e-01
1.82595140e-01
1.98915902e-01
2.15850995e-01
2.33396143e-01
2.51547348e-01
2.70300856e-01
2.89653128e-01
3.09600819e-01
3.30140758e-01
3.51269933e-01
3.72985472e-01
3.95284633e-01
4.18164794e-01
4.41623440e-01
4.65658158e-01
4.90266627e-01
5.15446610e-01
5.41195954e-01
5.67512576e-01
5.94394465e-01
6.21839674e-01
6.49846318e-01
6.78412567e-01
7.07536647e-01
7.37216835e-01
7.67451456e-01
7.98238879e-01
8.29577519e-01
8.61465831e-01
8.93902308e-01
9.26885481e-01
9.60413916e-01
9.94486215e-01
