# Energies of the continuum solutions to the Morse potential with psi(L)=0 where L = 16 Angstrom
# E [eV] | E [a.u.] | norm [a.u.] | density of states [a.u.]
1.61182065e-04 5.92332807e-06 2.53512359e-03 5.27384255e+04
6.77151255e-04 2.48848346e-05 4.18520059e-03 3.90123622e+04
1.55619642e-03 5.71891291e-05 5.29467800e-03 2.59862894e+04
2.77144046e-03 1.01848497e-04 6.20558848e-03 1.98436322e+04
4.29877926e-03 1.57977129e-04 7.05156601e-03 1.62441347e+04
6.12174545e-03 2.24969860e-04 7.89099579e-03 1.38479933e+04
8.22879311e-03 3.02402387e-04 8.75703856e-03 1.21221470e+04
1.06112806e-02 3.89957135e-04 9.67315296e-03 1.08119386e+04
1.32623775e-02 4.87383090e-04 1.06588800e-02 9.77914227e+03
1.61764727e-02 5.94474049e-04 1.17324498e-02 8.94162597e+03
1.93488327e-02 7.11056056e-04 1.29121826e-02 8.24723516e+03
2.27753879e-02 8.36979563e-04 1.42173869e-02 7.66112907e+03
2.64525904e-02 9.72114182e-04 1.56690430e-02 7.15908251e+03
3.03773125e-02 1.11634497e-03 1.72904020e-02 6.72369484e+03
3.45467718e-02 1.26956968e-03 1.91075703e-02 6.34212534e+03
3.89584746e-02 1.43169667e-03 2.11501195e-02 6.00467941e+03
4.36101708e-02 1.60264325e-03 2.34517520e-02 5.70389289e+03
4.84998188e-02 1.78233439e-03 2.60510477e-02 5.43392033e+03
5.36255560e-02 1.97070165e-03 2.89923127e-02 5.19011515e+03
5.89856758e-02 2.16768229e-03 3.23265576e-02 4.96873468e+03
6.45786072e-02 2.37321861e-03 3.61126277e-02 4.76672870e+03
7.04028989e-02 2.58725725e-03 4.04185189e-02 4.58158496e+03
7.64572051e-02 2.80974877e-03 4.53229104e-02 4.41121453e+03
8.27402734e-02 3.04064713e-03 5.09169555e-02 4.25386542e+03
8.92509350e-02 3.27990939e-03 5.73063769e-02 4.10805667e+03
9.59880958e-02 3.52749533e-03 6.46139203e-02 3.97252737e+03
1.02950729e-01 3.78336721e-03 7.29822319e-02 3.84619689e+03
1.10137867e-01 4.04748951e-03 8.25772348e-02 3.72813340e+03
1.17548598e-01 4.31982870e-03 9.35920932e-02 3.61752893e+03
1.25182060e-01 4.60035309e-03 1.06251873e-01 3.51367918e+03
1.33037436e-01 4.88903263e-03 1.20819019e-01 3.41596727e+03
1.41113948e-01 5.18583879e-03 1.37599805e-01 3.32385047e+03
1.49410857e-01 5.49074442e-03 1.56951921e-01 3.23684919e+03
1.57927460e-01 5.80372362e-03 1.79293413e-01 3.15453806e+03
1.66663084e-01 6.12475167e-03 2.05113229e-01 3.07653831e+03
1.75617084e-01 6.45380491e-03 2.34983637e-01 3.00251156e+03
1.84788844e-01 6.79086068e-03 2.69574896e-01 2.93215447e+03
1.94177773e-01 7.13589722e-03 3.09672561e-01 2.86519431e+03
2.03783300e-01 7.48889362e-03 3.56197932e-01 2.80138511e+03
2.13604879e-01 7.84982976e-03 4.10232208e-01 2.74050446e+03
2.23641981e-01 8.21868626e-03 4.73045054e-01 2.68235070e+03
2.33894099e-01 8.59544442e-03 5.46128376e-01 2.62674057e+03
2.44360740e-01 8.98008616e-03 6.31236304e-01 2.57350708e+03
2.55041430e-01 9.37259402e-03 7.30432512e-01 2.52249775e+03
2.65935707e-01 9.77295109e-03 8.46146274e-01 2.47357308e+03
2.77043127e-01 1.01811410e-02 9.81238884e-01 2.42660514e+03
2.88363256e-01 1.05971478e-02 1.13908239e+00 2.38147639e+03
2.99895676e-01 1.10209562e-02 1.32365296e+00 2.33807867e+03
3.11639977e-01 1.14525510e-02 1.53964169e+00 2.29631225e+03
3.23595765e-01 1.18919178e-02 1.79258606e+00 2.25608498e+03
3.35762653e-01 1.23390424e-02 2.08902609e+00 2.21731166e+03
3.48140265e-01 1.27939110e-02 2.43668981e+00 2.17991331e+03
3.60728235e-01 1.32565101e-02 2.84471358e+00 2.14381665e+03
3.73526207e-01 1.37268266e-02 3.32390416e+00 2.10895358e+03
3.86533832e-01 1.42048477e-02 3.88705021e+00 2.07526074e+03
3.99750769e-01 1.46905610e-02 4.54929297e+00 2.04267907e+03
4.13176688e-01 1.51839541e-02 5.32856731e+00 2.01115347e+03
4.26811263e-01 1.56850151e-02 6.24612689e+00 1.98063246e+03
4.40654176e-01 1.61937325e-02 7.32716951e+00 1.95106791e+03
4.54705118e-01 1.67100948e-02 8.60158214e+00 1.92241473e+03
4.68963783e-01 1.72340908e-02 1.01048288e+01 1.89463067e+03
4.83429875e-01 1.77657095e-02 1.18790088e+01 1.86767607e+03
4.98103100e-01 1.83049403e-02 1.39741192e+01 1.84151367e+03
5.12983174e-01 1.88517726e-02 1.64495601e+01 1.81610844e+03
5.28069816e-01 1.94061961e-02 1.93759315e+01 1.79142741e+03
5.43362750e-01 1.99682007e-02 2.28371774e+01 1.76743951e+03
5.58861707e-01 2.05377765e-02 2.69331462e+01 1.74411544e+03
5.74566422e-01 2.11149138e-02 3.17826490e+01 1.72142755e+03
5.90476634e-01 2.16996030e-02 3.75271122e+01 1.69934972e+03
6.06592087e-01 2.22918346e-02 4.43349438e+01 1.67785725e+03
6.22912531e-01 2.28915995e-02 5.24067518e+01 1.65692678e+03
6.39437718e-01 2.34988885e-02 6.19815837e+01 1.63653618e+03
6.56167406e-01 2.41136928e-02 7.33443900e+01 1.61666447e+03
6.73101355e-01 2.47360036e-02 8.68349520e+01 1.59729178e+03
6.90239331e-01 2.53658122e-02 1.02858566e+02 1.57839922e+03
7.07581102e-01 2.60031102e-02 1.21898832e+02 1.55996887e+03
7.25126440e-01 2.66478891e-02 1.44532963e+02 1.54198370e+03
7.42875123e-01 2.73001407e-02 1.71450125e+02 1.52442751e+03
7.60826928e-01 2.79598570e-02 2.03473395e+02 1.50728488e+03
7.78981638e-01 2.86270299e-02 2.41586085e+02 1.49054113e+03
7.97339040e-01 2.93016516e-02 2.86963272e+02 1.47418227e+03
8.15898922e-01 2.99837143e-02 3.41009611e+02 1.45819498e+03
8.34661076e-01 3.06732103e-02 4.05404660e+02 1.44256653e+03
8.53625297e-01 3.13701321e-02 4.82157245e+02 1.42728477e+03
8.72791382e-01 3.20744723e-02 5.73670662e+02 1.41233813e+03
8.92159133e-01 3.27862236e-02 6.82820923e+02 1.39771551e+03
9.11728351e-01 3.35053787e-02 8.13050637e+02 1.38340632e+03
9.31498844e-01 3.42319305e-02 9.68481711e+02 1.36940045e+03
9.51470419e-01 3.49658719e-02 1.15405065e+03 1.35568819e+03
9.71642887e-01 3.57071960e-02 1.37567101e+03 1.34226026e+03
9.92016062e-01 3.64558959e-02 1.64042855e+03 1.33564861e+03
