# Natrium photoionization cross section
# https://royalsocietypublishing.org/doi/10.1098/rspa.1968.0083
# Figure 3 curve (a)
# photon energy (angstrom) cross section (Mb)
6.72839e+2 2.34346e-1
6.60399e+2 2.34346e-1
6.47958e+2 2.33892e-1
6.85280e+2 2.33827e-1
6.35518e+2 2.32853e-1
6.96684e+2 2.32684e-1
6.26879e+2 2.31330e-1
7.07742e+2 2.30768e-1
6.18190e+2 2.30320e-1
7.16381e+2 2.29151e-1
7.24675e+2 2.27577e-1
7.32968e+2 2.25856e-1
7.41262e+2 2.24103e-1
7.49556e+2 2.22431e-1
7.57849e+2 2.20758e-1
7.66143e+2 2.19184e-1
7.74436e+2 2.17528e-1
7.82730e+2 2.15921e-1
7.91024e+2 2.14265e-1
7.99317e+2 2.12706e-1
8.07957e+2 2.11013e-1
8.17978e+2 2.09177e-1
8.28000e+2 2.07434e-1
8.36984e+2 2.05746e-1
8.47006e+2 2.04164e-1
8.57373e+2 2.02515e-1
8.68211e+2 2.00780e-1
8.79709e+2 1.99293e-1
8.91019e+2 1.97604e-1
9.02988e+2 1.96618e-1
9.15428e+2 1.95385e-1
9.27869e+2 1.94562e-1
9.40309e+2 1.94064e-1
9.52750e+2 1.93718e-1
9.65190e+2 1.93350e-1
9.77631e+2 1.92939e-1
9.90071e+2 1.92398e-1
1.00251e+3 1.91791e-1
1.01495e+3 1.91142e-1
1.02739e+3 1.90384e-1
1.03983e+3 1.89670e-1
1.05227e+3 1.88804e-1
1.06471e+3 1.87852e-1
1.07715e+3 1.86943e-1
1.09004e+3 1.85755e-1
1.10204e+3 1.84800e-1
1.11551e+3 1.83339e-1
1.12726e+3 1.82037e-1
1.13964e+3 1.80638e-1
1.15227e+3 1.79162e-1
1.16377e+3 1.77698e-1
1.17460e+3 1.76215e-1
1.18497e+3 1.74631e-1
1.19482e+3 1.73128e-1
1.20171e+3 1.71599e-1
1.20985e+3 1.70059e-1
1.21800e+3 1.68427e-1
1.22437e+3 1.66834e-1
1.23059e+3 1.65276e-1
1.23666e+3 1.63417e-1
1.24318e+3 1.61766e-1
1.24890e+3 1.59468e-1
1.25526e+3 1.57358e-1
1.26090e+3 1.55434e-1
1.26583e+3 1.53371e-1
1.27205e+3 1.51423e-1
1.27620e+3 1.49583e-1
1.27983e+3 1.47624e-1
1.28553e+3 1.45877e-1
1.28890e+3 1.43858e-1
1.29279e+3 1.41715e-1
1.29649e+3 1.39929e-1
1.30108e+3 1.38414e-1
1.30523e+3 1.36769e-1
1.30938e+3 1.35080e-1
1.31352e+3 1.33414e-1
1.31767e+3 1.31790e-1
2.42729e+3 1.30362e-1
1.32167e+3 1.30114e-1
1.32769e+3 1.28226e-1
2.41761e+3 1.27245e-1
1.33405e+3 1.26072e-1
2.41347e+3 1.24929e-1
1.34240e+3 1.24233e-1
2.40701e+3 1.22722e-1
1.34892e+3 1.22341e-1
1.35706e+3 1.20464e-1
2.40000e+3 1.20088e-1
1.36536e+3 1.18484e-1
2.39273e+3 1.17461e-1
1.37400e+3 1.16480e-1
2.38859e+3 1.15383e-1
1.38367e+3 1.14676e-1
2.38444e+3 1.13565e-1
1.39266e+3 1.12858e-1
2.37926e+3 1.11357e-1
1.40233e+3 1.11083e-1
2.37615e+3 1.09928e-1
1.41097e+3 1.09425e-1
1.41927e+3 1.07948e-1
2.37200e+3 1.07850e-1
2.36785e+3 1.06292e-1
1.42791e+3 1.06234e-1
1.43758e+3 1.04705e-1
2.36371e+3 1.04214e-1
1.44657e+3 1.03088e-1
2.35956e+3 1.02396e-1
1.45659e+3 1.01396e-1
2.35541e+3 1.00318e-1
1.46661e+3 9.96685e-2
2.35126e+3 9.84996e-2
1.47559e+3 9.81388e-2
2.34712e+3 9.66814e-2
1.48562e+3 9.65126e-2
1.49598e+3 9.46943e-2
2.34090e+3 9.36943e-2
1.50600e+3 9.31748e-2
1.51464e+3 9.16488e-2
2.33866e+3 9.15477e-2
1.52527e+3 8.99929e-2
2.33520e+3 8.89540e-2
1.53365e+3 8.83984e-2
2.33112e+3 8.72378e-2
1.54333e+3 8.69265e-2
2.32742e+3 8.54636e-2
1.55231e+3 8.51804e-2
2.32327e+3 8.36941e-2
1.56199e+3 8.35931e-2
1.57063e+3 8.19246e-2
2.31774e+3 8.17027e-2
1.57892e+3 8.03012e-2
2.31360e+3 7.99495e-2
1.58721e+3 7.86453e-2
2.30980e+3 7.84213e-2
1.59536e+3 7.71077e-2
2.30600e+3 7.68109e-2
1.60188e+3 7.55122e-2
2.30185e+3 7.51875e-2
1.60987e+3 7.37867e-2
2.29676e+3 7.35084e-2
1.61639e+3 7.19870e-2
2.29262e+3 7.18201e-2
2.28817e+3 7.01503e-2
1.62369e+3 6.98332e-2
2.28206e+3 6.83529e-2
1.63041e+3 6.78930e-2
2.27766e+3 6.66375e-2
1.63663e+3 6.59449e-2
2.27325e+3 6.48626e-2
1.64285e+3 6.39679e-2
2.26902e+3 6.28279e-2
1.64897e+3 6.21909e-2
2.26470e+3 6.11937e-2
1.65312e+3 6.05026e-2
2.25865e+3 5.95522e-2
1.65726e+3 5.85359e-2
2.25411e+3 5.79793e-2
1.66141e+3 5.68105e-2
2.24990e+3 5.63920e-2
1.66538e+3 5.47585e-2
2.24448e+3 5.42293e-2
1.67059e+3 5.27288e-2
2.23815e+3 5.23371e-2
1.67430e+3 5.08039e-2
2.23338e+3 5.05209e-2
1.67844e+3 4.88396e-2
2.22864e+3 4.87769e-2
1.68215e+3 4.69773e-2
2.22479e+3 4.68882e-2
1.68622e+3 4.50733e-2
2.21857e+3 4.50354e-2
2.21235e+3 4.30873e-2
1.69103e+3 4.29883e-2
2.20613e+3 4.12907e-2
1.69518e+3 4.10774e-2
2.20074e+3 3.93556e-2
1.69906e+3 3.90179e-2
2.19299e+3 3.73152e-2
1.70377e+3 3.70699e-2
1.70851e+3 3.53036e-2
2.18450e+3 3.51589e-2
1.71265e+3 3.37711e-2
2.17813e+3 3.33901e-2
1.71576e+3 3.21996e-2
2.17191e+3 3.17451e-2
1.71991e+3 3.04464e-2
2.16555e+3 3.00938e-2
1.72406e+3 2.86931e-2
2.15844e+3 2.84550e-2
1.72820e+3 2.70047e-2
2.15133e+3 2.66986e-2
2.14481e+3 2.50845e-2
1.73132e+3 2.48781e-2
2.13681e+3 2.33961e-2
1.73592e+3 2.33034e-2
2.13030e+3 2.18562e-2
1.74432e+3 2.13080e-2
2.12215e+3 2.03650e-2
1.74687e+3 1.93422e-2
2.11386e+3 1.87091e-2
1.75464e+3 1.74753e-2
2.10557e+3 1.70532e-2
2.09727e+3 1.55759e-2
1.76138e+3 1.55597e-2
2.08863e+3 1.39670e-2
1.76804e+3 1.37299e-2
2.07913e+3 1.25239e-2
1.77486e+3 1.20261e-2
2.06617e+3 1.07490e-2
1.78138e+3 9.87925e-3
2.05566e+3 9.50718e-3
1.78862e+3 8.52149e-3
2.04958e+3 8.23814e-3
2.03714e+3 7.02599e-3
1.80043e+3 7.02599e-3
2.02470e+3 5.74891e-3
1.81218e+3 5.49458e-3
2.01226e+3 4.75322e-3
1.82566e+3 4.38525e-3
1.99982e+3 3.84411e-3
1.83810e+3 3.41120e-3
1.98738e+3 3.15146e-3
1.97494e+3 2.56703e-3
1.84973e+3 2.41493e-3
1.96250e+3 2.06919e-3
1.86298e+3 1.78780e-3
1.95006e+3 1.63628e-3
1.87625e+3 1.47177e-3
1.93710e+3 1.11138e-3
1.88786e+3 1.08432e-3
1.91274e+3 8.35397e-4
1.90030e+3 8.35397e-4
1.92592e+3 8.16844e-4
