# e- + B+ + LiH -> B + LiH+ + e-
# ICEC cross section
# R = 6.0 Angstrom
# Number of initial vibrational states: 3
# Number of final vibrational states: 7
# E_in [eV] | xs [Mb]
1.000e-01 1.303e+01 3.289e+01 3.930e+01
1.010e-01 1.290e+01 3.255e+01 3.889e+01
1.020e-01 1.276e+01 3.221e+01 3.849e+01
1.031e-01 1.263e+01 3.187e+01 3.809e+01
1.041e-01 1.250e+01 3.154e+01 3.769e+01
1.051e-01 1.237e+01 3.121e+01 3.730e+01
1.062e-01 1.224e+01 3.088e+01 3.691e+01
1.073e-01 1.211e+01 3.056e+01 3.652e+01
1.084e-01 1.199e+01 3.024e+01 3.614e+01
1.095e-01 1.186e+01 2.992e+01 3.576e+01
1.106e-01 1.174e+01 2.961e+01 3.539e+01
1.117e-01 1.162e+01 2.930e+01 3.502e+01
1.128e-01 1.150e+01 2.899e+01 3.465e+01
1.139e-01 1.138e+01 2.869e+01 3.429e+01
1.151e-01 1.126e+01 2.838e+01 3.393e+01
1.163e-01 1.114e+01 2.809e+01 3.358e+01
1.174e-01 1.102e+01 2.779e+01 3.322e+01
1.186e-01 1.091e+01 2.750e+01 3.288e+01
1.198e-01 1.079e+01 2.721e+01 3.253e+01
1.210e-01 1.068e+01 2.692e+01 3.219e+01
1.222e-01 1.057e+01 2.664e+01 3.185e+01
1.235e-01 1.046e+01 2.636e+01 3.152e+01
1.247e-01 1.035e+01 2.608e+01 3.119e+01
1.260e-01 1.024e+01 2.580e+01 3.086e+01
1.273e-01 1.013e+01 2.553e+01 3.053e+01
1.285e-01 1.003e+01 2.526e+01 3.021e+01
1.298e-01 9.921e+00 2.499e+01 2.989e+01
1.311e-01 9.816e+00 2.473e+01 2.958e+01
1.325e-01 9.713e+00 2.447e+01 2.927e+01
1.338e-01 9.611e+00 2.421e+01 2.896e+01
1.352e-01 9.509e+00 2.395e+01 2.865e+01
1.365e-01 9.409e+00 2.370e+01 2.835e+01
1.379e-01 9.310e+00 2.345e+01 2.805e+01
1.393e-01 9.212e+00 2.320e+01 2.775e+01
1.407e-01 9.114e+00 2.295e+01 2.746e+01
1.421e-01 9.018e+00 2.271e+01 2.717e+01
1.435e-01 8.923e+00 2.247e+01 2.688e+01
1.450e-01 8.828e+00 2.223e+01 2.660e+01
1.465e-01 8.735e+00 2.199e+01 2.632e+01
1.479e-01 8.642e+00 2.176e+01 2.604e+01
1.494e-01 8.551e+00 2.152e+01 2.576e+01
1.509e-01 8.460e+00 2.129e+01 2.549e+01
1.525e-01 8.370e+00 2.107e+01 2.522e+01
1.540e-01 8.282e+00 2.084e+01 2.495e+01
1.556e-01 8.194e+00 2.062e+01 2.468e+01
1.571e-01 8.107e+00 2.040e+01 2.442e+01
1.587e-01 8.020e+00 2.018e+01 2.416e+01
1.603e-01 7.935e+00 1.996e+01 2.390e+01
1.619e-01 7.850e+00 1.975e+01 2.365e+01
1.636e-01 7.766e+00 1.954e+01 2.340e+01
1.652e-01 7.683e+00 1.933e+01 2.315e+01
1.669e-01 7.601e+00 1.912e+01 2.290e+01
1.686e-01 7.520e+00 1.892e+01 2.265e+01
1.703e-01 7.439e+00 1.871e+01 2.241e+01
1.720e-01 7.360e+00 1.851e+01 2.217e+01
1.737e-01 7.281e+00 1.832e+01 2.193e+01
1.755e-01 7.203e+00 1.812e+01 2.170e+01
1.772e-01 7.126e+00 1.792e+01 2.147e+01
1.790e-01 7.049e+00 1.773e+01 2.124e+01
1.808e-01 6.973e+00 1.754e+01 2.101e+01
1.827e-01 6.898e+00 1.735e+01 2.078e+01
1.845e-01 6.824e+00 1.716e+01 2.056e+01
1.864e-01 6.751e+00 1.698e+01 2.034e+01
1.883e-01 6.678e+00 1.679e+01 2.012e+01
1.902e-01 6.606e+00 1.661e+01 1.990e+01
1.921e-01 6.535e+00 1.643e+01 1.969e+01
1.940e-01 6.464e+00 1.625e+01 1.947e+01
1.960e-01 6.394e+00 1.608e+01 1.926e+01
1.979e-01 6.325e+00 1.590e+01 1.905e+01
1.999e-01 6.257e+00 1.573e+01 1.885e+01
2.020e-01 6.189e+00 1.556e+01 1.864e+01
2.040e-01 6.122e+00 1.539e+01 1.844e+01
2.061e-01 6.055e+00 1.522e+01 1.824e+01
2.081e-01 5.990e+00 1.506e+01 1.804e+01
2.102e-01 5.925e+00 1.489e+01 1.785e+01
2.124e-01 5.860e+00 1.473e+01 1.765e+01
2.145e-01 5.796e+00 1.457e+01 1.746e+01
2.167e-01 5.733e+00 1.441e+01 1.727e+01
2.189e-01 5.671e+00 1.425e+01 1.708e+01
2.211e-01 5.609e+00 1.409e+01 1.690e+01
2.233e-01 5.548e+00 1.394e+01 1.671e+01
2.255e-01 5.487e+00 1.379e+01 1.653e+01
2.278e-01 5.427e+00 1.364e+01 1.635e+01
2.301e-01 5.368e+00 1.349e+01 1.617e+01
2.324e-01 5.309e+00 1.334e+01 1.599e+01
2.348e-01 5.251e+00 1.319e+01 1.582e+01
2.372e-01 5.193e+00 1.304e+01 1.564e+01
2.396e-01 5.136e+00 1.290e+01 1.547e+01
2.420e-01 5.079e+00 1.276e+01 1.530e+01
2.444e-01 5.023e+00 1.262e+01 1.513e+01
2.469e-01 4.968e+00 1.248e+01 1.497e+01
2.494e-01 4.914e+00 1.234e+01 1.480e+01
2.519e-01 4.860e+00 1.220e+01 1.464e+01
2.544e-01 4.806e+00 1.207e+01 1.448e+01
2.570e-01 4.753e+00 1.193e+01 1.432e+01
2.596e-01 4.701e+00 1.180e+01 1.416e+01
2.622e-01 4.649e+00 1.167e+01 1.400e+01
2.649e-01 4.597e+00 1.154e+01 1.385e+01
2.675e-01 4.546e+00 1.141e+01 1.369e+01
2.702e-01 4.496e+00 1.128e+01 1.354e+01
2.730e-01 4.446e+00 1.115e+01 1.339e+01
2.757e-01 4.396e+00 1.103e+01 1.324e+01
2.785e-01 4.347e+00 1.091e+01 1.309e+01
2.813e-01 4.299e+00 1.078e+01 1.295e+01
2.841e-01 4.251e+00 1.066e+01 1.280e+01
2.870e-01 4.203e+00 1.054e+01 1.266e+01
2.899e-01 4.156e+00 1.042e+01 1.252e+01
2.928e-01 4.109e+00 1.031e+01 1.238e+01
2.958e-01 4.063e+00 1.019e+01 1.224e+01
2.988e-01 4.018e+00 1.007e+01 1.210e+01
3.018e-01 3.972e+00 9.959e+00 1.197e+01
3.048e-01 3.928e+00 9.847e+00 1.183e+01
3.079e-01 3.883e+00 9.735e+00 1.170e+01
3.110e-01 3.840e+00 9.625e+00 1.157e+01
3.142e-01 3.796e+00 9.516e+00 1.144e+01
3.173e-01 3.753e+00 9.407e+00 1.131e+01
3.205e-01 3.711e+00 9.302e+00 1.118e+01
3.238e-01 3.669e+00 9.197e+00 1.105e+01
3.270e-01 3.627e+00 9.093e+00 1.092e+01
3.303e-01 3.586e+00 8.991e+00 1.080e+01
3.337e-01 3.545e+00 8.889e+00 1.067e+01
3.370e-01 3.505e+00 8.788e+00 1.055e+01
3.404e-01 3.465e+00 8.689e+00 1.043e+01
3.439e-01 3.425e+00 8.590e+00 1.031e+01
3.473e-01 3.386e+00 8.493e+00 1.019e+01
3.508e-01 3.347e+00 8.396e+00 1.007e+01
3.544e-01 3.309e+00 8.301e+00 9.949e+00
3.580e-01 3.271e+00 8.206e+00 9.833e+00
3.616e-01 3.233e+00 8.112e+00 9.717e+00
3.652e-01 3.196e+00 8.020e+00 9.604e+00
3.689e-01 3.159e+00 7.928e+00 9.491e+00
3.726e-01 3.123e+00 7.837e+00 9.379e+00
3.764e-01 3.087e+00 7.748e+00 9.269e+00
3.802e-01 3.051e+00 7.659e+00 9.159e+00
3.840e-01 3.016e+00 7.571e+00 9.051e+00
3.879e-01 2.980e+00 7.484e+00 8.944e+00
3.918e-01 2.946e+00 7.398e+00 8.838e+00
3.958e-01 2.911e+00 7.313e+00 8.733e+00
3.998e-01 2.877e+00 7.228e+00 8.629e+00
4.038e-01 2.843e+00 7.145e+00 8.526e+00
4.079e-01 2.810e+00 7.062e+00 8.424e+00
4.120e-01 2.777e+00 6.980e+00 8.324e+00
4.161e-01 2.745e+00 6.899e+00 8.224e+00
4.203e-01 2.713e+00 6.819e+00 8.126e+00
4.246e-01 2.681e+00 6.740e+00 8.028e+00
4.289e-01 2.650e+00 6.661e+00 7.931e+00
4.332e-01 2.619e+00 6.583e+00 7.836e+00
4.376e-01 2.588e+00 6.507e+00 7.741e+00
4.420e-01 2.557e+00 6.430e+00 7.647e+00
4.465e-01 2.527e+00 6.355e+00 7.555e+00
4.510e-01 2.497e+00 6.280e+00 7.463e+00
4.555e-01 2.467e+00 6.206e+00 7.372e+00
4.601e-01 2.438e+00 6.132e+00 7.282e+00
4.647e-01 2.409e+00 6.059e+00 7.193e+00
4.694e-01 2.380e+00 5.987e+00 7.105e+00
4.742e-01 2.352e+00 5.916e+00 7.018e+00
4.790e-01 2.324e+00 5.845e+00 6.932e+00
4.838e-01 2.296e+00 5.775e+00 6.846e+00
4.887e-01 2.269e+00 5.706e+00 6.760e+00
4.936e-01 2.241e+00 5.638e+00 6.676e+00
4.986e-01 2.214e+00 5.570e+00 6.593e+00
5.036e-01 2.188e+00 5.503e+00 6.510e+00
5.087e-01 2.161e+00 5.437e+00 6.429e+00
5.138e-01 2.135e+00 5.371e+00 6.348e+00
5.190e-01 2.109e+00 5.306e+00 6.268e+00
5.243e-01 2.084e+00 5.241e+00 6.189e+00
5.296e-01 2.059e+00 5.177e+00 6.111e+00
5.349e-01 2.034e+00 5.114e+00 6.034e+00
5.403e-01 2.009e+00 5.052e+00 5.957e+00
5.457e-01 1.985e+00 4.990e+00 5.882e+00
5.513e-01 1.961e+00 4.929e+00 5.807e+00
5.568e-01 1.937e+00 4.868e+00 5.732e+00
5.624e-01 1.913e+00 4.808e+00 5.659e+00
5.681e-01 1.890e+00 4.749e+00 5.587e+00
5.738e-01 1.867e+00 4.690e+00 5.515e+00
5.796e-01 1.844e+00 4.632e+00 5.444e+00
5.855e-01 1.821e+00 4.575e+00 5.373e+00
5.914e-01 1.799e+00 4.517e+00 5.304e+00
5.974e-01 1.777e+00 4.460e+00 5.235e+00
6.034e-01 1.755e+00 4.403e+00 5.167e+00
6.095e-01 1.733e+00 4.346e+00 5.100e+00
6.156e-01 1.712e+00 4.291e+00 5.033e+00
6.218e-01 1.690e+00 4.236e+00 4.967e+00
6.281e-01 1.669e+00 4.181e+00 4.902e+00
6.345e-01 1.649e+00 4.127e+00 4.838e+00
6.409e-01 1.628e+00 4.073e+00 4.774e+00
6.473e-01 1.608e+00 4.021e+00 4.712e+00
6.539e-01 1.588e+00 3.968e+00 4.649e+00
6.605e-01 1.568e+00 3.916e+00 4.588e+00
6.671e-01 1.548e+00 3.865e+00 4.527e+00
6.739e-01 1.529e+00 3.814e+00 4.467e+00
6.807e-01 1.509e+00 3.764e+00 4.407e+00
6.875e-01 1.490e+00 3.715e+00 4.349e+00
6.945e-01 1.471e+00 3.666e+00 4.290e+00
7.015e-01 1.452e+00 3.617e+00 4.233e+00
7.086e-01 1.434e+00 3.569e+00 4.176e+00
7.157e-01 1.415e+00 3.521e+00 4.119e+00
7.229e-01 1.397e+00 3.474e+00 4.064e+00
7.302e-01 1.379e+00 3.428e+00 4.009e+00
7.376e-01 1.361e+00 3.382e+00 3.954e+00
7.450e-01 1.344e+00 3.336e+00 3.900e+00
7.526e-01 1.326e+00 3.291e+00 3.847e+00
7.602e-01 1.309e+00 3.247e+00 3.794e+00
7.678e-01 1.292e+00 3.203e+00 3.742e+00
7.756e-01 1.275e+00 3.159e+00 3.690e+00
7.834e-01 1.259e+00 3.116e+00 3.639e+00
7.913e-01 1.242e+00 3.073e+00 3.588e+00
7.993e-01 1.226e+00 3.031e+00 3.537e+00
8.074e-01 1.210e+00 2.989e+00 3.487e+00
8.155e-01 1.193e+00 2.948e+00 3.438e+00
8.237e-01 1.177e+00 2.907e+00 3.389e+00
8.321e-01 1.162e+00 2.867e+00 3.341e+00
8.404e-01 1.146e+00 2.827e+00 3.293e+00
8.489e-01 1.131e+00 2.788e+00 3.246e+00
8.575e-01 1.115e+00 2.749e+00 3.200e+00
8.662e-01 1.100e+00 2.710e+00 3.154e+00
8.749e-01 1.085e+00 2.672e+00 3.108e+00
8.837e-01 1.070e+00 2.634e+00 3.063e+00
8.926e-01 1.055e+00 2.597e+00 3.019e+00
9.017e-01 1.041e+00 2.561e+00 2.975e+00
9.107e-01 1.026e+00 2.525e+00 2.931e+00
9.199e-01 1.012e+00 2.489e+00 2.888e+00
9.292e-01 9.978e-01 2.453e+00 2.846e+00
9.386e-01 9.839e-01 2.419e+00 2.805e+00
9.481e-01 9.701e-01 2.385e+00 2.764e+00
9.576e-01 9.564e-01 2.351e+00 2.724e+00
9.673e-01 9.428e-01 2.318e+00 2.684e+00
9.771e-01 9.292e-01 2.285e+00 2.645e+00
9.869e-01 9.157e-01 2.252e+00 2.606e+00
9.969e-01 9.024e-01 2.220e+00 2.567e+00
1.007e+00 8.892e-01 2.188e+00 2.529e+00
1.017e+00 8.761e-01 2.157e+00 2.492e+00
1.027e+00 8.632e-01 2.126e+00 2.455e+00
1.038e+00 8.505e-01 2.096e+00 2.418e+00
1.048e+00 8.379e-01 2.066e+00 2.382e+00
1.059e+00 8.254e-01 2.037e+00 2.346e+00
1.069e+00 8.131e-01 2.008e+00 2.310e+00
1.080e+00 8.009e-01 1.978e+00 2.275e+00
1.091e+00 7.889e-01 1.950e+00 2.240e+00
1.102e+00 7.771e-01 1.921e+00 2.205e+00
1.113e+00 7.655e-01 1.893e+00 2.171e+00
1.125e+00 7.540e-01 1.865e+00 2.137e+00
1.136e+00 7.428e-01 1.837e+00 2.104e+00
1.147e+00 7.318e-01 1.810e+00 2.071e+00
1.159e+00 7.210e-01 1.783e+00 2.038e+00
1.171e+00 7.103e-01 1.756e+00 2.006e+00
1.182e+00 6.997e-01 1.729e+00 1.974e+00
1.194e+00 6.893e-01 1.702e+00 1.942e+00
1.206e+00 6.789e-01 1.676e+00 1.911e+00
1.219e+00 6.687e-01 1.649e+00 1.880e+00
1.231e+00 6.587e-01 1.624e+00 1.850e+00
1.243e+00 6.486e-01 1.598e+00 1.821e+00
1.256e+00 6.387e-01 1.572e+00 1.792e+00
1.269e+00 6.289e-01 1.547e+00 1.763e+00
1.281e+00 6.192e-01 1.523e+00 1.735e+00
1.294e+00 6.096e-01 1.498e+00 1.706e+00
1.307e+00 5.999e-01 1.473e+00 1.679e+00
1.321e+00 5.903e-01 1.449e+00 1.651e+00
1.334e+00 5.808e-01 1.425e+00 1.624e+00
1.347e+00 5.715e-01 1.401e+00 1.598e+00
1.361e+00 5.623e-01 1.378e+00 1.571e+00
1.375e+00 5.531e-01 1.355e+00 1.545e+00
1.389e+00 5.441e-01 1.333e+00 1.520e+00
1.403e+00 5.354e-01 1.311e+00 1.494e+00
1.417e+00 5.268e-01 1.289e+00 1.469e+00
1.431e+00 5.182e-01 1.267e+00 1.444e+00
1.445e+00 5.098e-01 1.246e+00 1.419e+00
1.460e+00 5.014e-01 1.224e+00 1.394e+00
1.475e+00 4.932e-01 1.204e+00 1.370e+00
1.490e+00 4.850e-01 1.183e+00 1.347e+00
1.505e+00 4.770e-01 1.163e+00 1.323e+00
1.520e+00 4.692e-01 1.143e+00 1.300e+00
1.535e+00 4.615e-01 1.123e+00 1.277e+00
1.551e+00 4.539e-01 1.104e+00 1.255e+00
1.566e+00 4.463e-01 1.084e+00 1.233e+00
1.582e+00 4.388e-01 1.066e+00 1.212e+00
1.598e+00 4.315e-01 1.047e+00 1.190e+00
1.614e+00 4.242e-01 1.029e+00 1.169e+00
1.631e+00 4.170e-01 1.011e+00 1.149e+00
1.647e+00 4.099e-01 9.932e-01 1.128e+00
1.664e+00 4.029e-01 9.754e-01 1.108e+00
1.680e+00 3.958e-01 9.579e-01 1.088e+00
1.697e+00 3.889e-01 9.405e-01 1.068e+00
1.714e+00 3.820e-01 9.235e-01 1.049e+00
1.732e+00 3.752e-01 9.066e-01 1.029e+00
1.749e+00 3.685e-01 8.900e-01 1.010e+00
1.767e+00 3.619e-01 8.736e-01 9.916e-01
1.785e+00 3.554e-01 8.579e-01 9.731e-01
1.803e+00 3.488e-01 8.425e-01 9.549e-01
1.821e+00 3.423e-01 8.272e-01 9.369e-01
1.839e+00 3.361e-01 8.122e-01 9.195e-01
1.858e+00 3.300e-01 7.972e-01 9.024e-01
1.877e+00 3.240e-01 7.822e-01 8.856e-01
1.896e+00 3.181e-01 7.675e-01 8.691e-01
1.915e+00 3.122e-01 7.529e-01 8.527e-01
1.934e+00 3.066e-01 7.384e-01 8.367e-01
1.954e+00 3.010e-01 7.241e-01 8.208e-01
1.973e+00 2.954e-01 7.100e-01 8.051e-01
1.993e+00 2.898e-01 6.962e-01 7.897e-01
2.013e+00 2.844e-01 6.828e-01 7.744e-01
2.034e+00 2.790e-01 6.696e-01 7.594e-01
2.054e+00 2.736e-01 6.567e-01 7.447e-01
2.075e+00 2.683e-01 6.440e-01 7.301e-01
2.096e+00 2.630e-01 6.316e-01 7.157e-01
2.117e+00 2.578e-01 6.193e-01 7.016e-01
2.138e+00 2.526e-01 6.071e-01 6.875e-01
2.160e+00 2.475e-01 5.950e-01 6.731e-01
2.182e+00 2.425e-01 5.831e-01 6.591e-01
2.204e+00 2.376e-01 5.712e-01 6.452e-01
2.226e+00 2.329e-01 5.595e-01 6.315e-01
2.248e+00 2.282e-01 5.479e-01 6.181e-01
2.271e+00 2.235e-01 5.367e-01 6.049e-01
2.294e+00 2.188e-01 5.256e-01 5.918e-01
2.317e+00 2.143e-01 5.148e-01 5.788e-01
2.341e+00 2.098e-01 5.043e-01 5.660e-01
2.364e+00 2.054e-01 4.940e-01 5.534e-01
2.388e+00 2.010e-01 4.839e-01 5.410e-01
2.412e+00 1.968e-01 4.738e-01 5.289e-01
2.437e+00 1.927e-01 4.638e-01 5.169e-01
2.461e+00 1.886e-01 4.538e-01 5.049e-01
2.486e+00 1.846e-01 4.439e-01 4.932e-01
2.511e+00 1.807e-01 4.342e-01 4.817e-01
2.536e+00 1.769e-01 4.245e-01 4.703e-01
2.562e+00 1.731e-01 4.151e-01 4.592e-01
2.588e+00 1.694e-01 4.059e-01 4.482e-01
2.614e+00 1.658e-01 3.968e-01 4.374e-01
2.640e+00 1.622e-01 3.878e-01 4.268e-01
2.667e+00 1.585e-01 3.789e-01 4.164e-01
2.694e+00 1.550e-01 3.701e-01 4.062e-01
2.721e+00 1.514e-01 3.615e-01 3.962e-01
2.749e+00 1.480e-01 3.530e-01 3.863e-01
2.776e+00 1.446e-01 3.448e-01 3.766e-01
2.804e+00 1.413e-01 3.368e-01 3.671e-01
2.833e+00 1.381e-01 3.288e-01 3.578e-01
2.861e+00 1.350e-01 3.209e-01 3.486e-01
2.890e+00 1.318e-01 3.129e-01 3.396e-01
2.919e+00 1.287e-01 3.050e-01 3.308e-01
2.949e+00 1.256e-01 2.973e-01 3.221e-01
2.978e+00 1.226e-01 2.897e-01 3.136e-01
3.008e+00 1.196e-01 2.822e-01 3.053e-01
3.039e+00 1.166e-01 2.749e-01 2.972e-01
3.070e+00 1.138e-01 2.678e-01 2.893e-01
3.100e+00 1.109e-01 2.608e-01 2.817e-01
3.132e+00 1.081e-01 2.541e-01 2.741e-01
3.163e+00 1.054e-01 2.475e-01 2.667e-01
3.195e+00 1.027e-01 2.410e-01 2.595e-01
3.228e+00 1.002e-01 2.346e-01 2.525e-01
3.260e+00 9.776e-02 2.284e-01 2.456e-01
3.293e+00 9.539e-02 2.223e-01 2.388e-01
3.326e+00 9.305e-02 2.163e-01 2.322e-01
3.360e+00 9.075e-02 2.105e-01 2.257e-01
3.394e+00 8.849e-02 2.048e-01 2.193e-01
3.428e+00 8.627e-02 1.992e-01 2.130e-01
3.463e+00 8.405e-02 1.937e-01 2.069e-01
3.498e+00 8.181e-02 1.883e-01 2.010e-01
3.533e+00 7.949e-02 1.830e-01 1.953e-01
3.568e+00 7.722e-02 1.779e-01 1.898e-01
3.604e+00 7.502e-02 1.729e-01 1.844e-01
3.641e+00 7.290e-02 1.680e-01 1.791e-01
3.678e+00 7.094e-02 1.632e-01 1.738e-01
3.715e+00 6.901e-02 1.585e-01 1.687e-01
3.752e+00 6.714e-02 1.538e-01 1.637e-01
3.790e+00 6.531e-02 1.492e-01 1.588e-01
3.828e+00 6.349e-02 1.447e-01 1.540e-01
3.867e+00 6.171e-02 1.404e-01 1.492e-01
3.906e+00 5.997e-02 1.363e-01 1.446e-01
3.945e+00 5.828e-02 1.323e-01 1.401e-01
3.985e+00 5.664e-02 1.283e-01 1.359e-01
4.025e+00 5.501e-02 1.245e-01 1.317e-01
4.066e+00 5.337e-02 1.207e-01 1.276e-01
4.107e+00 5.176e-02 1.171e-01 1.236e-01
4.149e+00 5.018e-02 1.135e-01 1.197e-01
4.190e+00 4.865e-02 1.100e-01 1.160e-01
4.233e+00 4.722e-02 1.065e-01 1.123e-01
4.275e+00 4.582e-02 1.032e-01 1.088e-01
4.319e+00 4.450e-02 1.000e-01 1.054e-01
4.362e+00 4.319e-02 9.693e-02 1.021e-01
4.406e+00 4.190e-02 9.391e-02 9.885e-02
4.451e+00 4.065e-02 9.095e-02 9.568e-02
4.496e+00 3.943e-02 8.806e-02 9.259e-02
4.541e+00 3.823e-02 8.529e-02 8.957e-02
4.587e+00 3.703e-02 8.262e-02 8.682e-02
4.633e+00 3.586e-02 8.003e-02 8.413e-02
4.680e+00 3.474e-02 7.745e-02 8.151e-02
4.727e+00 3.365e-02 7.490e-02 7.885e-02
4.775e+00 3.259e-02 7.240e-02 7.618e-02
4.823e+00 3.154e-02 7.005e-02 7.358e-02
4.872e+00 3.055e-02 6.781e-02 7.104e-02
4.921e+00 2.960e-02 6.564e-02 6.854e-02
4.970e+00 2.867e-02 6.348e-02 6.610e-02
5.021e+00 2.776e-02 6.131e-02 6.381e-02
5.071e+00 2.687e-02 5.921e-02 6.162e-02
5.122e+00 2.601e-02 5.724e-02 5.950e-02
5.174e+00 2.516e-02 5.538e-02 5.744e-02
5.226e+00 2.432e-02 5.353e-02 5.544e-02
5.279e+00 2.352e-02 5.170e-02 5.349e-02
5.332e+00 2.275e-02 4.993e-02 5.169e-02
5.386e+00 2.199e-02 4.822e-02 4.997e-02
5.441e+00 2.123e-02 4.656e-02 4.830e-02
5.495e+00 2.049e-02 4.494e-02 4.652e-02
5.551e+00 1.978e-02 4.338e-02 4.476e-02
5.607e+00 1.909e-02 4.184e-02 4.308e-02
5.663e+00 1.843e-02 4.037e-02 4.153e-02
5.721e+00 1.778e-02 3.898e-02 4.003e-02
5.778e+00 1.718e-02 3.763e-02 3.859e-02
5.837e+00 1.660e-02 3.631e-02 3.720e-02
5.896e+00 1.602e-02 3.502e-02 3.586e-02
5.955e+00 1.543e-02 3.375e-02 3.453e-02
6.015e+00 1.488e-02 3.252e-02 3.323e-02
6.076e+00 1.438e-02 3.134e-02 3.199e-02
6.137e+00 1.388e-02 3.021e-02 3.079e-02
6.199e+00 1.337e-02 2.910e-02 2.963e-02
6.262e+00 1.288e-02 2.800e-02 2.851e-02
6.325e+00 1.241e-02 2.694e-02 2.743e-02
6.389e+00 1.194e-02 2.595e-02 2.637e-02
6.453e+00 1.149e-02 2.500e-02 2.535e-02
6.518e+00 1.105e-02 2.403e-02 2.435e-02
6.584e+00 1.064e-02 2.308e-02 2.338e-02
6.651e+00 1.024e-02 2.219e-02 2.244e-02
6.718e+00 9.852e-03 2.129e-02 2.157e-02
6.785e+00 9.484e-03 2.043e-02 2.072e-02
6.854e+00 9.132e-03 1.963e-02 1.988e-02
6.923e+00 8.792e-03 1.887e-02 1.907e-02
6.993e+00 8.459e-03 1.813e-02 1.830e-02
7.064e+00 8.133e-03 1.742e-02 1.756e-02
7.135e+00 7.808e-03 1.671e-02 1.686e-02
7.207e+00 7.492e-03 1.602e-02 1.619e-02
7.280e+00 7.196e-03 1.538e-02 1.553e-02
7.353e+00 6.912e-03 1.475e-02 1.488e-02
7.427e+00 6.630e-03 1.413e-02 1.426e-02
7.502e+00 6.348e-03 1.356e-02 1.367e-02
7.578e+00 6.094e-03 1.300e-02 1.310e-02
7.654e+00 5.858e-03 1.246e-02 1.255e-02
7.732e+00 5.616e-03 1.193e-02 1.203e-02
7.810e+00 5.390e-03 1.142e-02 1.154e-02
7.888e+00 5.174e-03 1.095e-02 1.107e-02
7.968e+00 4.965e-03 1.050e-02 1.059e-02
8.049e+00 4.761e-03 1.005e-02 1.014e-02
8.130e+00 4.554e-03 9.629e-03 9.712e-03
8.212e+00 4.357e-03 9.221e-03 9.305e-03
8.295e+00 4.171e-03 8.830e-03 8.916e-03
8.378e+00 3.996e-03 8.456e-03 8.533e-03
8.463e+00 3.828e-03 8.102e-03 8.163e-03
8.548e+00 3.669e-03 7.762e-03 7.828e-03
8.635e+00 3.518e-03 7.430e-03 7.500e-03
8.722e+00 3.372e-03 7.107e-03 7.173e-03
8.810e+00 3.224e-03 6.799e-03 6.857e-03
8.899e+00 3.082e-03 6.505e-03 6.552e-03
8.988e+00 2.951e-03 6.220e-03 6.237e-03
9.079e+00 2.826e-03 5.952e-03 5.935e-03
9.171e+00 2.703e-03 5.681e-03 5.663e-03
9.263e+00 2.584e-03 5.420e-03 5.404e-03
9.357e+00 2.472e-03 5.168e-03 5.156e-03
9.451e+00 2.364e-03 4.930e-03 4.917e-03
9.547e+00 2.250e-03 4.705e-03 4.689e-03
9.643e+00 2.146e-03 4.482e-03 4.476e-03
9.740e+00 2.049e-03 4.271e-03 4.263e-03
9.839e+00 1.958e-03 4.072e-03 4.058e-03
9.938e+00 1.871e-03 3.882e-03 3.869e-03
1.004e+01 1.788e-03 3.696e-03 3.687e-03
1.014e+01 1.704e-03 3.520e-03 3.511e-03
1.024e+01 1.626e-03 3.356e-03 3.338e-03
1.035e+01 1.549e-03 3.199e-03 3.171e-03
1.045e+01 1.478e-03 3.044e-03 3.013e-03
1.056e+01 1.412e-03 2.894e-03 2.864e-03
1.066e+01 1.344e-03 2.752e-03 2.724e-03
1.077e+01 1.276e-03 2.613e-03 2.588e-03
1.088e+01 1.214e-03 2.481e-03 2.454e-03
1.099e+01 1.157e-03 2.354e-03 2.326e-03
1.110e+01 1.101e-03 2.232e-03 2.207e-03
1.121e+01 1.045e-03 2.119e-03 2.093e-03
1.132e+01 9.928e-04 2.010e-03 1.982e-03
1.144e+01 9.419e-04 1.904e-03 1.879e-03
1.155e+01 8.933e-04 1.803e-03 1.779e-03
1.167e+01 8.460e-04 1.706e-03 1.681e-03
1.179e+01 8.036e-04 1.614e-03 1.587e-03
1.191e+01 7.622e-04 1.526e-03 1.502e-03
1.203e+01 7.213e-04 1.443e-03 1.417e-03
1.215e+01 6.817e-04 1.363e-03 1.336e-03
1.227e+01 6.422e-04 1.284e-03 1.259e-03
1.239e+01 6.063e-04 1.210e-03 1.186e-03
1.252e+01 5.726e-04 1.138e-03 1.116e-03
1.265e+01 5.401e-04 1.071e-03 1.047e-03
1.277e+01 5.090e-04 1.007e-03 9.837e-04
1.290e+01 4.794e-04 9.474e-04 9.222e-04
1.303e+01 4.506e-04 8.882e-04 8.631e-04
1.316e+01 4.231e-04 8.320e-04 8.071e-04
1.330e+01 3.987e-04 7.772e-04 7.527e-04
1.343e+01 3.739e-04 7.253e-04 7.022e-04
1.357e+01 3.509e-04 6.767e-04 6.546e-04
1.370e+01 nan nan nan
1.384e+01 nan nan nan
1.398e+01 nan nan nan
1.412e+01 nan nan nan
1.427e+01 nan nan nan
1.441e+01 nan nan nan
1.455e+01 nan nan nan
1.470e+01 nan nan nan
1.485e+01 nan nan nan
1.500e+01 nan nan nan
