#e [eV]	xs [Mb]
7.69588878753237 14.46757744578861
7.765948520433553 14.446189284435722
7.87489288183701 14.439099214684116
7.972244971157073 14.40730827532876
8.06956523181492 14.361724915680547
8.166881955954747 14.314609064888685
8.26417922924544 14.259064512806749
8.361448210391943 14.191260031575606
8.458715423279436 14.122689304772639
8.555979099648903 14.052586086826022
8.653239239500348 13.980950377735754
8.750483465020684 13.90241845849906
8.847718849245961 13.82005531140324
8.944947160435191 13.734627182020116
9.042152484257265 13.639237860203266
9.139318906381078 13.526991135806265
9.236524230203154 13.431601813989415
9.333726017507205 13.334680001028914
9.430943719142363 13.244654398214841
9.528145506446414 13.147732585254342
9.62535967156355 13.05617449129662
9.722542008018468 12.950823977046042
9.8197261127324 12.84623970836729
9.916890766597202 12.73322673839846
10.014050115684968 12.617915031714158
10.111204159995697 12.500304588314378
10.208381191673583 12.392655337348323
10.305498102545062 12.258953736940214
10.402662756409864 12.145940766971385
10.499813264202569 12.026797832427956
10.596953162441203 11.903057424453573
10.694101901974898 11.783148244338317
10.775809467042055 11.688515147958892
10.834503853933445 11.618336704492727
10.888379930193153 11.534901182817729
10.96945234051563 11.429347556772877
11.047328732773234 11.329212579195653
11.144489850120012 11.214667118083174
11.241647430948765 11.098589165827043
11.338847449993803 11.00090110729472
11.435298071045937 10.898304951165017
11.503032303276001 10.761384372756993
11.601793158703432 10.657752543581672
11.674442749152066 10.582579848674209
11.73050130375561 10.476081399518494
11.827424217868334 10.349694832029373
11.921621413842171 10.230107573290896
12.019524856145807 10.11740522748849
12.115890600765368 9.97802928391118
12.213039340299062 9.858120103795924
12.310182775055722 9.735912186965193
12.407340355884475 9.619834234709064
12.504459035014968 9.48689887987278
12.601614847584706 9.370054682044824
12.698772428413461 9.253976729788693
12.795933545760239 9.139431268676216
12.893082285293932 9.01952208856096
12.990222372988889 8.895863778326417
13.092570985805091 8.780760515539617
13.190705510832007 8.639054693870195
13.299348045154339 8.521287998652069
13.396523308573212 8.412872502114189
13.493641987703704 8.279937147277906
13.590873835410957 8.196041509038434
13.68805086708884 8.088392258072382
13.785208447917597 7.97231430581625
13.882390784372515 7.866963791565675
13.979624400338778 7.783834398898028
14.076817346347774 7.683081358078404
14.173973158917512 7.566237160250449
14.271176714480578 7.470081592861774
14.36836081919451 7.365497324183021
14.465564374757573 7.269341756794347
14.562746711212494 7.163991242543771
14.659990936732829 7.0854593233070755
14.757185651000832 6.985472528059274
14.854405120895002 6.896213170817028
14.951635200343244 6.811551287005731
15.048844060683344 6.717694456332534
15.146077676649607 6.634565063664887
15.243334279983028 6.561396863430968
15.340578505503366 6.482864944194274
15.437753768922239 6.374449447656396
15.535015902976902 6.303677893294351
15.640520324527142 6.20646513623532
15.723872502319246 6.130127548877178
15.834487815258338 6.035304719583156
15.928887672639934 5.9518000312761075
16.017227188911935 5.900507817936981
16.100739702962112 5.82042480247795
16.20485501438152 5.734273801326069
16.30018128466638 5.650858114426182
16.38693352207302 5.60864004638746
16.46661985937398 5.519079692166741
16.56875253107615 5.45332015336456
16.65405468919608 5.397146641375748
16.741330595216503 5.3487116497136835
16.82904688666088 5.292478437267761
16.911711413340925 5.1947589843824495
16.994777527184027 5.150077548550382
17.103859897760156 5.08787468226495
17.197140835944165 5.019005826992576
17.290713075153057 4.9484350027739215
17.38336805947051 4.86418429812486
17.4953277233897 4.80836583617287
17.584101810481528 4.745112498115393
17.6917500341733 4.679069270222355