# https://doi.org/10.1063/1.479970 
# photo_energies [eV]	cross_sections [Mb]
7.67387291686777 0.002448721809954026
7.824453425910684 0.002454449334624583
7.975051176218906 0.002436603219266138
8.125643440669986 0.0024263128053279228
8.276245109447595 0.002403403284515017
8.42684834561296 0.00237862597772225
8.577437475288528 0.0023727328323465916
8.728014849555931 0.00238245204454867
8.878622787884563 0.002351703776919134
9.029241697927482 0.0023071646894741
9.179854338419378 0.0022714123723575875
9.330477950625564 0.0022225467682374968
9.481099211750116 0.002177591230882644
9.63171028485426 0.002145725203656131
9.782333113366567 0.002100483141407479
9.932952023409486 0.002060701939697403
10.083561529125873 0.002032325545667651
10.234180439168792 0.001993835185579083
10.38480718615049 0.001947526929762928
10.535421394030141 0.001915669168630881
10.68605676164449 0.0018621848337875481
10.836688210789454 0.0018141614863559162
10.987327496873192 0.0017596542251433391
11.137977754671217 0.0016963531167822844
11.288617824448835 0.0016446651065254764
11.439262596389717 0.0015903680326407187
11.589913637881619 0.0015324855408927118
11.740559977210257 0.0014805947051794225
11.891206316538895 0.001430460922801499
12.041864411275697 0.0013729766739926943
12.192511534298212 0.0013259061617475402
12.34315708993297 0.0012815712955571827
12.493805780343244 0.001236551044933696
12.644449768590249 0.0011962511939986936
12.795089054673987 0.0011603093129712654
12.9457361776965 0.0011205297924892802
13.096380949637382 0.001083536553749391
13.247011615088468 0.0010560558849527094
13.397652468559961 0.001023429525552961
13.54829488941921 0.00099094289989011
13.69893339180907 0.0009615905804964354
13.849563273566279 0.0009376131955343258
14.000205694425528 0.0009078506294373427
14.150844980509266 0.0008805738672676515
14.301480348123615 0.0008559887727521453
14.452116499431842 0.0008317257891056876
14.602752650740069 0.0008081505392171564
14.753390369436055 0.0007845561183046375
14.904033573989178 0.0007593194516392898
15.054670508991286 0.0007374735494606111
15.205313713544413 0.000713751378785982
15.355952999628151 0.0006923064119862109
15.506598555262912 0.0006691574795627568
15.657229220713994 0.0006521862984751846
15.807871641573243 0.0006314840111051225
15.958510143963103 0.0006127790782699291
16.109144727883578 0.000595931553424435
16.259780095497927 0.0005792935016830483
16.410423300051054 0.0005606594783642732
16.561042210093973 0.0005500411080666045
16.71167287554506 0.0005360909580111839
16.862309026853286 0.0005208954711528475
17.01293655752886 0.0005085745471061677
17.163572708837087 0.0004941590123325423
17.31420023951266 0.00048247049516333615
17.46484501145354 0.0004665421848835359
17.61548194645565 0.0004531195932309854
17.76612044884551 0.0004396979207758695
17.916754249072103 0.00042779631609199994
18.06738413082931 0.0004171291598569479
18.218014796280393 0.0004065499244377084
18.36865800083352 0.00039347251074290805
18.519291801060117 0.0003828221208830506
18.669931870837733 0.00037115750134424286
18.82057115692147 0.0003600059147688845
18.971208091923575 0.0003496484111110922
19.12184110845629 0.00034033323654240476
19.27248744778493 0.00032880935876740993
19.423124382787034 0.00031934939159343684
19.57376601995241 0.0003093477472513173
19.7244068734239 0.00029979059130423786
19.875056347528048 0.0002891326252719113
20.02570190316281 0.0002794647795204427
20.17634745879757 0.00027012020147833857
20.326988312269062 0.00026177496246197805
20.4776346515977 0.00025291111271690675
20.628284909395727 0.00024381298791315259
20.778934383499873 0.00023514510233304335
20.929593261930552 0.00022559679311784584
21.08024508711633 0.00021729087736023278
21.23090161446538 0.00020874159945566458
21.38157146461035 0.000199041447688993
21.532231910428784 0.00019079199678608203
21.682895491022734 0.00018256439371397247
21.833566124861576 0.00017400447509934852
21.94998450346741 0.00016850451321870732
