# https://doi.org/10.1063/1.479970 
# photo_energies [eV]	cross_sections [Mb]
7.914201265350496 0.03380726671604274
7.973334139766365 0.03381914569755647
8.112592451786826 0.033901020472350996
8.251850763807285 0.03361532281465874
8.391109075827746 0.03361532281465874
8.530367387848207 0.0335611778170843
8.669625699868666 0.033251532241346256
8.808884011889127 0.03302450143212429
8.948142323909588 0.03302450143212429
9.087400635930047 0.032958023140531215
9.226658947950508 0.032483313437872294
9.365917259970969 0.03214472555069808
9.505175571991428 0.03177123173344965
9.644433884011889 0.031478100741574776
9.78369219603235 0.031087285726164118
9.922950508052809 0.0307136981558243
10.06220882007327 0.03033237354807143
10.20146713209373 0.029799253132300564
10.340725444114192 0.029310918794656624
10.47998375613465 0.028830587020844192
10.619242068155112 0.028232691588843336
10.758500380175573 0.027826043029484847
10.897758692196032 0.027336973764739484
11.037017004216493 0.026845679220225068
11.176275316236953 0.026236027641596524
11.315533628257413 0.025774904414879795
11.454791940277874 0.025240378440824062
11.594050252298334 0.024796754699105986
11.733308564318794 0.024184850861716387
11.872566876339254 0.023645152536205204
12.011825188359715 0.023126816235583735
12.151083500380174 0.022537947926764258
12.290341812400635 0.02199064471383649
12.429600124421096 0.021491248473761135
12.568858436441555 0.020927151615558793
12.708116748462016 0.020435428933624374
12.847375060482477 0.01997135084466512
12.986633372502936 0.019502086494714566
13.125891684523397 0.018997855356577976
13.265149996543858 0.018633887449520704
13.404408308564319 0.018174063275986467
13.543666620584778 0.01772558607828535
13.68292493260524 0.017330029819540783
13.8221832446257 0.01696379773982402
13.96144155664616 0.01667236050409031
14.10069986866662 0.016326605206813154
14.239958180687081 0.015968702159596643
14.37921649270754 0.015618644870244947
14.518474804728001 0.015220953943093413
14.657733116748462 0.014863309079043516
14.796991428768921 0.01454920571902772
14.936249740789382 0.014201620353873306
15.075508052809843 0.013895899076854304
15.214766364830304 0.013536617263144146
15.354024676850763 0.013202577258752343
15.493282988871224 0.012876780283055566
15.632541300891685 0.012569149717983157
15.771799612912144 0.012263925123145345
15.911057924932605 0.011975761197954855
16.050316236953066 0.011703797815701857
16.189574548973525 0.011461081729275636
16.328832860993987 0.011169253068278377
16.468091173014447 0.010915605071171735
16.607349485034906 0.010706479890594839
16.74660779705537 0.010446487682683539
16.885866109075828 0.010209253316042019
17.02512442109629 0.009981428180758279
17.16438273311675 0.009758687089396301
17.30364104513721 0.009548609773945083
17.44289935715767 0.009339290292553443
17.58215766917813 0.00913087886338343
17.72141598119859 0.008927118250544002
17.860674293219052 0.008717358861939977
17.99993260523951 0.008505669735277359
18.13919091725997 0.008325921105357395
18.278449229280433 0.008146687245469351
18.417707541300892 0.007939251604875675
18.55696585332135 0.0077934275585252785
18.696224165341814 0.007637959441934318
18.835482477362273 0.007458491257716544
18.974740789382732 0.007289112754302553
19.113999101403195 0.0071149734255113815
19.253257413423654 0.006936602802564248
19.392515725444113 0.006759979028686833
19.531774037464572 0.006585198144583071
19.671032349485035 0.006427875570010792
19.810290661505494 0.0062415258691205025
19.949548973525957 0.006099784024261782
20.088807285546416 0.0059253334438445215
20.228065597566875 0.005788438923153704
20.367323909587338 0.005616098583661065
20.506582221607797 0.005475304382054031
20.645840533628256 0.005314428372108717
20.78509884564872 0.0051645194566693475
20.924357157669178 0.0050309895636360714
21.063615469689637 0.004877268196774073
21.2028737817101 0.004711125256393148
21.34213209373056 0.004576389578518772
21.481390405751018 0.004416934460594993
21.62064871777148 0.004287155594868461
21.75990702979194 0.0041494675694650155
21.8991653418124 0.004000048642413268
21.981454344369943 0.003976742197354021
