# https://doi.org/10.1063/1.479970 
# photo_energies [eV]	cross_sections [Mb]
7.7728859702444275 0.006522624052571389
7.912516484385125 0.006527921378579448
8.052148373951995 0.006527921378579448
8.191780263518865 0.006527921378579448
8.331422468782026 0.006488296058913634
8.471072238889132 0.006420181116359178
8.626245561391897 0.006375719491524667
8.750353210850026 0.0063553604238110045
8.889985100416894 0.0063553604238110045
9.02962661796697 0.006319347126959665
9.169286016057281 0.006217572537265039
9.308945414147594 0.00611743705156319
9.448593121115444 0.006060591076407388
9.58823807723095 0.006014029998544599
9.727888535051143 0.0059484789325357
9.867552747133058 0.005836071309364269
10.007212832936457 0.00573974970609399
10.1468804835838 0.005619869068641198
10.28653713082177 0.005538344686473061
10.4262054691822 0.005420469941156228
10.565869681264115 0.005318040034373685
10.705538019624544 0.005204854118703331
10.845207045698064 0.005092009873692574
10.984875384058494 0.004983634645896033
11.124540283853495 0.004887475288102072
11.264221001049474 0.0047486310248436225
11.403891402549164 0.0046419080509717174
11.543566618040455 0.004524709015071291
11.683245959810264 0.004399740614434001
11.82292736471933 0.004273017198403763
11.962605331062967 0.0041583747685378335
12.102288111398206 0.004035326010365919
12.241971579446528 0.003914329155729761
12.381655047494853 0.003796960319943688
12.521333701551576 0.0036935906401884384
12.661010292469037 0.0035974131248486837
12.800688258812674 0.003500896737781882
12.94035590946002 0.003427776871224617
13.080031812664398 0.0033398762972468945
13.219707028155689 0.00325555099873477
13.359386369925495 0.003165635603037525
13.499056771425188 0.003094489615071006
13.638736113194994 0.0030090225901869693
13.778413391825545 0.002929481219975879
13.918086544177577 0.002858996942810623
14.057756945677266 0.0027947424967542495
14.197430785742387 0.0027263931867901495
14.337106001233678 0.0026575571285424194
14.476777090446454 0.00259677566883653
14.616451618224659 0.0025322398465311047
14.756127521429036 0.002467304074944595
14.895806863198843 0.0023991593515812443
15.035482766403224 0.0023376362443339868
15.17516004503377 0.0022758424942518783
15.314835260525061 0.002218381953616717
15.454513914581785 0.002157988003509915
15.59418706693382 0.0021060661056935036
15.7338677841298 0.0020462366069069924
15.873537497916402 0.0020010606025927724
16.013205836276835 0.00195847125103611
16.15288586575973 0.0019036071863999234
16.29255351640707 0.0018638483720524878
16.432229419611453 0.0018160525709062093
16.571900508824225 0.001774517310957593
16.711572285750087 0.001733228336511905
16.851244750389032 0.0016922130394724318
16.990918590454154 0.0016508276189213349
17.130592430519272 0.0016104543363187347
17.270257330314273 0.0015793805787622025
17.409939422936425 0.0015332680174821851
17.549606385870685 0.0015018536128625752
17.689289166205924 0.0014574128800510584
17.8289602554187 0.0014240801319824392
17.968631344631476 0.0013915097430976973
18.108309998688195 0.0013536268303464647
18.247979712474798 0.0013237419913590467
18.387656303392262 0.0012892730347035491
18.52733083117047 0.001257231647197754
18.667005358948675 0.0012259865615501886
18.806680574439966 0.0011950328154908536
18.946352351365828 0.0011672271248526868
19.08602412829169 0.0011400684092781684
19.225700719209154 0.0011103821344298755
19.36537524698736 0.0010827865954779906
19.505055964183338 0.0010520266021781274
19.644730491961546 0.0010258813318440249
19.784411209157525 0.00099673791334793
19.924097428058193 0.0009652827801215323
20.063776082114916 0.0009390036085088303
20.20345817473707 0.0009115878848879552
20.343137516506875 0.0008864106459461087
20.48282786168606 0.0008563490916800218
20.622512705160556 0.0008299978927358507
20.762200299487397 0.0008031524767168868
20.90189133237967 0.0007755996371072967
21.041570674149476 0.0007541782714766422
21.181263770181005 0.0007274191980064616
21.320953427647105 0.0007030349579706909
21.460652713096408 0.0006756178409073468
21.600340995136335 0.0006535003714739145
21.74003134031552 0.000631337689911124
21.879734064330254 0.0006054865309347072
21.96862694088322 0.0005926799112909492
