# https://doi.org/10.1063/1.479970 
# photo_energies [eV]	cross_sections [Mb]
7.909784851815308 0.34074035506021283
7.98599398631368 0.34085531031556254
8.12525229833414 0.33839165824773043
8.274324324324324 0.3361324808800439
8.42027027027027 0.3390077430566918
8.54302723439552 0.33648780197656564
8.682285546415981 0.3370306652610768
8.821543858436442 0.33365208271126734
8.960802170456901 0.33244410187689405
9.100060482477362 0.3321762561780189
9.259459459459459 0.32765218637377147
9.42972972972973 0.31938584142311727
9.587837837837837 0.3166770005532283
9.685135135135134 0.3113280482895575
9.796352042579665 0.30905761665774645
9.935610354600124 0.306947470265191
10.074868666620585 0.30374802155041225
10.214126978641046 0.29685006008240844
10.366216216216216 0.29330825828644586
10.487837837837839 0.28590837712982975
10.645945945945945 0.28107913389972655
10.767567567567566 0.27633146082300475
10.913513513513514 0.27166398010823706
11.083783783783783 0.26256420056629615
11.18108108108108 0.260337287080418
11.266216216216215 0.2559399619869821
11.363513513513514 0.25161691157080895
11.467451786825189 0.24642029265198592
11.606710098845648 0.24238208773926637
11.745968410866109 0.23812199120622782
11.88522672288657 0.22963994095493545
12.032432432432431 0.22333249164067243
12.16374334692749 0.21950521332303016
12.30300165894795 0.21503970780005502
12.44225997096841 0.20838519440190206
12.58151828298887 0.20209943708603414
12.720776595009331 0.19830744457175567
12.86003490702979 0.19545113041582737
12.999293219050251 0.18902152787571821
13.138551531070712 0.18287712057879696
13.277809843091173 0.17980774930011906
13.417068155111632 0.17586610064919206
13.556326467132093 0.17180302035467376
13.695584779152554 0.16912386448158953
13.834843091173013 0.16495043360621073
14.014864864864863 0.15884971372828594
14.124324324324323 0.15484209045092212
14.252618027234394 0.15162598446540415
14.391876339254855 0.14890099304478957
14.531134651275316 0.14382871737488392
14.670392963295775 0.14084596391770285
14.809651275316236 0.13764742446032924
14.948909587336697 0.13522813959817426
15.088167899357158 0.13237039017033264
15.227426211377617 0.12988672403115215
15.366684523398078 0.1272443727414418
15.505942835418539 0.12325704746141977
15.656756756756755 0.11992643391175181
15.814864864864864 0.11690080700418258
15.948648648648648 0.11492624985239201
16.06297608350038 0.11144381876247533
16.20223439552084 0.10944097306898168
16.341492707541303 0.10734426261579694
16.495945945945945 0.10375991160555334
16.64189189189189 0.10028432267938941
16.759267643602684 0.098434846990028
16.898525955623143 0.09651009400740539
17.0377842676436 0.09512001433440764
17.177042579664064 0.09217647699287924
17.316300891684524 0.0906943614139095
17.455559203704983 0.08936003425201458
17.594817515725445 0.08687437828364342
17.748648648648647 0.0845766167176707
17.873334139766364 0.08194328308075097
18.012592451786826 0.08043819145439
18.151850763807285 0.07864316871543224
18.291109075827745 0.07707434611060039
18.430367387848207 0.07493043121596396
18.569625699868666 0.07376194008902946
18.70888401188913 0.07220314365278271
18.848142323909588 0.07107718279381092
18.987400635930047 0.06921156686401451
19.12665894795051 0.06712386042207263
19.26591725997097 0.06594409450894197
19.40517557199143 0.06457653051012976
19.544433884011887 0.062452207034916246
19.68369219603235 0.06081297728894735
19.82295050805281 0.0594079992473486
19.96220882007327 0.05761600885685136
20.10146713209373 0.05639842117994892
20.24072544411419 0.05507323448331059
20.37998375613465 0.05334746150508938
20.519242068155112 0.05159253190569668
20.65850038017557 0.04995569362291528
20.79775869219603 0.04880155423158857
20.937017004216493 0.04719616777830412
21.076275316236952 0.04558844194223356
21.21553362825741 0.04421330642322568
21.354791940277874 0.04256972285512542
21.494050252298333 0.04105336341846989
21.616216216216216 0.04065598969326051
21.75000000001112 0.03896088858042889
21.911825188359714 0.037328736670965465
21.9877842676436 0.036569339309753035
