# e- + B+ + LiH -> B + LiH+ + e-
# Number of initial vibrational states: 3
# Number of final vibrational states: 6
# R = 10 AngstromE_in [eV] | xs [Mb]
1.000e-02 6.174e+00 1.580e+01 1.889e+01
1.007e-02 6.131e+00 1.569e+01 1.876e+01
1.014e-02 6.089e+00 1.558e+01 1.863e+01
1.021e-02 6.047e+00 1.547e+01 1.850e+01
1.028e-02 6.005e+00 1.536e+01 1.838e+01
1.035e-02 5.963e+00 1.526e+01 1.825e+01
1.042e-02 5.922e+00 1.515e+01 1.812e+01
1.050e-02 5.881e+00 1.505e+01 1.800e+01
1.057e-02 5.840e+00 1.494e+01 1.787e+01
1.064e-02 5.800e+00 1.484e+01 1.775e+01
1.072e-02 5.760e+00 1.474e+01 1.763e+01
1.079e-02 5.720e+00 1.463e+01 1.750e+01
1.087e-02 5.680e+00 1.453e+01 1.738e+01
1.094e-02 5.641e+00 1.443e+01 1.726e+01
1.102e-02 5.602e+00 1.433e+01 1.714e+01
1.109e-02 5.563e+00 1.423e+01 1.703e+01
1.117e-02 5.525e+00 1.413e+01 1.691e+01
1.125e-02 5.487e+00 1.404e+01 1.679e+01
1.133e-02 5.449e+00 1.394e+01 1.667e+01
1.140e-02 5.411e+00 1.384e+01 1.656e+01
1.148e-02 5.374e+00 1.375e+01 1.644e+01
1.156e-02 5.336e+00 1.365e+01 1.633e+01
1.164e-02 5.299e+00 1.356e+01 1.622e+01
1.172e-02 5.263e+00 1.346e+01 1.610e+01
1.181e-02 5.226e+00 1.337e+01 1.599e+01
1.189e-02 5.190e+00 1.328e+01 1.588e+01
1.197e-02 5.154e+00 1.319e+01 1.577e+01
1.205e-02 5.119e+00 1.309e+01 1.566e+01
1.214e-02 5.083e+00 1.300e+01 1.555e+01
1.222e-02 5.048e+00 1.291e+01 1.545e+01
1.231e-02 5.013e+00 1.282e+01 1.534e+01
1.239e-02 4.978e+00 1.274e+01 1.523e+01
1.248e-02 4.944e+00 1.265e+01 1.513e+01
1.256e-02 4.910e+00 1.256e+01 1.502e+01
1.265e-02 4.876e+00 1.247e+01 1.492e+01
1.274e-02 4.842e+00 1.239e+01 1.482e+01
1.283e-02 4.808e+00 1.230e+01 1.471e+01
1.292e-02 4.775e+00 1.222e+01 1.461e+01
1.301e-02 4.742e+00 1.213e+01 1.451e+01
1.310e-02 4.709e+00 1.205e+01 1.441e+01
1.319e-02 4.676e+00 1.196e+01 1.431e+01
1.328e-02 4.644e+00 1.188e+01 1.421e+01
1.337e-02 4.612e+00 1.180e+01 1.411e+01
1.346e-02 4.580e+00 1.172e+01 1.401e+01
1.356e-02 4.548e+00 1.164e+01 1.392e+01
1.365e-02 4.517e+00 1.155e+01 1.382e+01
1.374e-02 4.485e+00 1.147e+01 1.373e+01
1.384e-02 4.454e+00 1.140e+01 1.363e+01
1.394e-02 4.424e+00 1.132e+01 1.354e+01
1.403e-02 4.393e+00 1.124e+01 1.344e+01
1.413e-02 4.363e+00 1.116e+01 1.335e+01
1.423e-02 4.332e+00 1.108e+01 1.326e+01
1.433e-02 4.302e+00 1.101e+01 1.316e+01
1.443e-02 4.272e+00 1.093e+01 1.307e+01
1.453e-02 4.243e+00 1.085e+01 1.298e+01
1.463e-02 4.213e+00 1.078e+01 1.289e+01
1.473e-02 4.184e+00 1.070e+01 1.280e+01
1.483e-02 4.155e+00 1.063e+01 1.271e+01
1.493e-02 4.126e+00 1.056e+01 1.263e+01
1.504e-02 4.098e+00 1.048e+01 1.254e+01
1.514e-02 4.069e+00 1.041e+01 1.245e+01
1.525e-02 4.041e+00 1.034e+01 1.237e+01
1.535e-02 4.013e+00 1.027e+01 1.228e+01
1.546e-02 3.985e+00 1.020e+01 1.219e+01
1.557e-02 3.958e+00 1.012e+01 1.211e+01
1.567e-02 3.930e+00 1.005e+01 1.203e+01
1.578e-02 3.903e+00 9.985e+00 1.194e+01
1.589e-02 3.876e+00 9.916e+00 1.186e+01
1.600e-02 3.849e+00 9.847e+00 1.178e+01
1.611e-02 3.823e+00 9.779e+00 1.170e+01
1.623e-02 3.796e+00 9.711e+00 1.161e+01
1.634e-02 3.770e+00 9.643e+00 1.153e+01
1.645e-02 3.744e+00 9.577e+00 1.145e+01
1.657e-02 3.718e+00 9.510e+00 1.137e+01
1.668e-02 3.692e+00 9.444e+00 1.130e+01
1.680e-02 3.666e+00 9.379e+00 1.122e+01
1.691e-02 3.641e+00 9.314e+00 1.114e+01
1.703e-02 3.616e+00 9.249e+00 1.106e+01
1.715e-02 3.591e+00 9.185e+00 1.099e+01
1.727e-02 3.566e+00 9.121e+00 1.091e+01
1.739e-02 3.541e+00 9.058e+00 1.083e+01
1.751e-02 3.516e+00 8.995e+00 1.076e+01
1.763e-02 3.492e+00 8.933e+00 1.068e+01
1.775e-02 3.468e+00 8.871e+00 1.061e+01
1.788e-02 3.444e+00 8.809e+00 1.054e+01
1.800e-02 3.420e+00 8.748e+00 1.046e+01
1.812e-02 3.396e+00 8.687e+00 1.039e+01
1.825e-02 3.373e+00 8.627e+00 1.032e+01
1.838e-02 3.349e+00 8.567e+00 1.025e+01
1.850e-02 3.326e+00 8.508e+00 1.018e+01
1.863e-02 3.303e+00 8.449e+00 1.010e+01
1.876e-02 3.280e+00 8.390e+00 1.003e+01
1.889e-02 3.257e+00 8.332e+00 9.965e+00
1.902e-02 3.235e+00 8.274e+00 9.896e+00
1.916e-02 3.212e+00 8.216e+00 9.827e+00
1.929e-02 3.190e+00 8.159e+00 9.759e+00
1.942e-02 3.168e+00 8.103e+00 9.691e+00
1.956e-02 3.146e+00 8.046e+00 9.624e+00
1.969e-02 3.124e+00 7.991e+00 9.557e+00
1.983e-02 3.102e+00 7.935e+00 9.491e+00
1.997e-02 3.081e+00 7.880e+00 9.425e+00
2.010e-02 3.059e+00 7.825e+00 9.359e+00
2.024e-02 3.038e+00 7.771e+00 9.294e+00
2.038e-02 3.017e+00 7.717e+00 9.230e+00
2.053e-02 2.996e+00 7.663e+00 9.165e+00
2.067e-02 2.975e+00 7.610e+00 9.102e+00
2.081e-02 2.954e+00 7.557e+00 9.039e+00
2.096e-02 2.934e+00 7.505e+00 8.976e+00
2.110e-02 2.914e+00 7.453e+00 8.913e+00
2.125e-02 2.893e+00 7.401e+00 8.851e+00
2.140e-02 2.873e+00 7.349e+00 8.790e+00
2.154e-02 2.853e+00 7.298e+00 8.729e+00
2.169e-02 2.833e+00 7.248e+00 8.668e+00
2.184e-02 2.814e+00 7.197e+00 8.608e+00
2.200e-02 2.794e+00 7.147e+00 8.548e+00
2.215e-02 2.775e+00 7.098e+00 8.489e+00
2.230e-02 2.756e+00 7.048e+00 8.430e+00
2.246e-02 2.736e+00 6.999e+00 8.371e+00
2.261e-02 2.717e+00 6.951e+00 8.313e+00
2.277e-02 2.698e+00 6.902e+00 8.255e+00
2.293e-02 2.680e+00 6.854e+00 8.197e+00
2.309e-02 2.661e+00 6.807e+00 8.140e+00
2.325e-02 2.643e+00 6.759e+00 8.084e+00
2.341e-02 2.624e+00 6.712e+00 8.028e+00
2.357e-02 2.606e+00 6.666e+00 7.972e+00
2.373e-02 2.588e+00 6.619e+00 7.916e+00
2.390e-02 2.570e+00 6.573e+00 7.861e+00
2.406e-02 2.552e+00 6.527e+00 7.807e+00
2.423e-02 2.534e+00 6.482e+00 7.752e+00
2.440e-02 2.517e+00 6.437e+00 7.698e+00
2.457e-02 2.499e+00 6.392e+00 7.645e+00
2.474e-02 2.482e+00 6.348e+00 7.591e+00
2.491e-02 2.465e+00 6.304e+00 7.539e+00
2.508e-02 2.447e+00 6.260e+00 7.486e+00
2.526e-02 2.430e+00 6.216e+00 7.434e+00
2.543e-02 2.413e+00 6.173e+00 7.382e+00
2.561e-02 2.397e+00 6.130e+00 7.331e+00
2.579e-02 2.380e+00 6.087e+00 7.280e+00
2.597e-02 2.363e+00 6.045e+00 7.229e+00
2.615e-02 2.347e+00 6.003e+00 7.179e+00
2.633e-02 2.331e+00 5.961e+00 7.129e+00
2.651e-02 2.314e+00 5.920e+00 7.079e+00
2.669e-02 2.298e+00 5.878e+00 7.030e+00
2.688e-02 2.282e+00 5.837e+00 6.981e+00
2.707e-02 2.266e+00 5.797e+00 6.932e+00
2.725e-02 2.251e+00 5.756e+00 6.884e+00
2.744e-02 2.235e+00 5.716e+00 6.836e+00
2.763e-02 2.219e+00 5.676e+00 6.788e+00
2.783e-02 2.204e+00 5.637e+00 6.741e+00
2.802e-02 2.189e+00 5.598e+00 6.694e+00
2.821e-02 2.173e+00 5.559e+00 6.647e+00
2.841e-02 2.158e+00 5.520e+00 6.601e+00
2.861e-02 2.143e+00 5.481e+00 6.555e+00
2.880e-02 2.128e+00 5.443e+00 6.509e+00
2.900e-02 2.113e+00 5.405e+00 6.464e+00
2.921e-02 2.099e+00 5.368e+00 6.419e+00
2.941e-02 2.084e+00 5.330e+00 6.374e+00
2.961e-02 2.070e+00 5.293e+00 6.330e+00
2.982e-02 2.055e+00 5.256e+00 6.286e+00
3.002e-02 2.041e+00 5.220e+00 6.242e+00
3.023e-02 2.027e+00 5.183e+00 6.198e+00
3.044e-02 2.013e+00 5.147e+00 6.155e+00
3.065e-02 1.999e+00 5.111e+00 6.112e+00
3.087e-02 1.985e+00 5.076e+00 6.069e+00
3.108e-02 1.971e+00 5.040e+00 6.027e+00
3.130e-02 1.957e+00 5.005e+00 5.985e+00
3.151e-02 1.943e+00 4.970e+00 5.943e+00
3.173e-02 1.930e+00 4.935e+00 5.902e+00
3.195e-02 1.916e+00 4.901e+00 5.861e+00
3.217e-02 1.903e+00 4.867e+00 5.820e+00
3.240e-02 1.890e+00 4.833e+00 5.779e+00
3.262e-02 1.877e+00 4.799e+00 5.739e+00
3.285e-02 1.863e+00 4.766e+00 5.699e+00
3.308e-02 1.850e+00 4.732e+00 5.659e+00
3.331e-02 1.838e+00 4.699e+00 5.619e+00
3.354e-02 1.825e+00 4.666e+00 5.580e+00
3.377e-02 1.812e+00 4.634e+00 5.541e+00
3.400e-02 1.799e+00 4.602e+00 5.502e+00
3.424e-02 1.787e+00 4.569e+00 5.464e+00
3.448e-02 1.774e+00 4.537e+00 5.426e+00
3.472e-02 1.762e+00 4.506e+00 5.388e+00
3.496e-02 1.750e+00 4.474e+00 5.350e+00
3.520e-02 1.737e+00 4.443e+00 5.313e+00
3.544e-02 1.725e+00 4.412e+00 5.276e+00
3.569e-02 1.713e+00 4.381e+00 5.239e+00
3.594e-02 1.701e+00 4.351e+00 5.202e+00
3.619e-02 1.689e+00 4.320e+00 5.166e+00
3.644e-02 1.678e+00 4.290e+00 5.130e+00
3.669e-02 1.666e+00 4.260e+00 5.094e+00
3.695e-02 1.654e+00 4.230e+00 5.058e+00
3.720e-02 1.643e+00 4.201e+00 5.023e+00
3.746e-02 1.631e+00 4.171e+00 4.988e+00
3.772e-02 1.620e+00 4.142e+00 4.953e+00
3.798e-02 1.609e+00 4.113e+00 4.918e+00
3.825e-02 1.597e+00 4.084e+00 4.884e+00
3.851e-02 1.586e+00 4.056e+00 4.849e+00
3.878e-02 1.575e+00 4.027e+00 4.816e+00
3.905e-02 1.564e+00 3.999e+00 4.782e+00
3.932e-02 1.553e+00 3.971e+00 4.748e+00
3.959e-02 1.542e+00 3.944e+00 4.715e+00
3.987e-02 1.531e+00 3.916e+00 4.682e+00
4.014e-02 1.521e+00 3.889e+00 4.649e+00
4.042e-02 1.510e+00 3.861e+00 4.617e+00
4.070e-02 1.500e+00 3.834e+00 4.584e+00
4.098e-02 1.489e+00 3.807e+00 4.552e+00
4.127e-02 1.479e+00 3.781e+00 4.520e+00
4.155e-02 1.468e+00 3.754e+00 4.489e+00
4.184e-02 1.458e+00 3.728e+00 4.457e+00
4.213e-02 1.448e+00 3.702e+00 4.426e+00
4.243e-02 1.438e+00 3.676e+00 4.395e+00
4.272e-02 1.428e+00 3.650e+00 4.364e+00
4.302e-02 1.418e+00 3.625e+00 4.334e+00
4.331e-02 1.408e+00 3.599e+00 4.303e+00
4.362e-02 1.398e+00 3.574e+00 4.273e+00
4.392e-02 1.388e+00 3.549e+00 4.243e+00
4.422e-02 1.378e+00 3.524e+00 4.213e+00
4.453e-02 1.369e+00 3.499e+00 4.184e+00
4.484e-02 1.359e+00 3.475e+00 4.154e+00
4.515e-02 1.350e+00 3.450e+00 4.125e+00
4.546e-02 1.340e+00 3.426e+00 4.096e+00
4.578e-02 1.331e+00 3.402e+00 4.068e+00
4.610e-02 1.321e+00 3.378e+00 4.039e+00
4.642e-02 1.312e+00 3.355e+00 4.011e+00
4.674e-02 1.303e+00 3.331e+00 3.982e+00
4.706e-02 1.294e+00 3.308e+00 3.955e+00
4.739e-02 1.285e+00 3.285e+00 3.927e+00
4.772e-02 1.276e+00 3.262e+00 3.899e+00
4.805e-02 1.267e+00 3.239e+00 3.872e+00
4.838e-02 1.258e+00 3.216e+00 3.845e+00
4.872e-02 1.249e+00 3.193e+00 3.818e+00
4.906e-02 1.240e+00 3.171e+00 3.791e+00
4.940e-02 1.232e+00 3.149e+00 3.764e+00
4.974e-02 1.223e+00 3.126e+00 3.738e+00
5.008e-02 1.214e+00 3.105e+00 3.711e+00
5.043e-02 1.206e+00 3.083e+00 3.685e+00
5.078e-02 1.197e+00 3.061e+00 3.659e+00
5.113e-02 1.189e+00 3.040e+00 3.634e+00
5.149e-02 1.181e+00 3.018e+00 3.608e+00
5.185e-02 1.172e+00 2.997e+00 3.583e+00
5.221e-02 1.164e+00 2.976e+00 3.557e+00
5.257e-02 1.156e+00 2.955e+00 3.532e+00
5.293e-02 1.148e+00 2.934e+00 3.508e+00
5.330e-02 1.140e+00 2.914e+00 3.483e+00
5.367e-02 1.132e+00 2.893e+00 3.458e+00
5.404e-02 1.124e+00 2.873e+00 3.434e+00
5.442e-02 1.116e+00 2.852e+00 3.410e+00
5.479e-02 1.108e+00 2.832e+00 3.386e+00
5.517e-02 1.100e+00 2.812e+00 3.362e+00
5.556e-02 1.092e+00 2.793e+00 3.338e+00
5.594e-02 1.085e+00 2.773e+00 3.315e+00
5.633e-02 1.077e+00 2.753e+00 3.291e+00
5.672e-02 1.070e+00 2.734e+00 3.268e+00
5.712e-02 1.062e+00 2.715e+00 3.245e+00
5.751e-02 1.055e+00 2.696e+00 3.222e+00
5.791e-02 1.047e+00 2.677e+00 3.199e+00
5.831e-02 1.040e+00 2.658e+00 3.177e+00
5.872e-02 1.032e+00 2.639e+00 3.155e+00
5.913e-02 1.025e+00 2.621e+00 3.132e+00
5.954e-02 1.018e+00 2.602e+00 3.110e+00
5.995e-02 1.011e+00 2.584e+00 3.088e+00
6.036e-02 1.004e+00 2.565e+00 3.066e+00
6.078e-02 9.966e-01 2.547e+00 3.045e+00
6.120e-02 9.895e-01 2.529e+00 3.023e+00
6.163e-02 9.826e-01 2.512e+00 3.002e+00
6.206e-02 9.756e-01 2.494e+00 2.981e+00
6.249e-02 9.688e-01 2.476e+00 2.960e+00
6.292e-02 9.619e-01 2.459e+00 2.939e+00
6.336e-02 9.551e-01 2.441e+00 2.918e+00
6.380e-02 9.484e-01 2.424e+00 2.897e+00
6.424e-02 9.417e-01 2.407e+00 2.877e+00
6.469e-02 9.351e-01 2.390e+00 2.856e+00
6.513e-02 9.285e-01 2.373e+00 2.836e+00
6.559e-02 9.219e-01 2.356e+00 2.816e+00
6.604e-02 9.154e-01 2.339e+00 2.796e+00
6.650e-02 9.089e-01 2.323e+00 2.777e+00
6.696e-02 9.025e-01 2.306e+00 2.757e+00
6.743e-02 8.962e-01 2.290e+00 2.737e+00
6.789e-02 8.898e-01 2.274e+00 2.718e+00
6.837e-02 8.835e-01 2.258e+00 2.699e+00
6.884e-02 8.773e-01 2.242e+00 2.680e+00
6.932e-02 8.711e-01 2.226e+00 2.661e+00
6.980e-02 8.649e-01 2.210e+00 2.642e+00
7.028e-02 8.588e-01 2.195e+00 2.623e+00
7.077e-02 8.527e-01 2.179e+00 2.604e+00
7.126e-02 8.467e-01 2.164e+00 2.586e+00
7.176e-02 8.407e-01 2.148e+00 2.568e+00
7.225e-02 8.348e-01 2.133e+00 2.549e+00
7.275e-02 8.288e-01 2.118e+00 2.531e+00
7.326e-02 8.230e-01 2.103e+00 2.513e+00
7.377e-02 8.171e-01 2.088e+00 2.496e+00
7.428e-02 8.114e-01 2.073e+00 2.478e+00
7.480e-02 8.056e-01 2.058e+00 2.460e+00
7.531e-02 7.999e-01 2.044e+00 2.443e+00
7.584e-02 7.942e-01 2.029e+00 2.425e+00
7.636e-02 7.886e-01 2.015e+00 2.408e+00
7.689e-02 7.830e-01 2.000e+00 2.391e+00
7.743e-02 7.774e-01 1.986e+00 2.374e+00
7.796e-02 7.719e-01 1.972e+00 2.357e+00
7.850e-02 7.665e-01 1.958e+00 2.340e+00
7.905e-02 7.610e-01 1.944e+00 2.324e+00
7.960e-02 7.556e-01 1.930e+00 2.307e+00
8.015e-02 7.502e-01 1.917e+00 2.291e+00
8.071e-02 7.449e-01 1.903e+00 2.275e+00
8.127e-02 7.396e-01 1.889e+00 2.258e+00
8.183e-02 7.344e-01 1.876e+00 2.242e+00
8.240e-02 7.292e-01 1.863e+00 2.226e+00
8.297e-02 7.240e-01 1.849e+00 2.211e+00
8.355e-02 7.188e-01 1.836e+00 2.195e+00
8.412e-02 7.137e-01 1.823e+00 2.179e+00
8.471e-02 7.086e-01 1.810e+00 2.164e+00
8.530e-02 7.036e-01 1.797e+00 2.148e+00
8.589e-02 6.986e-01 1.784e+00 2.133e+00
8.648e-02 6.936e-01 1.772e+00 2.118e+00
8.708e-02 6.887e-01 1.759e+00 2.103e+00
8.769e-02 6.838e-01 1.746e+00 2.088e+00
8.830e-02 6.789e-01 1.734e+00 2.073e+00
8.891e-02 6.741e-01 1.722e+00 2.058e+00
8.953e-02 6.693e-01 1.709e+00 2.043e+00
9.015e-02 6.645e-01 1.697e+00 2.029e+00
9.077e-02 6.598e-01 1.685e+00 2.014e+00
9.140e-02 6.551e-01 1.673e+00 2.000e+00
9.204e-02 6.504e-01 1.661e+00 1.985e+00
9.268e-02 6.458e-01 1.649e+00 1.971e+00
9.332e-02 6.411e-01 1.637e+00 1.957e+00
9.397e-02 6.366e-01 1.626e+00 1.943e+00
9.462e-02 6.320e-01 1.614e+00 1.929e+00
9.527e-02 6.275e-01 1.602e+00 1.916e+00
9.594e-02 6.230e-01 1.591e+00 1.902e+00
9.660e-02 6.186e-01 1.580e+00 1.888e+00
9.727e-02 6.142e-01 1.568e+00 1.875e+00
9.795e-02 6.098e-01 1.557e+00 1.861e+00
9.863e-02 6.054e-01 1.546e+00 1.848e+00
9.931e-02 6.011e-01 1.535e+00 1.835e+00
1.000e-01 5.968e-01 1.524e+00 1.822e+00
1.007e-01 5.925e-01 1.513e+00 1.809e+00
1.014e-01 5.883e-01 1.502e+00 1.796e+00
1.021e-01 5.841e-01 1.491e+00 1.783e+00
1.028e-01 5.799e-01 1.481e+00 1.770e+00
1.035e-01 5.757e-01 1.470e+00 1.757e+00
1.042e-01 5.716e-01 1.459e+00 1.745e+00
1.050e-01 5.675e-01 1.449e+00 1.732e+00
1.057e-01 5.634e-01 1.438e+00 1.720e+00
1.064e-01 5.594e-01 1.428e+00 1.707e+00
1.072e-01 5.554e-01 1.418e+00 1.695e+00
1.079e-01 5.514e-01 1.408e+00 1.683e+00
1.087e-01 5.475e-01 1.398e+00 1.671e+00
1.094e-01 5.435e-01 1.387e+00 1.659e+00
1.102e-01 5.396e-01 1.377e+00 1.647e+00
1.109e-01 5.358e-01 1.368e+00 1.635e+00
1.117e-01 5.319e-01 1.358e+00 1.623e+00
1.125e-01 5.281e-01 1.348e+00 1.611e+00
1.133e-01 5.243e-01 1.338e+00 1.600e+00
1.140e-01 5.205e-01 1.329e+00 1.588e+00
1.148e-01 5.168e-01 1.319e+00 1.577e+00
1.156e-01 5.131e-01 1.309e+00 1.566e+00
1.164e-01 5.094e-01 1.300e+00 1.554e+00
1.172e-01 5.057e-01 1.291e+00 1.543e+00
1.181e-01 5.021e-01 1.281e+00 1.532e+00
1.189e-01 4.984e-01 1.272e+00 1.521e+00
1.197e-01 4.949e-01 1.263e+00 1.510e+00
1.205e-01 4.913e-01 1.254e+00 1.499e+00
1.214e-01 4.877e-01 1.245e+00 1.488e+00
1.222e-01 4.842e-01 1.236e+00 1.477e+00
1.231e-01 4.807e-01 1.227e+00 1.467e+00
1.239e-01 4.773e-01 1.218e+00 1.456e+00
1.248e-01 4.738e-01 1.209e+00 1.446e+00
1.256e-01 4.704e-01 1.200e+00 1.435e+00
1.265e-01 4.670e-01 1.192e+00 1.425e+00
1.274e-01 4.636e-01 1.183e+00 1.414e+00
1.283e-01 4.603e-01 1.174e+00 1.404e+00
1.292e-01 4.570e-01 1.166e+00 1.394e+00
1.301e-01 4.537e-01 1.157e+00 1.384e+00
1.310e-01 4.504e-01 1.149e+00 1.374e+00
1.319e-01 4.471e-01 1.141e+00 1.364e+00
1.328e-01 4.439e-01 1.132e+00 1.354e+00
1.337e-01 4.407e-01 1.124e+00 1.344e+00
1.346e-01 4.375e-01 1.116e+00 1.334e+00
1.356e-01 4.343e-01 1.108e+00 1.325e+00
1.365e-01 4.312e-01 1.100e+00 1.315e+00
1.374e-01 4.280e-01 1.092e+00 1.305e+00
1.384e-01 4.249e-01 1.084e+00 1.296e+00
1.394e-01 4.219e-01 1.076e+00 1.287e+00
1.403e-01 4.188e-01 1.068e+00 1.277e+00
1.413e-01 4.158e-01 1.060e+00 1.268e+00
1.423e-01 4.127e-01 1.053e+00 1.259e+00
1.433e-01 4.097e-01 1.045e+00 1.250e+00
1.443e-01 4.068e-01 1.037e+00 1.240e+00
1.453e-01 4.038e-01 1.030e+00 1.231e+00
1.463e-01 4.009e-01 1.022e+00 1.222e+00
1.473e-01 3.980e-01 1.015e+00 1.213e+00
1.483e-01 3.951e-01 1.007e+00 1.205e+00
1.493e-01 3.922e-01 1.000e+00 1.196e+00
1.504e-01 3.893e-01 9.928e-01 1.187e+00
1.514e-01 3.865e-01 9.855e-01 1.178e+00
1.525e-01 3.837e-01 9.783e-01 1.170e+00
1.535e-01 3.809e-01 9.711e-01 1.161e+00
1.546e-01 3.781e-01 9.640e-01 1.153e+00
1.557e-01 3.754e-01 9.570e-01 1.144e+00
1.567e-01 3.726e-01 9.500e-01 1.136e+00
1.578e-01 3.699e-01 9.430e-01 1.128e+00
1.589e-01 3.672e-01 9.361e-01 1.119e+00
1.600e-01 3.645e-01 9.292e-01 1.111e+00
1.611e-01 3.619e-01 9.224e-01 1.103e+00
1.623e-01 3.592e-01 9.156e-01 1.095e+00
1.634e-01 3.566e-01 9.089e-01 1.087e+00
1.645e-01 3.540e-01 9.022e-01 1.079e+00
1.657e-01 3.514e-01 8.956e-01 1.071e+00
1.668e-01 3.488e-01 8.890e-01 1.063e+00
1.680e-01 3.463e-01 8.825e-01 1.055e+00
1.691e-01 3.437e-01 8.760e-01 1.048e+00
1.703e-01 3.412e-01 8.695e-01 1.040e+00
1.715e-01 3.387e-01 8.631e-01 1.032e+00
1.727e-01 3.362e-01 8.567e-01 1.025e+00
1.739e-01 3.337e-01 8.504e-01 1.017e+00
1.751e-01 3.313e-01 8.441e-01 1.010e+00
1.763e-01 3.289e-01 8.379e-01 1.002e+00
1.775e-01 3.264e-01 8.317e-01 9.947e-01
1.788e-01 3.240e-01 8.256e-01 9.873e-01
1.800e-01 3.217e-01 8.195e-01 9.801e-01
1.812e-01 3.193e-01 8.134e-01 9.728e-01
1.825e-01 3.170e-01 8.074e-01 9.656e-01
1.838e-01 3.146e-01 8.014e-01 9.585e-01
1.850e-01 3.123e-01 7.955e-01 9.514e-01
1.863e-01 3.100e-01 7.896e-01 9.444e-01
1.876e-01 3.077e-01 7.838e-01 9.374e-01
1.889e-01 3.054e-01 7.779e-01 9.304e-01
1.902e-01 3.032e-01 7.722e-01 9.235e-01
1.916e-01 3.009e-01 7.664e-01 9.167e-01
1.929e-01 2.987e-01 7.607e-01 9.099e-01
1.942e-01 2.965e-01 7.551e-01 9.031e-01
1.956e-01 2.943e-01 7.495e-01 8.964e-01
1.969e-01 2.921e-01 7.439e-01 8.898e-01
1.983e-01 2.899e-01 7.384e-01 8.832e-01
1.997e-01 2.878e-01 7.329e-01 8.766e-01
2.010e-01 2.857e-01 7.274e-01 8.701e-01
2.024e-01 2.835e-01 7.220e-01 8.636e-01
2.038e-01 2.814e-01 7.166e-01 8.572e-01
2.053e-01 2.793e-01 7.113e-01 8.508e-01
2.067e-01 2.772e-01 7.060e-01 8.445e-01
2.081e-01 2.752e-01 7.007e-01 8.382e-01
2.096e-01 2.731e-01 6.955e-01 8.319e-01
2.110e-01 2.711e-01 6.903e-01 8.257e-01
2.125e-01 2.691e-01 6.851e-01 8.195e-01
2.140e-01 2.671e-01 6.800e-01 8.134e-01
2.154e-01 2.651e-01 6.749e-01 8.073e-01
2.169e-01 2.631e-01 6.698e-01 8.013e-01
2.184e-01 2.611e-01 6.648e-01 7.953e-01
2.200e-01 2.592e-01 6.598e-01 7.893e-01
2.215e-01 2.572e-01 6.549e-01 7.834e-01
2.230e-01 2.553e-01 6.500e-01 7.775e-01
2.246e-01 2.534e-01 6.451e-01 7.717e-01
2.261e-01 2.515e-01 6.402e-01 7.659e-01
2.277e-01 2.496e-01 6.354e-01 7.602e-01
2.293e-01 2.477e-01 6.307e-01 7.545e-01
2.309e-01 2.459e-01 6.259e-01 7.488e-01
2.325e-01 2.440e-01 6.212e-01 7.431e-01
2.341e-01 2.422e-01 6.165e-01 7.376e-01
2.357e-01 2.404e-01 6.119e-01 7.320e-01
2.373e-01 2.386e-01 6.072e-01 7.265e-01
2.390e-01 2.368e-01 6.027e-01 7.210e-01
2.406e-01 2.350e-01 5.981e-01 7.156e-01
2.423e-01 2.332e-01 5.936e-01 7.102e-01
2.440e-01 2.314e-01 5.891e-01 7.048e-01
2.457e-01 2.297e-01 5.846e-01 6.995e-01
2.474e-01 2.280e-01 5.802e-01 6.942e-01
2.491e-01 2.262e-01 5.758e-01 6.889e-01
2.508e-01 2.245e-01 5.715e-01 6.837e-01
2.526e-01 2.228e-01 5.671e-01 6.785e-01
2.543e-01 2.211e-01 5.629e-01 6.734e-01
2.561e-01 2.195e-01 5.586e-01 6.683e-01
2.579e-01 2.178e-01 5.544e-01 6.632e-01
2.597e-01 2.162e-01 5.502e-01 6.582e-01
2.615e-01 2.145e-01 5.460e-01 6.532e-01
2.633e-01 2.129e-01 5.419e-01 6.482e-01
2.651e-01 2.113e-01 5.378e-01 6.433e-01
2.669e-01 2.097e-01 5.337e-01 6.384e-01
2.688e-01 2.081e-01 5.297e-01 6.335e-01
2.707e-01 2.065e-01 5.257e-01 6.287e-01
2.725e-01 2.049e-01 5.217e-01 6.239e-01
2.744e-01 2.033e-01 5.177e-01 6.191e-01
2.763e-01 2.018e-01 5.138e-01 6.143e-01
2.783e-01 2.002e-01 5.099e-01 6.096e-01
2.802e-01 1.987e-01 5.060e-01 6.049e-01
2.821e-01 1.972e-01 5.022e-01 6.003e-01
2.841e-01 1.957e-01 4.984e-01 5.956e-01
2.861e-01 1.942e-01 4.946e-01 5.911e-01
2.880e-01 1.927e-01 4.908e-01 5.865e-01
2.900e-01 1.912e-01 4.871e-01 5.820e-01
2.921e-01 1.897e-01 4.834e-01 5.775e-01
2.941e-01 1.883e-01 4.797e-01 5.730e-01
2.961e-01 1.868e-01 4.760e-01 5.686e-01
2.982e-01 1.854e-01 4.724e-01 5.642e-01
3.002e-01 1.840e-01 4.688e-01 5.598e-01
3.023e-01 1.826e-01 4.652e-01 5.555e-01
3.044e-01 1.812e-01 4.616e-01 5.511e-01
3.065e-01 1.798e-01 4.581e-01 5.469e-01
3.087e-01 1.784e-01 4.546e-01 5.426e-01
3.108e-01 1.770e-01 4.511e-01 5.384e-01
3.130e-01 1.756e-01 4.476e-01 5.342e-01
3.151e-01 1.743e-01 4.442e-01 5.300e-01
3.173e-01 1.729e-01 4.408e-01 5.259e-01
3.195e-01 1.716e-01 4.374e-01 5.218e-01
3.217e-01 1.702e-01 4.340e-01 5.177e-01
3.240e-01 1.689e-01 4.307e-01 5.137e-01
3.262e-01 1.676e-01 4.274e-01 5.097e-01
3.285e-01 1.663e-01 4.241e-01 5.057e-01
3.308e-01 1.650e-01 4.208e-01 5.017e-01
3.331e-01 1.637e-01 4.176e-01 4.978e-01
3.354e-01 1.625e-01 4.143e-01 4.939e-01
3.377e-01 1.612e-01 4.111e-01 4.900e-01
3.400e-01 1.599e-01 4.079e-01 4.862e-01
3.424e-01 1.587e-01 4.048e-01 4.823e-01
3.448e-01 1.574e-01 4.016e-01 4.785e-01
3.472e-01 1.562e-01 3.985e-01 4.748e-01
3.496e-01 1.550e-01 3.954e-01 4.710e-01
3.520e-01 1.538e-01 3.924e-01 4.673e-01
3.544e-01 1.526e-01 3.893e-01 4.636e-01
3.569e-01 1.514e-01 3.863e-01 4.599e-01
3.594e-01 1.502e-01 3.833e-01 4.563e-01
3.619e-01 1.490e-01 3.803e-01 4.527e-01
3.644e-01 1.478e-01 3.773e-01 4.491e-01
3.669e-01 1.467e-01 3.744e-01 4.455e-01
3.695e-01 1.455e-01 3.715e-01 4.420e-01
3.720e-01 1.444e-01 3.685e-01 4.385e-01
3.746e-01 1.432e-01 3.657e-01 4.350e-01
3.772e-01 1.421e-01 3.628e-01 4.315e-01
3.798e-01 1.410e-01 3.600e-01 4.281e-01
3.825e-01 1.399e-01 3.571e-01 4.247e-01
3.851e-01 1.388e-01 3.543e-01 4.213e-01
3.878e-01 1.377e-01 3.515e-01 4.179e-01
3.905e-01 1.366e-01 3.488e-01 4.145e-01
3.932e-01 1.355e-01 3.460e-01 4.112e-01
3.959e-01 1.344e-01 3.433e-01 4.079e-01
3.987e-01 1.333e-01 3.406e-01 4.046e-01
4.014e-01 1.323e-01 3.379e-01 4.014e-01
4.042e-01 1.312e-01 3.353e-01 3.982e-01
4.070e-01 1.302e-01 3.326e-01 3.950e-01
4.098e-01 1.291e-01 3.300e-01 3.918e-01
4.127e-01 1.281e-01 3.274e-01 3.886e-01
4.155e-01 1.271e-01 3.248e-01 3.855e-01
4.184e-01 1.261e-01 3.222e-01 3.824e-01
4.213e-01 1.251e-01 3.197e-01 3.793e-01
4.243e-01 1.241e-01 3.171e-01 3.762e-01
4.272e-01 1.231e-01 3.146e-01 3.731e-01
4.302e-01 1.221e-01 3.121e-01 3.701e-01
4.331e-01 1.211e-01 3.096e-01 3.671e-01
4.362e-01 1.201e-01 3.072e-01 3.641e-01
4.392e-01 1.192e-01 3.047e-01 3.611e-01
4.422e-01 1.182e-01 3.023e-01 3.582e-01
4.453e-01 1.173e-01 2.999e-01 3.553e-01
4.484e-01 1.163e-01 2.975e-01 3.524e-01
4.515e-01 1.154e-01 2.951e-01 3.495e-01
4.546e-01 1.144e-01 2.928e-01 3.466e-01
4.578e-01 1.135e-01 2.904e-01 3.438e-01
4.610e-01 1.126e-01 2.881e-01 3.410e-01
4.642e-01 1.117e-01 2.857e-01 3.381e-01
4.674e-01 1.108e-01 2.834e-01 3.353e-01
4.706e-01 1.099e-01 2.811e-01 3.324e-01
4.739e-01 1.090e-01 2.788e-01 3.296e-01
4.772e-01 1.081e-01 2.766e-01 3.269e-01
4.805e-01 1.072e-01 2.743e-01 3.241e-01
4.838e-01 1.064e-01 2.721e-01 3.214e-01
4.872e-01 1.055e-01 2.699e-01 3.187e-01
4.906e-01 1.046e-01 2.677e-01 3.160e-01
4.940e-01 1.038e-01 2.655e-01 3.133e-01
4.974e-01 1.029e-01 2.633e-01 3.106e-01
5.008e-01 1.021e-01 2.612e-01 3.080e-01
5.043e-01 1.012e-01 2.590e-01 3.053e-01
5.078e-01 1.004e-01 2.569e-01 3.027e-01
5.113e-01 9.958e-02 2.548e-01 3.002e-01
5.149e-01 9.876e-02 2.527e-01 2.976e-01
5.185e-01 9.795e-02 2.506e-01 2.950e-01
5.221e-01 9.714e-02 2.485e-01 2.925e-01
5.257e-01 9.634e-02 2.465e-01 2.900e-01
5.293e-01 9.554e-02 2.445e-01 2.875e-01
5.330e-01 9.475e-02 2.424e-01 2.850e-01
5.367e-01 9.396e-02 2.404e-01 2.826e-01
5.404e-01 9.318e-02 2.384e-01 2.801e-01
5.442e-01 9.241e-02 2.365e-01 2.777e-01
5.479e-01 9.164e-02 2.345e-01 2.753e-01
5.517e-01 9.088e-02 2.326e-01 2.729e-01
5.556e-01 9.012e-02 2.306e-01 2.705e-01
5.594e-01 8.937e-02 2.287e-01 2.682e-01
5.633e-01 8.863e-02 2.268e-01 2.659e-01
5.672e-01 8.789e-02 2.249e-01 2.635e-01
5.712e-01 8.715e-02 2.230e-01 2.612e-01
5.751e-01 8.643e-02 2.212e-01 2.589e-01
5.791e-01 8.571e-02 2.193e-01 2.567e-01
5.831e-01 8.499e-02 2.174e-01 2.544e-01
5.872e-01 8.428e-02 2.156e-01 2.522e-01
5.913e-01 8.358e-02 2.138e-01 2.500e-01
5.954e-01 8.288e-02 2.120e-01 2.478e-01
5.995e-01 8.218e-02 2.102e-01 2.456e-01
6.036e-01 8.149e-02 2.084e-01 2.434e-01
6.078e-01 8.081e-02 2.066e-01 2.412e-01
6.120e-01 8.013e-02 2.049e-01 2.391e-01
6.163e-01 7.945e-02 2.031e-01 2.370e-01
6.206e-01 7.878e-02 2.014e-01 2.349e-01
6.249e-01 7.811e-02 1.997e-01 2.328e-01
6.292e-01 7.745e-02 1.980e-01 2.307e-01
6.336e-01 7.680e-02 1.962e-01 2.286e-01
6.380e-01 7.615e-02 1.945e-01 2.266e-01
6.424e-01 7.550e-02 1.928e-01 2.246e-01
6.469e-01 7.485e-02 1.912e-01 2.225e-01
6.513e-01 7.421e-02 1.895e-01 2.205e-01
6.559e-01 7.357e-02 1.878e-01 2.185e-01
6.604e-01 7.294e-02 1.861e-01 2.166e-01
6.650e-01 7.231e-02 1.845e-01 2.146e-01
6.696e-01 7.169e-02 1.828e-01 2.127e-01
6.743e-01 7.107e-02 1.812e-01 2.107e-01
6.789e-01 7.045e-02 1.796e-01 2.088e-01
6.837e-01 6.984e-02 1.780e-01 2.069e-01
6.884e-01 6.924e-02 1.764e-01 2.051e-01
6.932e-01 6.864e-02 1.748e-01 2.032e-01
6.980e-01 6.804e-02 1.733e-01 2.013e-01
7.028e-01 6.745e-02 1.717e-01 1.995e-01
7.077e-01 6.686e-02 1.702e-01 1.977e-01
7.126e-01 6.628e-02 1.686e-01 1.958e-01
7.176e-01 6.569e-02 1.671e-01 1.940e-01
7.225e-01 6.512e-02 1.656e-01 1.922e-01
7.275e-01 6.454e-02 1.641e-01 1.905e-01
7.326e-01 6.397e-02 1.626e-01 1.887e-01
7.377e-01 6.341e-02 1.611e-01 1.870e-01
7.428e-01 6.285e-02 1.597e-01 1.852e-01
7.480e-01 6.228e-02 1.582e-01 1.835e-01
7.531e-01 6.172e-02 1.568e-01 1.818e-01
7.584e-01 6.116e-02 1.553e-01 1.801e-01
7.636e-01 6.060e-02 1.539e-01 1.784e-01
7.689e-01 6.005e-02 1.525e-01 1.767e-01
7.743e-01 5.950e-02 1.511e-01 1.751e-01
7.796e-01 5.895e-02 1.496e-01 1.734e-01
7.850e-01 5.841e-02 1.483e-01 1.718e-01
7.905e-01 5.787e-02 1.469e-01 1.702e-01
7.960e-01 5.734e-02 1.455e-01 1.686e-01
8.015e-01 5.681e-02 1.441e-01 1.670e-01
8.071e-01 5.629e-02 1.428e-01 1.654e-01
8.127e-01 5.577e-02 1.414e-01 1.638e-01
8.183e-01 5.525e-02 1.401e-01 1.623e-01
8.240e-01 5.473e-02 1.388e-01 1.607e-01
8.297e-01 5.422e-02 1.374e-01 1.592e-01
8.355e-01 5.372e-02 1.361e-01 1.576e-01
8.412e-01 5.322e-02 1.348e-01 1.561e-01
8.471e-01 5.272e-02 1.336e-01 1.546e-01
8.530e-01 5.223e-02 1.323e-01 1.531e-01
8.589e-01 5.174e-02 1.310e-01 1.517e-01
8.648e-01 5.125e-02 1.298e-01 1.502e-01
8.708e-01 5.077e-02 1.285e-01 1.487e-01
8.769e-01 5.029e-02 1.273e-01 1.473e-01
8.830e-01 4.981e-02 1.260e-01 1.459e-01
8.891e-01 4.934e-02 1.248e-01 1.444e-01
8.953e-01 4.887e-02 1.236e-01 1.430e-01
9.015e-01 4.841e-02 1.224e-01 1.416e-01
9.077e-01 4.794e-02 1.212e-01 1.402e-01
9.140e-01 4.749e-02 1.200e-01 1.389e-01
9.204e-01 4.703e-02 1.189e-01 1.375e-01
9.268e-01 4.658e-02 1.177e-01 1.361e-01
9.332e-01 4.613e-02 1.166e-01 1.348e-01
9.397e-01 4.569e-02 1.154e-01 1.335e-01
9.462e-01 4.525e-02 1.143e-01 1.321e-01
9.527e-01 4.481e-02 1.131e-01 1.308e-01
9.594e-01 4.438e-02 1.120e-01 1.295e-01
9.660e-01 4.395e-02 1.109e-01 1.282e-01
9.727e-01 4.352e-02 1.098e-01 1.269e-01
9.795e-01 4.310e-02 1.088e-01 1.257e-01
9.863e-01 4.268e-02 1.077e-01 1.244e-01
9.931e-01 4.226e-02 1.066e-01 1.231e-01
1.000e+00 4.185e-02 1.056e-01 1.219e-01
1.007e+00 4.144e-02 1.045e-01 1.207e-01
1.014e+00 4.103e-02 1.035e-01 1.194e-01
1.021e+00 4.063e-02 1.025e-01 1.182e-01
1.028e+00 4.023e-02 1.014e-01 1.170e-01
1.035e+00 3.983e-02 1.004e-01 1.158e-01
1.042e+00 3.944e-02 9.941e-02 1.146e-01
1.050e+00 3.905e-02 9.841e-02 1.135e-01
1.057e+00 3.866e-02 9.742e-02 1.123e-01
1.064e+00 3.827e-02 9.644e-02 1.111e-01
1.072e+00 3.789e-02 9.546e-02 1.100e-01
1.079e+00 3.751e-02 9.449e-02 1.088e-01
1.087e+00 3.714e-02 9.354e-02 1.077e-01
1.094e+00 3.676e-02 9.259e-02 1.066e-01
1.102e+00 3.639e-02 9.164e-02 1.055e-01
1.109e+00 3.603e-02 9.071e-02 1.044e-01
1.117e+00 3.566e-02 8.978e-02 1.033e-01
1.125e+00 3.530e-02 8.886e-02 1.022e-01
1.133e+00 3.495e-02 8.794e-02 1.011e-01
1.140e+00 3.460e-02 8.704e-02 1.000e-01
1.148e+00 3.425e-02 8.614e-02 9.897e-02
1.156e+00 3.390e-02 8.524e-02 9.791e-02
1.164e+00 3.356e-02 8.436e-02 9.687e-02
1.172e+00 3.322e-02 8.348e-02 9.583e-02
1.181e+00 3.288e-02 8.260e-02 9.481e-02
1.189e+00 3.254e-02 8.174e-02 9.379e-02
1.197e+00 3.221e-02 8.088e-02 9.278e-02
1.205e+00 3.188e-02 8.004e-02 9.178e-02
1.214e+00 3.155e-02 7.920e-02 9.078e-02
1.222e+00 3.123e-02 7.837e-02 8.980e-02
1.231e+00 3.090e-02 7.754e-02 8.881e-02
1.239e+00 3.058e-02 7.671e-02 8.784e-02
1.248e+00 3.026e-02 7.590e-02 8.687e-02
1.256e+00 2.995e-02 7.509e-02 8.591e-02
1.265e+00 2.963e-02 7.429e-02 8.496e-02
1.274e+00 2.932e-02 7.349e-02 8.402e-02
1.283e+00 2.901e-02 7.270e-02 8.308e-02
1.292e+00 2.871e-02 7.192e-02 8.216e-02
1.301e+00 2.840e-02 7.114e-02 8.124e-02
1.310e+00 2.810e-02 7.037e-02 8.033e-02
1.319e+00 2.780e-02 6.960e-02 7.942e-02
1.328e+00 2.751e-02 6.885e-02 7.853e-02
1.337e+00 2.721e-02 6.809e-02 7.764e-02
1.346e+00 2.692e-02 6.734e-02 7.676e-02
1.356e+00 2.663e-02 6.660e-02 7.589e-02
1.365e+00 2.634e-02 6.586e-02 7.502e-02
1.374e+00 2.605e-02 6.512e-02 7.416e-02
1.384e+00 2.577e-02 6.440e-02 7.331e-02
1.394e+00 2.549e-02 6.368e-02 7.247e-02
1.403e+00 2.521e-02 6.296e-02 7.163e-02
1.413e+00 2.493e-02 6.226e-02 7.081e-02
1.423e+00 2.466e-02 6.155e-02 6.999e-02
1.433e+00 2.438e-02 6.086e-02 6.919e-02
1.443e+00 2.411e-02 6.017e-02 6.839e-02
1.453e+00 2.385e-02 5.948e-02 6.759e-02
1.463e+00 2.358e-02 5.880e-02 6.681e-02
1.473e+00 2.332e-02 5.813e-02 6.603e-02
1.483e+00 2.306e-02 5.746e-02 6.526e-02
1.493e+00 2.280e-02 5.680e-02 6.449e-02
1.504e+00 2.254e-02 5.615e-02 6.373e-02
1.514e+00 2.229e-02 5.550e-02 6.298e-02
1.525e+00 2.203e-02 5.485e-02 6.223e-02
1.535e+00 2.178e-02 5.422e-02 6.150e-02
1.546e+00 2.153e-02 5.360e-02 6.076e-02
1.557e+00 2.128e-02 5.298e-02 6.004e-02
1.567e+00 2.104e-02 5.236e-02 5.932e-02
1.578e+00 2.079e-02 5.175e-02 5.860e-02
1.589e+00 2.055e-02 5.115e-02 5.789e-02
1.600e+00 2.031e-02 5.055e-02 5.719e-02
1.611e+00 2.007e-02 4.995e-02 5.650e-02
1.623e+00 1.983e-02 4.936e-02 5.582e-02
1.634e+00 1.960e-02 4.877e-02 5.514e-02
1.645e+00 1.937e-02 4.819e-02 5.446e-02
1.657e+00 1.914e-02 4.761e-02 5.380e-02
1.668e+00 1.891e-02 4.704e-02 5.314e-02
1.680e+00 1.868e-02 4.648e-02 5.248e-02
1.691e+00 1.846e-02 4.592e-02 5.183e-02
1.703e+00 1.823e-02 4.536e-02 5.119e-02
1.715e+00 1.801e-02 4.481e-02 5.055e-02
1.727e+00 1.779e-02 4.426e-02 4.992e-02
1.739e+00 1.758e-02 4.371e-02 4.930e-02
1.751e+00 1.736e-02 4.316e-02 4.868e-02
1.763e+00 1.715e-02 4.262e-02 4.806e-02
1.775e+00 1.693e-02 4.209e-02 4.745e-02
1.788e+00 1.673e-02 4.155e-02 4.685e-02
1.800e+00 1.652e-02 4.103e-02 4.626e-02
1.812e+00 1.634e-02 4.057e-02 4.575e-02
1.825e+00 1.617e-02 4.013e-02 4.525e-02
1.838e+00 1.600e-02 3.968e-02 4.475e-02
1.850e+00 1.583e-02 3.925e-02 4.426e-02
1.863e+00 1.566e-02 3.881e-02 4.377e-02
1.876e+00 1.549e-02 3.838e-02 4.328e-02
1.889e+00 1.532e-02 3.795e-02 4.280e-02
1.902e+00 1.516e-02 3.753e-02 4.232e-02
1.916e+00 1.499e-02 3.711e-02 4.185e-02
1.929e+00 1.483e-02 3.670e-02 4.138e-02
1.942e+00 1.467e-02 3.628e-02 4.092e-02
1.956e+00 1.452e-02 3.588e-02 4.045e-02
1.969e+00 1.436e-02 3.548e-02 4.000e-02
1.983e+00 1.420e-02 3.508e-02 3.955e-02
1.997e+00 1.404e-02 3.468e-02 3.910e-02
2.010e+00 1.389e-02 3.429e-02 3.866e-02
2.024e+00 1.373e-02 3.390e-02 3.823e-02
2.038e+00 1.358e-02 3.351e-02 3.779e-02
2.053e+00 1.343e-02 3.313e-02 3.736e-02
2.067e+00 1.328e-02 3.275e-02 3.694e-02
2.081e+00 1.313e-02 3.237e-02 3.652e-02
2.096e+00 1.298e-02 3.200e-02 3.610e-02
2.110e+00 1.283e-02 3.162e-02 3.568e-02
2.125e+00 1.268e-02 3.126e-02 3.527e-02
2.140e+00 1.254e-02 3.089e-02 3.486e-02
2.154e+00 1.240e-02 3.053e-02 3.446e-02
2.169e+00 1.226e-02 3.017e-02 3.405e-02
2.184e+00 1.212e-02 2.982e-02 3.363e-02
2.200e+00 1.198e-02 2.946e-02 3.322e-02
2.215e+00 1.184e-02 2.911e-02 3.281e-02
2.230e+00 1.171e-02 2.877e-02 3.241e-02
2.246e+00 1.158e-02 2.842e-02 3.201e-02
2.261e+00 1.144e-02 2.808e-02 3.161e-02
2.277e+00 1.138e-02 2.791e-02 3.141e-02
2.293e+00 1.135e-02 2.783e-02 3.130e-02
2.309e+00 1.132e-02 2.775e-02 3.120e-02
2.325e+00 1.129e-02 2.767e-02 3.109e-02
2.341e+00 1.126e-02 2.759e-02 3.098e-02
2.357e+00 1.123e-02 2.751e-02 3.087e-02
2.373e+00 1.120e-02 2.742e-02 3.076e-02
2.390e+00 1.116e-02 2.734e-02 3.064e-02
2.406e+00 1.113e-02 2.725e-02 3.052e-02
2.423e+00 1.110e-02 2.716e-02 3.040e-02
2.440e+00 1.106e-02 2.707e-02 3.027e-02
2.457e+00 9.468e-03 2.316e-02 2.588e-02
2.474e+00 7.666e-03 1.875e-02 2.094e-02
2.491e+00 3.468e-03 8.477e-03 9.459e-03
2.508e+00 7.633e-04 1.866e-03 2.080e-03
2.526e+00 2.557e-03 6.249e-03 6.961e-03
2.543e+00 3.955e-03 9.657e-03 1.075e-02
2.561e+00 4.921e-03 1.201e-02 1.336e-02
2.579e+00 5.475e-03 1.336e-02 1.485e-02
2.597e+00 5.864e-03 1.430e-02 1.588e-02
2.615e+00 5.998e-03 1.462e-02 1.622e-02
2.633e+00 6.128e-03 1.493e-02 1.655e-02
2.651e+00 6.254e-03 1.523e-02 1.687e-02
2.669e+00 6.378e-03 1.553e-02 1.718e-02
2.688e+00 6.498e-03 1.581e-02 1.748e-02
2.707e+00 6.633e-03 1.613e-02 1.783e-02
2.725e+00 7.296e-03 1.773e-02 1.958e-02
2.744e+00 6.970e-03 1.693e-02 1.868e-02
2.763e+00 6.246e-03 1.516e-02 1.671e-02
2.783e+00 5.940e-03 1.441e-02 1.586e-02
2.802e+00 5.871e-03 1.423e-02 1.565e-02
2.821e+00 5.812e-03 1.408e-02 1.547e-02
2.841e+00 5.753e-03 1.393e-02 1.528e-02
2.861e+00 5.695e-03 1.378e-02 1.510e-02
2.880e+00 5.638e-03 1.363e-02 1.492e-02
2.900e+00 5.582e-03 1.348e-02 1.473e-02
2.921e+00 5.526e-03 1.334e-02 1.456e-02
2.941e+00 5.470e-03 1.319e-02 1.438e-02
2.961e+00 5.415e-03 1.305e-02 1.421e-02
2.982e+00 5.360e-03 1.291e-02 1.404e-02
3.002e+00 5.305e-03 1.277e-02 1.387e-02
3.023e+00 5.250e-03 1.263e-02 1.370e-02
3.044e+00 5.194e-03 1.249e-02 1.353e-02
3.065e+00 5.138e-03 1.235e-02 1.336e-02
3.087e+00 5.083e-03 1.221e-02 1.320e-02
3.108e+00 5.027e-03 1.207e-02 1.303e-02
3.130e+00 4.972e-03 1.193e-02 1.288e-02
3.151e+00 4.917e-03 1.179e-02 1.272e-02
3.173e+00 4.862e-03 1.165e-02 1.257e-02
3.195e+00 4.808e-03 1.151e-02 1.241e-02
3.217e+00 4.756e-03 1.137e-02 1.226e-02
3.240e+00 4.706e-03 1.124e-02 1.211e-02
3.262e+00 4.657e-03 1.110e-02 1.196e-02
3.285e+00 4.608e-03 1.096e-02 1.181e-02
3.308e+00 4.559e-03 1.083e-02 1.166e-02
3.331e+00 4.510e-03 1.069e-02 1.151e-02
3.354e+00 4.462e-03 1.056e-02 1.136e-02
3.377e+00 4.512e-03 1.066e-02 1.147e-02
3.400e+00 4.587e-03 1.082e-02 1.163e-02
3.424e+00 4.658e-03 1.097e-02 1.179e-02
3.448e+00 5.115e-03 1.204e-02 1.293e-02
3.472e+00 3.698e-03 8.703e-03 9.333e-03
3.496e+00 1.609e-03 3.786e-03 4.057e-03
3.520e+00 2.690e-03 6.326e-03 6.776e-03
3.544e+00 3.044e-03 7.155e-03 7.661e-03
3.569e+00 3.118e-03 7.322e-03 7.838e-03
3.594e+00 3.038e-03 7.133e-03 7.632e-03
3.619e+00 3.058e-03 7.174e-03 7.674e-03
3.644e+00 3.079e-03 7.213e-03 7.713e-03
3.669e+00 3.098e-03 7.249e-03 7.748e-03
3.695e+00 3.100e-03 7.246e-03 7.743e-03
3.720e+00 3.099e-03 7.234e-03 7.728e-03
3.746e+00 3.097e-03 7.220e-03 7.712e-03
3.772e+00 3.095e-03 7.205e-03 7.694e-03
3.798e+00 3.093e-03 7.189e-03 7.675e-03
3.825e+00 3.088e-03 7.170e-03 7.654e-03
3.851e+00 3.278e-03 7.601e-03 8.112e-03
3.878e+00 3.940e-03 9.128e-03 9.737e-03
3.905e+00 1.912e-03 4.425e-03 4.717e-03
3.932e+00 2.268e-03 5.245e-03 5.587e-03
3.959e+00 2.383e-03 5.505e-03 5.860e-03
3.987e+00 2.463e-03 5.683e-03 6.045e-03
4.014e+00 2.511e-03 5.791e-03 6.153e-03
4.042e+00 2.558e-03 5.896e-03 6.257e-03
4.070e+00 2.706e-03 6.236e-03 6.610e-03
4.098e+00 8.101e-04 1.866e-03 1.976e-03
4.127e+00 2.016e-03 4.644e-03 4.912e-03
4.155e+00 2.141e-03 4.932e-03 5.211e-03
4.184e+00 2.298e-03 5.296e-03 5.589e-03
4.213e+00 3.371e-03 7.766e-03 8.190e-03
4.243e+00 1.959e-03 4.512e-03 4.755e-03
4.272e+00 2.160e-03 4.970e-03 5.241e-03
4.302e+00 1.686e-03 3.875e-03 4.089e-03
4.331e+00 2.081e-03 4.779e-03 5.047e-03
4.362e+00 1.874e-03 4.297e-03 4.541e-03
4.392e+00 1.824e-03 4.178e-03 4.416e-03
4.422e+00 1.786e-03 4.087e-03 4.321e-03
4.453e+00 1.749e-03 4.001e-03 4.227e-03
4.484e+00 1.713e-03 3.916e-03 4.135e-03
4.515e+00 1.677e-03 3.833e-03 4.045e-03
4.546e+00 1.642e-03 3.751e-03 3.956e-03
4.578e+00 1.608e-03 3.670e-03 3.868e-03
4.610e+00 1.574e-03 3.590e-03 3.782e-03
4.642e+00 1.541e-03 3.512e-03 3.697e-03
4.674e+00 1.508e-03 3.436e-03 3.614e-03
4.706e+00 1.476e-03 3.360e-03 3.532e-03
4.739e+00 1.445e-03 3.286e-03 3.452e-03
4.772e+00 1.414e-03 3.214e-03 3.372e-03
4.805e+00 1.383e-03 3.143e-03 3.294e-03
4.838e+00 1.353e-03 3.073e-03 3.219e-03
4.872e+00 1.323e-03 3.005e-03 3.146e-03
4.906e+00 1.294e-03 2.938e-03 3.074e-03
4.940e+00 1.266e-03 2.872e-03 3.003e-03
4.974e+00 1.238e-03 2.806e-03 2.933e-03
5.008e+00 1.211e-03 2.742e-03 2.864e-03
5.043e+00 1.185e-03 2.679e-03 2.797e-03
5.078e+00 1.158e-03 2.617e-03 2.730e-03
5.113e+00 1.133e-03 2.555e-03 2.665e-03
5.149e+00 1.106e-03 2.496e-03 2.601e-03
5.185e+00 1.080e-03 2.437e-03 2.538e-03
5.221e+00 1.055e-03 2.380e-03 2.478e-03
5.257e+00 1.030e-03 2.324e-03 2.418e-03
5.293e+00 1.006e-03 2.269e-03 2.360e-03
5.330e+00 9.833e-04 2.215e-03 2.303e-03
5.367e+00 9.611e-04 2.162e-03 2.246e-03
5.404e+00 9.392e-04 2.110e-03 2.191e-03
5.442e+00 9.175e-04 2.060e-03 2.137e-03
5.479e+00 8.961e-04 2.010e-03 2.084e-03
5.517e+00 8.749e-04 1.961e-03 2.032e-03
5.556e+00 8.538e-04 1.913e-03 1.981e-03
5.594e+00 8.331e-04 1.866e-03 1.932e-03
5.633e+00 8.129e-04 1.821e-03 1.883e-03
5.672e+00 7.931e-04 1.776e-03 1.835e-03
5.712e+00 7.738e-04 1.733e-03 1.789e-03
5.751e+00 7.549e-04 1.691e-03 1.743e-03
5.791e+00 7.363e-04 1.649e-03 1.698e-03
5.831e+00 7.181e-04 1.608e-03 1.654e-03
5.872e+00 7.003e-04 1.568e-03 1.611e-03
5.913e+00 6.833e-04 1.527e-03 1.569e-03
5.954e+00 6.668e-04 1.488e-03 1.528e-03
5.995e+00 6.506e-04 1.449e-03 1.488e-03
6.036e+00 6.347e-04 1.411e-03 1.448e-03
6.078e+00 6.188e-04 1.374e-03 1.409e-03
6.120e+00 6.029e-04 1.337e-03 1.371e-03
6.163e+00 5.872e-04 1.302e-03 1.334e-03
6.206e+00 5.719e-04 1.267e-03 1.298e-03
6.249e+00 5.585e-04 1.237e-03 1.266e-03
6.292e+00 5.467e-04 1.210e-03 1.238e-03
6.336e+00 5.351e-04 1.184e-03 1.210e-03
6.380e+00 5.237e-04 1.159e-03 1.183e-03
6.424e+00 5.124e-04 1.134e-03 1.157e-03
6.469e+00 5.012e-04 1.109e-03 1.131e-03
6.513e+00 4.903e-04 1.085e-03 1.105e-03
6.559e+00 4.796e-04 1.061e-03 1.080e-03
6.604e+00 4.690e-04 1.037e-03 1.055e-03
6.650e+00 4.586e-04 1.013e-03 1.030e-03
6.696e+00 4.621e-04 1.020e-03 1.037e-03
6.743e+00 5.237e-04 1.156e-03 1.175e-03
6.789e+00 5.602e-04 1.237e-03 1.256e-03
6.837e+00 4.319e-04 9.529e-04 9.668e-04
6.884e+00 3.967e-04 8.747e-04 8.865e-04
6.932e+00 3.722e-04 8.198e-04 8.305e-04
6.980e+00 3.623e-04 7.973e-04 8.073e-04
7.028e+00 3.534e-04 7.769e-04 7.862e-04
7.077e+00 3.447e-04 7.566e-04 7.656e-04
7.126e+00 3.362e-04 7.370e-04 7.459e-04
7.176e+00 3.279e-04 7.177e-04 7.267e-04
7.225e+00 3.195e-04 6.989e-04 7.078e-04
7.275e+00 3.114e-04 6.806e-04 6.892e-04
7.326e+00 3.033e-04 6.628e-04 6.709e-04
7.377e+00 2.954e-04 6.452e-04 6.529e-04
7.428e+00 2.876e-04 6.279e-04 6.353e-04
7.480e+00 2.798e-04 6.107e-04 6.180e-04
7.531e+00 2.722e-04 5.942e-04 6.009e-04
7.584e+00 2.647e-04 5.780e-04 5.842e-04
7.636e+00 2.578e-04 5.619e-04 5.678e-04
7.689e+00 2.511e-04 5.462e-04 5.528e-04
7.743e+00 2.446e-04 5.307e-04 5.383e-04
7.796e+00 2.382e-04 5.156e-04 5.241e-04
7.850e+00 2.318e-04 5.015e-04 5.101e-04
7.905e+00 2.255e-04 4.881e-04 4.960e-04
7.960e+00 2.193e-04 4.750e-04 4.821e-04
8.015e+00 2.219e-04 4.809e-04 4.877e-04
8.071e+00 2.147e-04 4.653e-04 4.719e-04
8.127e+00 2.059e-04 4.460e-04 4.525e-04
8.183e+00 1.974e-04 4.272e-04 4.336e-04
8.240e+00 1.919e-04 4.151e-04 4.212e-04
8.297e+00 1.870e-04 4.044e-04 4.102e-04
8.355e+00 1.822e-04 3.939e-04 3.994e-04
8.412e+00 1.774e-04 3.835e-04 3.888e-04
8.471e+00 1.744e-04 3.771e-04 3.821e-04
8.530e+00 1.704e-04 3.683e-04 3.730e-04
8.589e+00 1.666e-04 3.594e-04 3.636e-04
8.648e+00 1.628e-04 3.506e-04 3.553e-04
8.708e+00 1.675e-04 3.600e-04 3.656e-04
8.769e+00 1.543e-04 3.316e-04 3.374e-04
8.830e+00 1.565e-04 3.366e-04 3.423e-04
8.891e+00 1.489e-04 3.205e-04 3.254e-04
8.953e+00 1.456e-04 3.136e-04 3.177e-04
9.015e+00 1.372e-04 2.955e-04 2.985e-04
9.077e+00 1.404e-04 3.022e-04 3.044e-04
9.140e+00 1.372e-04 2.952e-04 2.966e-04
9.204e+00 1.341e-04 2.881e-04 2.893e-04
9.268e+00 1.311e-04 2.810e-04 2.824e-04
9.332e+00 1.281e-04 2.739e-04 2.756e-04
9.397e+00 1.242e-04 2.653e-04 2.671e-04
9.462e+00 1.178e-04 2.518e-04 2.533e-04
9.527e+00 1.117e-04 2.387e-04 2.400e-04
9.594e+00 1.058e-04 2.260e-04 2.272e-04
9.660e+00 9.576e-05 2.043e-04 2.054e-04
9.727e+00 8.384e-05 1.784e-04 1.794e-04
9.795e+00 7.899e-05 1.677e-04 1.685e-04
9.863e+00 7.749e-05 1.642e-04 1.648e-04
9.931e+00 7.606e-05 1.611e-04 1.617e-04
1.000e+01 7.461e-05 1.581e-04 1.587e-04
