# e- + B+ + LiH -> B + LiH+ + e-
# Number of initial vibrational states: 3
# Number of final vibrational states: 6
# R = 2 AngstromE_in [eV] | xs [Mb]
1.000e-02 9.647e+04 2.468e+05 2.952e+05
1.007e-02 9.580e+04 2.451e+05 2.932e+05
1.014e-02 9.514e+04 2.434e+05 2.912e+05
1.021e-02 9.448e+04 2.417e+05 2.891e+05
1.028e-02 9.383e+04 2.400e+05 2.871e+05
1.035e-02 9.318e+04 2.384e+05 2.852e+05
1.042e-02 9.253e+04 2.367e+05 2.832e+05
1.050e-02 9.189e+04 2.351e+05 2.812e+05
1.057e-02 9.126e+04 2.335e+05 2.793e+05
1.064e-02 9.062e+04 2.319e+05 2.773e+05
1.072e-02 9.000e+04 2.302e+05 2.754e+05
1.079e-02 8.938e+04 2.287e+05 2.735e+05
1.087e-02 8.876e+04 2.271e+05 2.716e+05
1.094e-02 8.814e+04 2.255e+05 2.697e+05
1.102e-02 8.753e+04 2.239e+05 2.679e+05
1.109e-02 8.693e+04 2.224e+05 2.660e+05
1.117e-02 8.633e+04 2.209e+05 2.642e+05
1.125e-02 8.573e+04 2.193e+05 2.623e+05
1.133e-02 8.514e+04 2.178e+05 2.605e+05
1.140e-02 8.455e+04 2.163e+05 2.587e+05
1.148e-02 8.396e+04 2.148e+05 2.569e+05
1.156e-02 8.338e+04 2.133e+05 2.552e+05
1.164e-02 8.280e+04 2.118e+05 2.534e+05
1.172e-02 8.223e+04 2.104e+05 2.516e+05
1.181e-02 8.166e+04 2.089e+05 2.499e+05
1.189e-02 8.110e+04 2.075e+05 2.482e+05
1.197e-02 8.053e+04 2.060e+05 2.464e+05
1.205e-02 7.998e+04 2.046e+05 2.447e+05
1.214e-02 7.942e+04 2.032e+05 2.430e+05
1.222e-02 7.887e+04 2.018e+05 2.414e+05
1.231e-02 7.833e+04 2.004e+05 2.397e+05
1.239e-02 7.779e+04 1.990e+05 2.380e+05
1.248e-02 7.725e+04 1.976e+05 2.364e+05
1.256e-02 7.671e+04 1.962e+05 2.347e+05
1.265e-02 7.618e+04 1.949e+05 2.331e+05
1.274e-02 7.565e+04 1.935e+05 2.315e+05
1.283e-02 7.513e+04 1.922e+05 2.299e+05
1.292e-02 7.461e+04 1.909e+05 2.283e+05
1.301e-02 7.409e+04 1.895e+05 2.267e+05
1.310e-02 7.358e+04 1.882e+05 2.252e+05
1.319e-02 7.307e+04 1.869e+05 2.236e+05
1.328e-02 7.256e+04 1.856e+05 2.220e+05
1.337e-02 7.206e+04 1.844e+05 2.205e+05
1.346e-02 7.156e+04 1.831e+05 2.190e+05
1.356e-02 7.107e+04 1.818e+05 2.175e+05
1.365e-02 7.057e+04 1.805e+05 2.160e+05
1.374e-02 7.009e+04 1.793e+05 2.145e+05
1.384e-02 6.960e+04 1.781e+05 2.130e+05
1.394e-02 6.912e+04 1.768e+05 2.115e+05
1.403e-02 6.864e+04 1.756e+05 2.100e+05
1.413e-02 6.816e+04 1.744e+05 2.086e+05
1.423e-02 6.769e+04 1.732e+05 2.071e+05
1.433e-02 6.722e+04 1.720e+05 2.057e+05
1.443e-02 6.676e+04 1.708e+05 2.043e+05
1.453e-02 6.629e+04 1.696e+05 2.029e+05
1.463e-02 6.584e+04 1.684e+05 2.014e+05
1.473e-02 6.538e+04 1.673e+05 2.001e+05
1.483e-02 6.493e+04 1.661e+05 1.987e+05
1.493e-02 6.448e+04 1.649e+05 1.973e+05
1.504e-02 6.403e+04 1.638e+05 1.959e+05
1.514e-02 6.359e+04 1.627e+05 1.946e+05
1.525e-02 6.315e+04 1.615e+05 1.932e+05
1.535e-02 6.271e+04 1.604e+05 1.919e+05
1.546e-02 6.227e+04 1.593e+05 1.905e+05
1.557e-02 6.184e+04 1.582e+05 1.892e+05
1.567e-02 6.141e+04 1.571e+05 1.879e+05
1.578e-02 6.099e+04 1.560e+05 1.866e+05
1.589e-02 6.056e+04 1.549e+05 1.853e+05
1.600e-02 6.014e+04 1.539e+05 1.840e+05
1.611e-02 5.973e+04 1.528e+05 1.828e+05
1.623e-02 5.931e+04 1.517e+05 1.815e+05
1.634e-02 5.890e+04 1.507e+05 1.802e+05
1.645e-02 5.849e+04 1.496e+05 1.790e+05
1.657e-02 5.809e+04 1.486e+05 1.777e+05
1.668e-02 5.769e+04 1.476e+05 1.765e+05
1.680e-02 5.729e+04 1.465e+05 1.753e+05
1.691e-02 5.689e+04 1.455e+05 1.741e+05
1.703e-02 5.649e+04 1.445e+05 1.729e+05
1.715e-02 5.610e+04 1.435e+05 1.717e+05
1.727e-02 5.571e+04 1.425e+05 1.705e+05
1.739e-02 5.533e+04 1.415e+05 1.693e+05
1.751e-02 5.494e+04 1.405e+05 1.681e+05
1.763e-02 5.456e+04 1.396e+05 1.669e+05
1.775e-02 5.418e+04 1.386e+05 1.658e+05
1.788e-02 5.381e+04 1.376e+05 1.646e+05
1.800e-02 5.343e+04 1.367e+05 1.635e+05
1.812e-02 5.306e+04 1.357e+05 1.624e+05
1.825e-02 5.270e+04 1.348e+05 1.612e+05
1.838e-02 5.233e+04 1.339e+05 1.601e+05
1.850e-02 5.197e+04 1.329e+05 1.590e+05
1.863e-02 5.161e+04 1.320e+05 1.579e+05
1.876e-02 5.125e+04 1.311e+05 1.568e+05
1.889e-02 5.089e+04 1.302e+05 1.557e+05
1.902e-02 5.054e+04 1.293e+05 1.546e+05
1.916e-02 5.019e+04 1.284e+05 1.535e+05
1.929e-02 4.984e+04 1.275e+05 1.525e+05
1.942e-02 4.949e+04 1.266e+05 1.514e+05
1.956e-02 4.915e+04 1.257e+05 1.504e+05
1.969e-02 4.881e+04 1.249e+05 1.493e+05
1.983e-02 4.847e+04 1.240e+05 1.483e+05
1.997e-02 4.813e+04 1.231e+05 1.473e+05
2.010e-02 4.780e+04 1.223e+05 1.462e+05
2.024e-02 4.747e+04 1.214e+05 1.452e+05
2.038e-02 4.714e+04 1.206e+05 1.442e+05
2.053e-02 4.681e+04 1.197e+05 1.432e+05
2.067e-02 4.649e+04 1.189e+05 1.422e+05
2.081e-02 4.616e+04 1.181e+05 1.412e+05
2.096e-02 4.584e+04 1.173e+05 1.402e+05
2.110e-02 4.552e+04 1.164e+05 1.393e+05
2.125e-02 4.521e+04 1.156e+05 1.383e+05
2.140e-02 4.489e+04 1.148e+05 1.373e+05
2.154e-02 4.458e+04 1.140e+05 1.364e+05
2.169e-02 4.427e+04 1.132e+05 1.354e+05
2.184e-02 4.397e+04 1.125e+05 1.345e+05
2.200e-02 4.366e+04 1.117e+05 1.336e+05
2.215e-02 4.336e+04 1.109e+05 1.326e+05
2.230e-02 4.306e+04 1.101e+05 1.317e+05
2.246e-02 4.276e+04 1.094e+05 1.308e+05
2.261e-02 4.246e+04 1.086e+05 1.299e+05
2.277e-02 4.216e+04 1.078e+05 1.290e+05
2.293e-02 4.187e+04 1.071e+05 1.281e+05
2.309e-02 4.158e+04 1.064e+05 1.272e+05
2.325e-02 4.129e+04 1.056e+05 1.263e+05
2.341e-02 4.100e+04 1.049e+05 1.254e+05
2.357e-02 4.072e+04 1.042e+05 1.246e+05
2.373e-02 4.044e+04 1.034e+05 1.237e+05
2.390e-02 4.015e+04 1.027e+05 1.228e+05
2.406e-02 3.988e+04 1.020e+05 1.220e+05
2.423e-02 3.960e+04 1.013e+05 1.211e+05
2.440e-02 3.932e+04 1.006e+05 1.203e+05
2.457e-02 3.905e+04 9.988e+04 1.194e+05
2.474e-02 3.878e+04 9.918e+04 1.186e+05
2.491e-02 3.851e+04 9.849e+04 1.178e+05
2.508e-02 3.824e+04 9.781e+04 1.170e+05
2.526e-02 3.797e+04 9.713e+04 1.162e+05
2.543e-02 3.771e+04 9.645e+04 1.153e+05
2.561e-02 3.745e+04 9.578e+04 1.145e+05
2.579e-02 3.719e+04 9.511e+04 1.137e+05
2.597e-02 3.693e+04 9.445e+04 1.130e+05
2.615e-02 3.667e+04 9.379e+04 1.122e+05
2.633e-02 3.642e+04 9.314e+04 1.114e+05
2.651e-02 3.616e+04 9.249e+04 1.106e+05
2.669e-02 3.591e+04 9.185e+04 1.098e+05
2.688e-02 3.566e+04 9.121e+04 1.091e+05
2.707e-02 3.541e+04 9.057e+04 1.083e+05
2.725e-02 3.517e+04 8.994e+04 1.076e+05
2.744e-02 3.492e+04 8.932e+04 1.068e+05
2.763e-02 3.468e+04 8.869e+04 1.061e+05
2.783e-02 3.444e+04 8.808e+04 1.053e+05
2.802e-02 3.420e+04 8.746e+04 1.046e+05
2.821e-02 3.396e+04 8.685e+04 1.039e+05
2.841e-02 3.372e+04 8.625e+04 1.031e+05
2.861e-02 3.349e+04 8.565e+04 1.024e+05
2.880e-02 3.325e+04 8.505e+04 1.017e+05
2.900e-02 3.302e+04 8.446e+04 1.010e+05
2.921e-02 3.279e+04 8.387e+04 1.003e+05
2.941e-02 3.256e+04 8.329e+04 9.960e+04
2.961e-02 3.234e+04 8.270e+04 9.890e+04
2.982e-02 3.211e+04 8.213e+04 9.821e+04
3.002e-02 3.189e+04 8.156e+04 9.753e+04
3.023e-02 3.167e+04 8.099e+04 9.685e+04
3.044e-02 3.145e+04 8.042e+04 9.617e+04
3.065e-02 3.123e+04 7.986e+04 9.550e+04
3.087e-02 3.101e+04 7.930e+04 9.483e+04
3.108e-02 3.079e+04 7.875e+04 9.417e+04
3.130e-02 3.058e+04 7.820e+04 9.352e+04
3.151e-02 3.037e+04 7.766e+04 9.286e+04
3.173e-02 3.015e+04 7.712e+04 9.221e+04
3.195e-02 2.994e+04 7.658e+04 9.157e+04
3.217e-02 2.973e+04 7.604e+04 9.093e+04
3.240e-02 2.953e+04 7.551e+04 9.030e+04
3.262e-02 2.932e+04 7.499e+04 8.967e+04
3.285e-02 2.912e+04 7.446e+04 8.904e+04
3.308e-02 2.891e+04 7.394e+04 8.842e+04
3.331e-02 2.871e+04 7.343e+04 8.780e+04
3.354e-02 2.851e+04 7.291e+04 8.719e+04
3.377e-02 2.831e+04 7.240e+04 8.658e+04
3.400e-02 2.811e+04 7.190e+04 8.597e+04
3.424e-02 2.792e+04 7.140e+04 8.537e+04
3.448e-02 2.772e+04 7.090e+04 8.478e+04
3.472e-02 2.753e+04 7.040e+04 8.418e+04
3.496e-02 2.734e+04 6.991e+04 8.360e+04
3.520e-02 2.715e+04 6.942e+04 8.301e+04
3.544e-02 2.696e+04 6.894e+04 8.243e+04
3.569e-02 2.677e+04 6.846e+04 8.186e+04
3.594e-02 2.658e+04 6.798e+04 8.128e+04
3.619e-02 2.640e+04 6.750e+04 8.071e+04
3.644e-02 2.621e+04 6.703e+04 8.015e+04
3.669e-02 2.603e+04 6.656e+04 7.959e+04
3.695e-02 2.585e+04 6.610e+04 7.903e+04
3.720e-02 2.567e+04 6.564e+04 7.848e+04
3.746e-02 2.549e+04 6.518e+04 7.793e+04
3.772e-02 2.531e+04 6.472e+04 7.739e+04
3.798e-02 2.513e+04 6.427e+04 7.684e+04
3.825e-02 2.496e+04 6.382e+04 7.631e+04
3.851e-02 2.478e+04 6.337e+04 7.577e+04
3.878e-02 2.461e+04 6.293e+04 7.524e+04
3.905e-02 2.444e+04 6.249e+04 7.472e+04
3.932e-02 2.427e+04 6.205e+04 7.419e+04
3.959e-02 2.410e+04 6.162e+04 7.367e+04
3.987e-02 2.393e+04 6.119e+04 7.316e+04
4.014e-02 2.376e+04 6.076e+04 7.265e+04
4.042e-02 2.359e+04 6.033e+04 7.214e+04
4.070e-02 2.343e+04 5.991e+04 7.163e+04
4.098e-02 2.327e+04 5.949e+04 7.113e+04
4.127e-02 2.310e+04 5.907e+04 7.063e+04
4.155e-02 2.294e+04 5.866e+04 7.014e+04
4.184e-02 2.278e+04 5.825e+04 6.964e+04
4.213e-02 2.262e+04 5.784e+04 6.916e+04
4.243e-02 2.246e+04 5.744e+04 6.867e+04
4.272e-02 2.231e+04 5.703e+04 6.819e+04
4.302e-02 2.215e+04 5.664e+04 6.771e+04
4.331e-02 2.199e+04 5.624e+04 6.724e+04
4.362e-02 2.184e+04 5.584e+04 6.677e+04
4.392e-02 2.169e+04 5.545e+04 6.630e+04
4.422e-02 2.154e+04 5.506e+04 6.583e+04
4.453e-02 2.138e+04 5.468e+04 6.537e+04
4.484e-02 2.124e+04 5.429e+04 6.491e+04
4.515e-02 2.109e+04 5.391e+04 6.446e+04
4.546e-02 2.094e+04 5.354e+04 6.400e+04
4.578e-02 2.079e+04 5.316e+04 6.356e+04
4.610e-02 2.065e+04 5.279e+04 6.311e+04
4.642e-02 2.050e+04 5.242e+04 6.267e+04
4.674e-02 2.036e+04 5.205e+04 6.223e+04
4.706e-02 2.021e+04 5.168e+04 6.179e+04
4.739e-02 2.007e+04 5.132e+04 6.136e+04
4.772e-02 1.993e+04 5.096e+04 6.092e+04
4.805e-02 1.979e+04 5.060e+04 6.050e+04
4.838e-02 1.965e+04 5.025e+04 6.007e+04
4.872e-02 1.952e+04 4.990e+04 5.965e+04
4.906e-02 1.938e+04 4.955e+04 5.923e+04
4.940e-02 1.924e+04 4.920e+04 5.881e+04
4.974e-02 1.911e+04 4.885e+04 5.840e+04
5.008e-02 1.897e+04 4.851e+04 5.799e+04
5.043e-02 1.884e+04 4.817e+04 5.758e+04
5.078e-02 1.871e+04 4.783e+04 5.718e+04
5.113e-02 1.858e+04 4.749e+04 5.677e+04
5.149e-02 1.845e+04 4.716e+04 5.638e+04
5.185e-02 1.832e+04 4.683e+04 5.598e+04
5.221e-02 1.819e+04 4.650e+04 5.558e+04
5.257e-02 1.806e+04 4.617e+04 5.519e+04
5.293e-02 1.793e+04 4.585e+04 5.481e+04
5.330e-02 1.781e+04 4.552e+04 5.442e+04
5.367e-02 1.768e+04 4.520e+04 5.404e+04
5.404e-02 1.756e+04 4.489e+04 5.366e+04
5.442e-02 1.743e+04 4.457e+04 5.328e+04
5.479e-02 1.731e+04 4.426e+04 5.290e+04
5.517e-02 1.719e+04 4.394e+04 5.253e+04
5.556e-02 1.707e+04 4.364e+04 5.216e+04
5.594e-02 1.695e+04 4.333e+04 5.179e+04
5.633e-02 1.683e+04 4.302e+04 5.143e+04
5.672e-02 1.671e+04 4.272e+04 5.106e+04
5.712e-02 1.659e+04 4.242e+04 5.070e+04
5.751e-02 1.648e+04 4.212e+04 5.035e+04
5.791e-02 1.636e+04 4.182e+04 4.999e+04
5.831e-02 1.625e+04 4.153e+04 4.964e+04
5.872e-02 1.613e+04 4.124e+04 4.929e+04
5.913e-02 1.602e+04 4.095e+04 4.894e+04
5.954e-02 1.591e+04 4.066e+04 4.860e+04
5.995e-02 1.579e+04 4.037e+04 4.825e+04
6.036e-02 1.568e+04 4.009e+04 4.791e+04
6.078e-02 1.557e+04 3.980e+04 4.757e+04
6.120e-02 1.546e+04 3.952e+04 4.724e+04
6.163e-02 1.535e+04 3.924e+04 4.690e+04
6.206e-02 1.524e+04 3.896e+04 4.657e+04
6.249e-02 1.514e+04 3.869e+04 4.624e+04
6.292e-02 1.503e+04 3.842e+04 4.592e+04
6.336e-02 1.492e+04 3.814e+04 4.559e+04
6.380e-02 1.482e+04 3.788e+04 4.527e+04
6.424e-02 1.471e+04 3.761e+04 4.495e+04
6.469e-02 1.461e+04 3.734e+04 4.463e+04
6.513e-02 1.451e+04 3.708e+04 4.432e+04
6.559e-02 1.440e+04 3.681e+04 4.400e+04
6.604e-02 1.430e+04 3.655e+04 4.369e+04
6.650e-02 1.420e+04 3.630e+04 4.338e+04
6.696e-02 1.410e+04 3.604e+04 4.308e+04
6.743e-02 1.400e+04 3.578e+04 4.277e+04
6.789e-02 1.390e+04 3.553e+04 4.247e+04
6.837e-02 1.381e+04 3.528e+04 4.217e+04
6.884e-02 1.371e+04 3.503e+04 4.187e+04
6.932e-02 1.361e+04 3.478e+04 4.157e+04
6.980e-02 1.351e+04 3.453e+04 4.128e+04
7.028e-02 1.342e+04 3.429e+04 4.099e+04
7.077e-02 1.332e+04 3.405e+04 4.069e+04
7.126e-02 1.323e+04 3.380e+04 4.041e+04
7.176e-02 1.314e+04 3.356e+04 4.012e+04
7.225e-02 1.304e+04 3.333e+04 3.984e+04
7.275e-02 1.295e+04 3.309e+04 3.955e+04
7.326e-02 1.286e+04 3.286e+04 3.927e+04
7.377e-02 1.277e+04 3.262e+04 3.899e+04
7.428e-02 1.268e+04 3.239e+04 3.872e+04
7.480e-02 1.259e+04 3.216e+04 3.844e+04
7.531e-02 1.250e+04 3.193e+04 3.817e+04
7.584e-02 1.241e+04 3.171e+04 3.790e+04
7.636e-02 1.232e+04 3.148e+04 3.763e+04
7.689e-02 1.223e+04 3.126e+04 3.736e+04
7.743e-02 1.215e+04 3.103e+04 3.710e+04
7.796e-02 1.206e+04 3.081e+04 3.683e+04
7.850e-02 1.198e+04 3.059e+04 3.657e+04
7.905e-02 1.189e+04 3.038e+04 3.631e+04
7.960e-02 1.181e+04 3.016e+04 3.605e+04
8.015e-02 1.172e+04 2.995e+04 3.580e+04
8.071e-02 1.164e+04 2.973e+04 3.554e+04
8.127e-02 1.156e+04 2.952e+04 3.529e+04
8.183e-02 1.147e+04 2.931e+04 3.504e+04
8.240e-02 1.139e+04 2.910e+04 3.479e+04
8.297e-02 1.131e+04 2.890e+04 3.454e+04
8.355e-02 1.123e+04 2.869e+04 3.429e+04
8.412e-02 1.115e+04 2.849e+04 3.405e+04
8.471e-02 1.107e+04 2.828e+04 3.381e+04
8.530e-02 1.099e+04 2.808e+04 3.357e+04
8.589e-02 1.092e+04 2.788e+04 3.333e+04
8.648e-02 1.084e+04 2.768e+04 3.309e+04
8.708e-02 1.076e+04 2.748e+04 3.285e+04
8.769e-02 1.068e+04 2.729e+04 3.262e+04
8.830e-02 1.061e+04 2.709e+04 3.239e+04
8.891e-02 1.053e+04 2.690e+04 3.216e+04
8.953e-02 1.046e+04 2.671e+04 3.193e+04
9.015e-02 1.038e+04 2.652e+04 3.170e+04
9.077e-02 1.031e+04 2.633e+04 3.147e+04
9.140e-02 1.024e+04 2.614e+04 3.125e+04
9.204e-02 1.016e+04 2.595e+04 3.102e+04
9.268e-02 1.009e+04 2.577e+04 3.080e+04
9.332e-02 1.002e+04 2.558e+04 3.058e+04
9.397e-02 9.946e+03 2.540e+04 3.036e+04
9.462e-02 9.875e+03 2.522e+04 3.015e+04
9.527e-02 9.805e+03 2.504e+04 2.993e+04
9.594e-02 9.735e+03 2.486e+04 2.972e+04
9.660e-02 9.665e+03 2.468e+04 2.950e+04
9.727e-02 9.596e+03 2.450e+04 2.929e+04
9.795e-02 9.528e+03 2.433e+04 2.908e+04
9.863e-02 9.460e+03 2.415e+04 2.887e+04
9.931e-02 9.392e+03 2.398e+04 2.867e+04
1.000e-01 9.325e+03 2.381e+04 2.846e+04
1.007e-01 9.258e+03 2.364e+04 2.826e+04
1.014e-01 9.192e+03 2.347e+04 2.806e+04
1.021e-01 9.126e+03 2.330e+04 2.785e+04
1.028e-01 9.061e+03 2.313e+04 2.765e+04
1.035e-01 8.996e+03 2.297e+04 2.746e+04
1.042e-01 8.931e+03 2.280e+04 2.726e+04
1.050e-01 8.867e+03 2.264e+04 2.706e+04
1.057e-01 8.804e+03 2.248e+04 2.687e+04
1.064e-01 8.741e+03 2.231e+04 2.668e+04
1.072e-01 8.678e+03 2.215e+04 2.648e+04
1.079e-01 8.616e+03 2.199e+04 2.629e+04
1.087e-01 8.554e+03 2.184e+04 2.610e+04
1.094e-01 8.493e+03 2.168e+04 2.592e+04
1.102e-01 8.432e+03 2.152e+04 2.573e+04
1.109e-01 8.371e+03 2.137e+04 2.555e+04
1.117e-01 8.311e+03 2.121e+04 2.536e+04
1.125e-01 8.251e+03 2.106e+04 2.518e+04
1.133e-01 8.192e+03 2.091e+04 2.500e+04
1.140e-01 8.133e+03 2.076e+04 2.482e+04
1.148e-01 8.075e+03 2.061e+04 2.464e+04
1.156e-01 8.017e+03 2.046e+04 2.446e+04
1.164e-01 7.959e+03 2.031e+04 2.428e+04
1.172e-01 7.902e+03 2.017e+04 2.411e+04
1.181e-01 7.845e+03 2.002e+04 2.394e+04
1.189e-01 7.788e+03 1.988e+04 2.376e+04
1.197e-01 7.732e+03 1.973e+04 2.359e+04
1.205e-01 7.676e+03 1.959e+04 2.342e+04
1.214e-01 7.621e+03 1.945e+04 2.325e+04
1.222e-01 7.566e+03 1.931e+04 2.308e+04
1.231e-01 7.512e+03 1.917e+04 2.292e+04
1.239e-01 7.457e+03 1.903e+04 2.275e+04
1.248e-01 7.404e+03 1.889e+04 2.259e+04
1.256e-01 7.350e+03 1.875e+04 2.242e+04
1.265e-01 7.297e+03 1.862e+04 2.226e+04
1.274e-01 7.244e+03 1.848e+04 2.210e+04
1.283e-01 7.192e+03 1.835e+04 2.194e+04
1.292e-01 7.140e+03 1.822e+04 2.178e+04
1.301e-01 7.088e+03 1.808e+04 2.162e+04
1.310e-01 7.037e+03 1.795e+04 2.147e+04
1.319e-01 6.986e+03 1.782e+04 2.131e+04
1.328e-01 6.936e+03 1.769e+04 2.116e+04
1.337e-01 6.885e+03 1.757e+04 2.100e+04
1.346e-01 6.836e+03 1.744e+04 2.085e+04
1.356e-01 6.786e+03 1.731e+04 2.070e+04
1.365e-01 6.737e+03 1.719e+04 2.055e+04
1.374e-01 6.688e+03 1.706e+04 2.040e+04
1.384e-01 6.640e+03 1.694e+04 2.025e+04
1.394e-01 6.591e+03 1.681e+04 2.010e+04
1.403e-01 6.544e+03 1.669e+04 1.996e+04
1.413e-01 6.496e+03 1.657e+04 1.981e+04
1.423e-01 6.449e+03 1.645e+04 1.967e+04
1.433e-01 6.402e+03 1.633e+04 1.952e+04
1.443e-01 6.356e+03 1.621e+04 1.938e+04
1.453e-01 6.309e+03 1.609e+04 1.924e+04
1.463e-01 6.264e+03 1.597e+04 1.910e+04
1.473e-01 6.218e+03 1.586e+04 1.896e+04
1.483e-01 6.173e+03 1.574e+04 1.882e+04
1.493e-01 6.128e+03 1.563e+04 1.868e+04
1.504e-01 6.083e+03 1.551e+04 1.855e+04
1.514e-01 6.039e+03 1.540e+04 1.841e+04
1.525e-01 5.995e+03 1.529e+04 1.828e+04
1.535e-01 5.951e+03 1.517e+04 1.814e+04
1.546e-01 5.908e+03 1.506e+04 1.801e+04
1.557e-01 5.865e+03 1.495e+04 1.788e+04
1.567e-01 5.822e+03 1.484e+04 1.775e+04
1.578e-01 5.780e+03 1.473e+04 1.762e+04
1.589e-01 5.737e+03 1.463e+04 1.749e+04
1.600e-01 5.696e+03 1.452e+04 1.736e+04
1.611e-01 5.654e+03 1.441e+04 1.723e+04
1.623e-01 5.613e+03 1.431e+04 1.711e+04
1.634e-01 5.572e+03 1.420e+04 1.698e+04
1.645e-01 5.531e+03 1.410e+04 1.686e+04
1.657e-01 5.490e+03 1.399e+04 1.673e+04
1.668e-01 5.450e+03 1.389e+04 1.661e+04
1.680e-01 5.410e+03 1.379e+04 1.649e+04
1.691e-01 5.371e+03 1.369e+04 1.637e+04
1.703e-01 5.331e+03 1.359e+04 1.625e+04
1.715e-01 5.292e+03 1.349e+04 1.613e+04
1.727e-01 5.253e+03 1.339e+04 1.601e+04
1.739e-01 5.215e+03 1.329e+04 1.589e+04
1.751e-01 5.176e+03 1.319e+04 1.577e+04
1.763e-01 5.138e+03 1.309e+04 1.566e+04
1.775e-01 5.101e+03 1.300e+04 1.554e+04
1.788e-01 5.063e+03 1.290e+04 1.543e+04
1.800e-01 5.026e+03 1.280e+04 1.531e+04
1.812e-01 4.989e+03 1.271e+04 1.520e+04
1.825e-01 4.952e+03 1.262e+04 1.509e+04
1.838e-01 4.916e+03 1.252e+04 1.498e+04
1.850e-01 4.880e+03 1.243e+04 1.487e+04
1.863e-01 4.844e+03 1.234e+04 1.476e+04
1.876e-01 4.808e+03 1.225e+04 1.465e+04
1.889e-01 4.773e+03 1.216e+04 1.454e+04
1.902e-01 4.737e+03 1.207e+04 1.443e+04
1.916e-01 4.702e+03 1.198e+04 1.432e+04
1.929e-01 4.667e+03 1.189e+04 1.422e+04
1.942e-01 4.633e+03 1.180e+04 1.411e+04
1.956e-01 4.598e+03 1.171e+04 1.401e+04
1.969e-01 4.564e+03 1.162e+04 1.390e+04
1.983e-01 4.530e+03 1.154e+04 1.380e+04
1.997e-01 4.497e+03 1.145e+04 1.370e+04
2.010e-01 4.463e+03 1.137e+04 1.360e+04
2.024e-01 4.430e+03 1.128e+04 1.349e+04
2.038e-01 4.397e+03 1.120e+04 1.339e+04
2.053e-01 4.365e+03 1.111e+04 1.329e+04
2.067e-01 4.332e+03 1.103e+04 1.319e+04
2.081e-01 4.300e+03 1.095e+04 1.310e+04
2.096e-01 4.268e+03 1.087e+04 1.300e+04
2.110e-01 4.236e+03 1.079e+04 1.290e+04
2.125e-01 4.204e+03 1.070e+04 1.281e+04
2.140e-01 4.173e+03 1.062e+04 1.271e+04
2.154e-01 4.142e+03 1.055e+04 1.261e+04
2.169e-01 4.111e+03 1.047e+04 1.252e+04
2.184e-01 4.080e+03 1.039e+04 1.243e+04
2.200e-01 4.050e+03 1.031e+04 1.233e+04
2.215e-01 4.019e+03 1.023e+04 1.224e+04
2.230e-01 3.989e+03 1.016e+04 1.215e+04
2.246e-01 3.959e+03 1.008e+04 1.206e+04
2.261e-01 3.930e+03 1.000e+04 1.197e+04
2.277e-01 3.900e+03 9.929e+03 1.188e+04
2.293e-01 3.871e+03 9.854e+03 1.179e+04
2.309e-01 3.842e+03 9.780e+03 1.170e+04
2.325e-01 3.813e+03 9.706e+03 1.161e+04
2.341e-01 3.784e+03 9.633e+03 1.152e+04
2.357e-01 3.756e+03 9.560e+03 1.144e+04
2.373e-01 3.727e+03 9.488e+03 1.135e+04
2.390e-01 3.699e+03 9.417e+03 1.127e+04
2.406e-01 3.672e+03 9.345e+03 1.118e+04
2.423e-01 3.644e+03 9.275e+03 1.110e+04
2.440e-01 3.616e+03 9.205e+03 1.101e+04
2.457e-01 3.589e+03 9.135e+03 1.093e+04
2.474e-01 3.562e+03 9.066e+03 1.085e+04
2.491e-01 3.535e+03 8.997e+03 1.076e+04
2.508e-01 3.508e+03 8.929e+03 1.068e+04
2.526e-01 3.482e+03 8.862e+03 1.060e+04
2.543e-01 3.455e+03 8.795e+03 1.052e+04
2.561e-01 3.429e+03 8.728e+03 1.044e+04
2.579e-01 3.403e+03 8.662e+03 1.036e+04
2.597e-01 3.377e+03 8.597e+03 1.028e+04
2.615e-01 3.352e+03 8.532e+03 1.021e+04
2.633e-01 3.326e+03 8.467e+03 1.013e+04
2.651e-01 3.301e+03 8.403e+03 1.005e+04
2.669e-01 3.276e+03 8.339e+03 9.974e+03
2.688e-01 3.251e+03 8.276e+03 9.898e+03
2.707e-01 3.226e+03 8.213e+03 9.823e+03
2.725e-01 3.202e+03 8.151e+03 9.748e+03
2.744e-01 3.177e+03 8.089e+03 9.673e+03
2.763e-01 3.153e+03 8.028e+03 9.599e+03
2.783e-01 3.129e+03 7.967e+03 9.525e+03
2.802e-01 3.105e+03 7.907e+03 9.452e+03
2.821e-01 3.081e+03 7.847e+03 9.379e+03
2.841e-01 3.058e+03 7.787e+03 9.307e+03
2.861e-01 3.034e+03 7.728e+03 9.235e+03
2.880e-01 3.011e+03 7.669e+03 9.164e+03
2.900e-01 2.988e+03 7.611e+03 9.093e+03
2.921e-01 2.965e+03 7.553e+03 9.023e+03
2.941e-01 2.942e+03 7.495e+03 8.953e+03
2.961e-01 2.919e+03 7.438e+03 8.884e+03
2.982e-01 2.897e+03 7.381e+03 8.815e+03
3.002e-01 2.875e+03 7.325e+03 8.747e+03
3.023e-01 2.853e+03 7.269e+03 8.679e+03
3.044e-01 2.831e+03 7.213e+03 8.612e+03
3.065e-01 2.809e+03 7.158e+03 8.545e+03
3.087e-01 2.787e+03 7.103e+03 8.478e+03
3.108e-01 2.766e+03 7.048e+03 8.412e+03
3.130e-01 2.744e+03 6.994e+03 8.347e+03
3.151e-01 2.723e+03 6.941e+03 8.282e+03
3.173e-01 2.702e+03 6.887e+03 8.217e+03
3.195e-01 2.681e+03 6.834e+03 8.153e+03
3.217e-01 2.660e+03 6.782e+03 8.090e+03
3.240e-01 2.639e+03 6.730e+03 8.026e+03
3.262e-01 2.619e+03 6.678e+03 7.964e+03
3.285e-01 2.599e+03 6.626e+03 7.901e+03
3.308e-01 2.578e+03 6.575e+03 7.839e+03
3.331e-01 2.558e+03 6.524e+03 7.778e+03
3.354e-01 2.538e+03 6.474e+03 7.717e+03
3.377e-01 2.519e+03 6.424e+03 7.656e+03
3.400e-01 2.499e+03 6.374e+03 7.596e+03
3.424e-01 2.480e+03 6.325e+03 7.536e+03
3.448e-01 2.460e+03 6.276e+03 7.477e+03
3.472e-01 2.441e+03 6.227e+03 7.418e+03
3.496e-01 2.422e+03 6.179e+03 7.360e+03
3.520e-01 2.403e+03 6.131e+03 7.301e+03
3.544e-01 2.384e+03 6.083e+03 7.244e+03
3.569e-01 2.365e+03 6.036e+03 7.186e+03
3.594e-01 2.347e+03 5.989e+03 7.130e+03
3.619e-01 2.328e+03 5.942e+03 7.073e+03
3.644e-01 2.310e+03 5.896e+03 7.017e+03
3.669e-01 2.292e+03 5.850e+03 6.961e+03
3.695e-01 2.274e+03 5.804e+03 6.906e+03
3.720e-01 2.256e+03 5.759e+03 6.851e+03
3.746e-01 2.238e+03 5.714e+03 6.797e+03
3.772e-01 2.220e+03 5.669e+03 6.742e+03
3.798e-01 2.203e+03 5.624e+03 6.689e+03
3.825e-01 2.185e+03 5.580e+03 6.635e+03
3.851e-01 2.168e+03 5.536e+03 6.582e+03
3.878e-01 2.151e+03 5.493e+03 6.530e+03
3.905e-01 2.134e+03 5.450e+03 6.477e+03
3.932e-01 2.117e+03 5.407e+03 6.425e+03
3.959e-01 2.100e+03 5.364e+03 6.374e+03
3.987e-01 2.083e+03 5.322e+03 6.323e+03
4.014e-01 2.067e+03 5.280e+03 6.272e+03
4.042e-01 2.050e+03 5.239e+03 6.221e+03
4.070e-01 2.034e+03 5.197e+03 6.171e+03
4.098e-01 2.018e+03 5.156e+03 6.121e+03
4.127e-01 2.002e+03 5.116e+03 6.072e+03
4.155e-01 1.986e+03 5.075e+03 6.023e+03
4.184e-01 1.970e+03 5.035e+03 5.974e+03
4.213e-01 1.954e+03 4.995e+03 5.926e+03
4.243e-01 1.939e+03 4.955e+03 5.878e+03
4.272e-01 1.923e+03 4.916e+03 5.830e+03
4.302e-01 1.908e+03 4.877e+03 5.783e+03
4.331e-01 1.892e+03 4.838e+03 5.736e+03
4.362e-01 1.877e+03 4.800e+03 5.689e+03
4.392e-01 1.862e+03 4.762e+03 5.643e+03
4.422e-01 1.847e+03 4.724e+03 5.597e+03
4.453e-01 1.832e+03 4.686e+03 5.551e+03
4.484e-01 1.817e+03 4.648e+03 5.506e+03
4.515e-01 1.803e+03 4.611e+03 5.461e+03
4.546e-01 1.788e+03 4.574e+03 5.416e+03
4.578e-01 1.774e+03 4.538e+03 5.372e+03
4.610e-01 1.759e+03 4.501e+03 5.327e+03
4.642e-01 1.745e+03 4.464e+03 5.283e+03
4.674e-01 1.731e+03 4.428e+03 5.239e+03
4.706e-01 1.717e+03 4.392e+03 5.194e+03
4.739e-01 1.703e+03 4.357e+03 5.151e+03
4.772e-01 1.689e+03 4.321e+03 5.107e+03
4.805e-01 1.675e+03 4.286e+03 5.064e+03
4.838e-01 1.662e+03 4.251e+03 5.021e+03
4.872e-01 1.648e+03 4.217e+03 4.979e+03
4.906e-01 1.635e+03 4.182e+03 4.937e+03
4.940e-01 1.621e+03 4.148e+03 4.895e+03
4.974e-01 1.608e+03 4.114e+03 4.853e+03
5.008e-01 1.595e+03 4.081e+03 4.812e+03
5.043e-01 1.582e+03 4.047e+03 4.771e+03
5.078e-01 1.569e+03 4.014e+03 4.730e+03
5.113e-01 1.556e+03 3.981e+03 4.690e+03
5.149e-01 1.543e+03 3.948e+03 4.650e+03
5.185e-01 1.530e+03 3.916e+03 4.610e+03
5.221e-01 1.518e+03 3.884e+03 4.570e+03
5.257e-01 1.505e+03 3.852e+03 4.531e+03
5.293e-01 1.493e+03 3.820e+03 4.492e+03
5.330e-01 1.480e+03 3.788e+03 4.454e+03
5.367e-01 1.468e+03 3.757e+03 4.415e+03
5.404e-01 1.456e+03 3.726e+03 4.377e+03
5.442e-01 1.444e+03 3.695e+03 4.339e+03
5.479e-01 1.432e+03 3.664e+03 4.302e+03
5.517e-01 1.420e+03 3.634e+03 4.264e+03
5.556e-01 1.408e+03 3.603e+03 4.227e+03
5.594e-01 1.396e+03 3.573e+03 4.191e+03
5.633e-01 1.385e+03 3.544e+03 4.154e+03
5.672e-01 1.373e+03 3.514e+03 4.118e+03
5.712e-01 1.362e+03 3.485e+03 4.082e+03
5.751e-01 1.350e+03 3.455e+03 4.046e+03
5.791e-01 1.339e+03 3.426e+03 4.011e+03
5.831e-01 1.328e+03 3.398e+03 3.975e+03
5.872e-01 1.317e+03 3.369e+03 3.940e+03
5.913e-01 1.306e+03 3.340e+03 3.906e+03
5.954e-01 1.295e+03 3.312e+03 3.871e+03
5.995e-01 1.284e+03 3.284e+03 3.837e+03
6.036e-01 1.273e+03 3.256e+03 3.803e+03
6.078e-01 1.263e+03 3.228e+03 3.769e+03
6.120e-01 1.252e+03 3.201e+03 3.736e+03
6.163e-01 1.241e+03 3.174e+03 3.703e+03
6.206e-01 1.231e+03 3.147e+03 3.670e+03
6.249e-01 1.221e+03 3.120e+03 3.637e+03
6.292e-01 1.210e+03 3.093e+03 3.605e+03
6.336e-01 1.200e+03 3.066e+03 3.572e+03
6.380e-01 1.190e+03 3.040e+03 3.540e+03
6.424e-01 1.180e+03 3.013e+03 3.509e+03
6.469e-01 1.170e+03 2.987e+03 3.477e+03
6.513e-01 1.159e+03 2.961e+03 3.446e+03
6.559e-01 1.150e+03 2.934e+03 3.415e+03
6.604e-01 1.140e+03 2.908e+03 3.384e+03
6.650e-01 1.130e+03 2.883e+03 3.353e+03
6.696e-01 1.120e+03 2.857e+03 3.323e+03
6.743e-01 1.110e+03 2.832e+03 3.293e+03
6.789e-01 1.101e+03 2.806e+03 3.263e+03
6.837e-01 1.091e+03 2.781e+03 3.233e+03
6.884e-01 1.082e+03 2.756e+03 3.204e+03
6.932e-01 1.072e+03 2.732e+03 3.175e+03
6.980e-01 1.063e+03 2.707e+03 3.146e+03
7.028e-01 1.054e+03 2.683e+03 3.117e+03
7.077e-01 1.045e+03 2.659e+03 3.088e+03
7.126e-01 1.036e+03 2.635e+03 3.060e+03
7.176e-01 1.026e+03 2.611e+03 3.032e+03
7.225e-01 1.017e+03 2.587e+03 3.004e+03
7.275e-01 1.008e+03 2.564e+03 2.976e+03
7.326e-01 9.996e+02 2.541e+03 2.949e+03
7.377e-01 9.908e+02 2.518e+03 2.921e+03
7.428e-01 9.820e+02 2.495e+03 2.894e+03
7.480e-01 9.731e+02 2.472e+03 2.867e+03
7.531e-01 9.643e+02 2.449e+03 2.841e+03
7.584e-01 9.556e+02 2.427e+03 2.814e+03
7.636e-01 9.469e+02 2.405e+03 2.788e+03
7.689e-01 9.382e+02 2.382e+03 2.762e+03
7.743e-01 9.297e+02 2.360e+03 2.736e+03
7.796e-01 9.211e+02 2.338e+03 2.710e+03
7.850e-01 9.127e+02 2.316e+03 2.684e+03
7.905e-01 9.043e+02 2.295e+03 2.659e+03
7.960e-01 8.960e+02 2.273e+03 2.634e+03
8.015e-01 8.877e+02 2.252e+03 2.609e+03
8.071e-01 8.795e+02 2.231e+03 2.584e+03
8.127e-01 8.713e+02 2.210e+03 2.560e+03
8.183e-01 8.633e+02 2.189e+03 2.535e+03
8.240e-01 8.552e+02 2.168e+03 2.511e+03
8.297e-01 8.473e+02 2.148e+03 2.487e+03
8.355e-01 8.394e+02 2.127e+03 2.463e+03
8.412e-01 8.315e+02 2.107e+03 2.439e+03
8.471e-01 8.238e+02 2.087e+03 2.416e+03
8.530e-01 8.160e+02 2.067e+03 2.393e+03
8.589e-01 8.084e+02 2.047e+03 2.370e+03
8.648e-01 8.008e+02 2.027e+03 2.347e+03
8.708e-01 7.932e+02 2.008e+03 2.324e+03
8.769e-01 7.857e+02 1.989e+03 2.302e+03
8.830e-01 7.783e+02 1.969e+03 2.279e+03
8.891e-01 7.709e+02 1.950e+03 2.257e+03
8.953e-01 7.636e+02 1.932e+03 2.235e+03
9.015e-01 7.563e+02 1.913e+03 2.213e+03
9.077e-01 7.491e+02 1.894e+03 2.191e+03
9.140e-01 7.420e+02 1.876e+03 2.170e+03
9.204e-01 7.349e+02 1.857e+03 2.148e+03
9.268e-01 7.278e+02 1.839e+03 2.127e+03
9.332e-01 7.209e+02 1.821e+03 2.106e+03
9.397e-01 7.139e+02 1.803e+03 2.085e+03
9.462e-01 7.070e+02 1.786e+03 2.065e+03
9.527e-01 7.002e+02 1.768e+03 2.044e+03
9.594e-01 6.934e+02 1.751e+03 2.024e+03
9.660e-01 6.867e+02 1.733e+03 2.004e+03
9.727e-01 6.801e+02 1.716e+03 1.983e+03
9.795e-01 6.734e+02 1.700e+03 1.964e+03
9.863e-01 6.669e+02 1.683e+03 1.944e+03
9.931e-01 6.604e+02 1.666e+03 1.924e+03
1.000e+00 6.539e+02 1.650e+03 1.905e+03
1.007e+00 6.475e+02 1.633e+03 1.885e+03
1.014e+00 6.411e+02 1.617e+03 1.866e+03
1.021e+00 6.348e+02 1.601e+03 1.847e+03
1.028e+00 6.286e+02 1.585e+03 1.829e+03
1.035e+00 6.224e+02 1.569e+03 1.810e+03
1.042e+00 6.162e+02 1.553e+03 1.791e+03
1.050e+00 6.101e+02 1.538e+03 1.773e+03
1.057e+00 6.040e+02 1.522e+03 1.755e+03
1.064e+00 5.980e+02 1.507e+03 1.736e+03
1.072e+00 5.921e+02 1.492e+03 1.718e+03
1.079e+00 5.861e+02 1.476e+03 1.701e+03
1.087e+00 5.803e+02 1.462e+03 1.683e+03
1.094e+00 5.744e+02 1.447e+03 1.665e+03
1.102e+00 5.687e+02 1.432e+03 1.648e+03
1.109e+00 5.629e+02 1.417e+03 1.631e+03
1.117e+00 5.572e+02 1.403e+03 1.613e+03
1.125e+00 5.516e+02 1.388e+03 1.596e+03
1.133e+00 5.461e+02 1.374e+03 1.580e+03
1.140e+00 5.406e+02 1.360e+03 1.563e+03
1.148e+00 5.351e+02 1.346e+03 1.546e+03
1.156e+00 5.297e+02 1.332e+03 1.530e+03
1.164e+00 5.243e+02 1.318e+03 1.514e+03
1.172e+00 5.190e+02 1.304e+03 1.497e+03
1.181e+00 5.137e+02 1.291e+03 1.481e+03
1.189e+00 5.085e+02 1.277e+03 1.465e+03
1.197e+00 5.033e+02 1.264e+03 1.450e+03
1.205e+00 4.982e+02 1.251e+03 1.434e+03
1.214e+00 4.930e+02 1.238e+03 1.419e+03
1.222e+00 4.879e+02 1.224e+03 1.403e+03
1.231e+00 4.829e+02 1.212e+03 1.388e+03
1.239e+00 4.778e+02 1.199e+03 1.372e+03
1.248e+00 4.728e+02 1.186e+03 1.357e+03
1.256e+00 4.679e+02 1.173e+03 1.342e+03
1.265e+00 4.630e+02 1.161e+03 1.328e+03
1.274e+00 4.581e+02 1.148e+03 1.313e+03
1.283e+00 4.533e+02 1.136e+03 1.298e+03
1.292e+00 4.485e+02 1.124e+03 1.284e+03
1.301e+00 4.438e+02 1.112e+03 1.269e+03
1.310e+00 4.391e+02 1.100e+03 1.255e+03
1.319e+00 4.344e+02 1.088e+03 1.241e+03
1.328e+00 4.298e+02 1.076e+03 1.227e+03
1.337e+00 4.252e+02 1.064e+03 1.213e+03
1.346e+00 4.206e+02 1.052e+03 1.199e+03
1.356e+00 4.161e+02 1.041e+03 1.186e+03
1.365e+00 4.115e+02 1.029e+03 1.172e+03
1.374e+00 4.071e+02 1.018e+03 1.159e+03
1.384e+00 4.026e+02 1.006e+03 1.146e+03
1.394e+00 3.982e+02 9.950e+02 1.132e+03
1.403e+00 3.939e+02 9.838e+02 1.119e+03
1.413e+00 3.895e+02 9.728e+02 1.106e+03
1.423e+00 3.853e+02 9.618e+02 1.094e+03
1.433e+00 3.810e+02 9.509e+02 1.081e+03
1.443e+00 3.768e+02 9.401e+02 1.069e+03
1.453e+00 3.726e+02 9.294e+02 1.056e+03
1.463e+00 3.685e+02 9.188e+02 1.044e+03
1.473e+00 3.644e+02 9.083e+02 1.032e+03
1.483e+00 3.603e+02 8.979e+02 1.020e+03
1.493e+00 3.563e+02 8.875e+02 1.008e+03
1.504e+00 3.522e+02 8.773e+02 9.958e+02
1.514e+00 3.482e+02 8.671e+02 9.841e+02
1.525e+00 3.443e+02 8.571e+02 9.724e+02
1.535e+00 3.403e+02 8.472e+02 9.609e+02
1.546e+00 3.364e+02 8.374e+02 9.494e+02
1.557e+00 3.325e+02 8.278e+02 9.381e+02
1.567e+00 3.287e+02 8.182e+02 9.268e+02
1.578e+00 3.249e+02 8.087e+02 9.156e+02
1.589e+00 3.211e+02 7.992e+02 9.046e+02
1.600e+00 3.174e+02 7.898e+02 8.937e+02
1.611e+00 3.136e+02 7.805e+02 8.829e+02
1.623e+00 3.099e+02 7.712e+02 8.721e+02
1.634e+00 3.063e+02 7.621e+02 8.615e+02
1.645e+00 3.026e+02 7.530e+02 8.510e+02
1.657e+00 2.990e+02 7.440e+02 8.406e+02
1.668e+00 2.954e+02 7.351e+02 8.303e+02
1.680e+00 2.919e+02 7.262e+02 8.200e+02
1.691e+00 2.884e+02 7.175e+02 8.099e+02
1.703e+00 2.849e+02 7.088e+02 7.998e+02
1.715e+00 2.814e+02 7.002e+02 7.899e+02
1.727e+00 2.780e+02 6.915e+02 7.800e+02
1.739e+00 2.746e+02 6.829e+02 7.702e+02
1.751e+00 2.712e+02 6.744e+02 7.606e+02
1.763e+00 2.679e+02 6.660e+02 7.510e+02
1.775e+00 2.646e+02 6.576e+02 7.415e+02
1.788e+00 2.613e+02 6.493e+02 7.321e+02
1.800e+00 2.581e+02 6.410e+02 7.228e+02
1.812e+00 2.554e+02 6.340e+02 7.149e+02
1.825e+00 2.527e+02 6.270e+02 7.070e+02
1.838e+00 2.500e+02 6.201e+02 6.992e+02
1.850e+00 2.473e+02 6.132e+02 6.915e+02
1.863e+00 2.446e+02 6.064e+02 6.839e+02
1.876e+00 2.420e+02 5.997e+02 6.763e+02
1.889e+00 2.394e+02 5.930e+02 6.688e+02
1.902e+00 2.368e+02 5.864e+02 6.613e+02
1.916e+00 2.343e+02 5.798e+02 6.539e+02
1.929e+00 2.318e+02 5.734e+02 6.466e+02
1.942e+00 2.293e+02 5.669e+02 6.393e+02
1.956e+00 2.268e+02 5.606e+02 6.321e+02
1.969e+00 2.244e+02 5.543e+02 6.250e+02
1.983e+00 2.219e+02 5.481e+02 6.179e+02
1.997e+00 2.194e+02 5.419e+02 6.110e+02
2.010e+00 2.170e+02 5.357e+02 6.041e+02
2.024e+00 2.146e+02 5.296e+02 5.973e+02
2.038e+00 2.122e+02 5.236e+02 5.905e+02
2.053e+00 2.098e+02 5.176e+02 5.838e+02
2.067e+00 2.074e+02 5.117e+02 5.772e+02
2.081e+00 2.051e+02 5.058e+02 5.706e+02
2.096e+00 2.028e+02 4.999e+02 5.640e+02
2.110e+00 2.005e+02 4.941e+02 5.575e+02
2.125e+00 1.982e+02 4.884e+02 5.511e+02
2.140e+00 1.959e+02 4.827e+02 5.447e+02
2.154e+00 1.937e+02 4.771e+02 5.384e+02
2.169e+00 1.915e+02 4.714e+02 5.320e+02
2.184e+00 1.893e+02 4.659e+02 5.255e+02
2.200e+00 1.872e+02 4.604e+02 5.191e+02
2.215e+00 1.851e+02 4.549e+02 5.127e+02
2.230e+00 1.830e+02 4.495e+02 5.064e+02
2.246e+00 1.809e+02 4.441e+02 5.002e+02
2.261e+00 1.788e+02 4.388e+02 4.940e+02
2.277e+00 1.778e+02 4.361e+02 4.907e+02
2.293e+00 1.773e+02 4.349e+02 4.891e+02
2.309e+00 1.769e+02 4.336e+02 4.875e+02
2.325e+00 1.764e+02 4.324e+02 4.858e+02
2.341e+00 1.759e+02 4.311e+02 4.841e+02
2.357e+00 1.754e+02 4.298e+02 4.824e+02
2.373e+00 1.749e+02 4.285e+02 4.806e+02
2.390e+00 1.744e+02 4.271e+02 4.787e+02
2.406e+00 1.739e+02 4.257e+02 4.768e+02
2.423e+00 1.734e+02 4.243e+02 4.749e+02
2.440e+00 1.728e+02 4.229e+02 4.730e+02
2.457e+00 1.479e+02 3.619e+02 4.044e+02
2.474e+00 1.198e+02 2.929e+02 3.271e+02
2.491e+00 5.418e+01 1.325e+02 1.478e+02
2.508e+00 1.193e+01 2.915e+01 3.250e+01
2.526e+00 3.996e+01 9.764e+01 1.088e+02
2.543e+00 6.179e+01 1.509e+02 1.680e+02
2.561e+00 7.689e+01 1.877e+02 2.088e+02
2.579e+00 8.554e+01 2.087e+02 2.320e+02
2.597e+00 9.163e+01 2.234e+02 2.481e+02
2.615e+00 9.371e+01 2.284e+02 2.534e+02
2.633e+00 9.575e+01 2.333e+02 2.586e+02
2.651e+00 9.773e+01 2.380e+02 2.636e+02
2.669e+00 9.965e+01 2.426e+02 2.685e+02
2.688e+00 1.015e+02 2.470e+02 2.732e+02
2.707e+00 1.036e+02 2.520e+02 2.785e+02
2.725e+00 1.140e+02 2.771e+02 3.060e+02
2.744e+00 1.089e+02 2.646e+02 2.919e+02
2.763e+00 9.760e+01 2.369e+02 2.611e+02
2.783e+00 9.282e+01 2.252e+02 2.479e+02
2.802e+00 9.173e+01 2.224e+02 2.445e+02
2.821e+00 9.081e+01 2.200e+02 2.416e+02
2.841e+00 8.989e+01 2.176e+02 2.388e+02
2.861e+00 8.899e+01 2.153e+02 2.359e+02
2.880e+00 8.810e+01 2.130e+02 2.331e+02
2.900e+00 8.722e+01 2.107e+02 2.302e+02
2.921e+00 8.634e+01 2.084e+02 2.274e+02
2.941e+00 8.547e+01 2.062e+02 2.247e+02
2.961e+00 8.460e+01 2.039e+02 2.220e+02
2.982e+00 8.375e+01 2.017e+02 2.193e+02
3.002e+00 8.289e+01 1.995e+02 2.167e+02
3.023e+00 8.203e+01 1.973e+02 2.141e+02
3.044e+00 8.116e+01 1.951e+02 2.114e+02
3.065e+00 8.028e+01 1.930e+02 2.088e+02
3.087e+00 7.941e+01 1.908e+02 2.062e+02
3.108e+00 7.855e+01 1.886e+02 2.037e+02
3.130e+00 7.769e+01 1.864e+02 2.012e+02
3.151e+00 7.683e+01 1.842e+02 1.988e+02
3.173e+00 7.597e+01 1.820e+02 1.963e+02
3.195e+00 7.513e+01 1.799e+02 1.939e+02
3.217e+00 7.431e+01 1.777e+02 1.916e+02
3.240e+00 7.353e+01 1.756e+02 1.892e+02
3.262e+00 7.276e+01 1.734e+02 1.869e+02
3.285e+00 7.199e+01 1.713e+02 1.845e+02
3.308e+00 7.123e+01 1.692e+02 1.822e+02
3.331e+00 7.047e+01 1.671e+02 1.799e+02
3.354e+00 6.972e+01 1.650e+02 1.776e+02
3.377e+00 7.050e+01 1.666e+02 1.791e+02
3.400e+00 7.167e+01 1.691e+02 1.817e+02
3.424e+00 7.278e+01 1.715e+02 1.842e+02
3.448e+00 7.992e+01 1.882e+02 2.020e+02
3.472e+00 5.777e+01 1.360e+02 1.458e+02
3.496e+00 2.514e+01 5.916e+01 6.339e+01
3.520e+00 4.203e+01 9.884e+01 1.059e+02
3.544e+00 4.757e+01 1.118e+02 1.197e+02
3.569e+00 4.871e+01 1.144e+02 1.225e+02
3.594e+00 4.747e+01 1.114e+02 1.193e+02
3.619e+00 4.779e+01 1.121e+02 1.199e+02
3.644e+00 4.811e+01 1.127e+02 1.205e+02
3.669e+00 4.841e+01 1.133e+02 1.211e+02
3.695e+00 4.844e+01 1.132e+02 1.210e+02
3.720e+00 4.842e+01 1.130e+02 1.208e+02
3.746e+00 4.839e+01 1.128e+02 1.205e+02
3.772e+00 4.835e+01 1.126e+02 1.202e+02
3.798e+00 4.832e+01 1.123e+02 1.199e+02
3.825e+00 4.826e+01 1.120e+02 1.196e+02
3.851e+00 5.121e+01 1.188e+02 1.268e+02
3.878e+00 6.156e+01 1.426e+02 1.521e+02
3.905e+00 2.987e+01 6.914e+01 7.370e+01
3.932e+00 3.544e+01 8.195e+01 8.729e+01
3.959e+00 3.724e+01 8.602e+01 9.157e+01
3.987e+00 3.848e+01 8.880e+01 9.445e+01
4.014e+00 3.924e+01 9.049e+01 9.614e+01
4.042e+00 3.997e+01 9.212e+01 9.776e+01
4.070e+00 4.229e+01 9.743e+01 1.033e+02
4.098e+00 1.266e+01 2.916e+01 3.088e+01
4.127e+00 3.150e+01 7.256e+01 7.675e+01
4.155e+00 3.346e+01 7.707e+01 8.143e+01
4.184e+00 3.591e+01 8.274e+01 8.732e+01
4.213e+00 5.268e+01 1.213e+02 1.280e+02
4.243e+00 3.062e+01 7.049e+01 7.430e+01
4.272e+00 3.376e+01 7.765e+01 8.189e+01
4.302e+00 2.634e+01 6.054e+01 6.389e+01
4.331e+00 3.252e+01 7.467e+01 7.885e+01
4.362e+00 2.928e+01 6.714e+01 7.095e+01
4.392e+00 2.850e+01 6.528e+01 6.900e+01
4.422e+00 2.791e+01 6.387e+01 6.751e+01
4.453e+00 2.733e+01 6.251e+01 6.605e+01
4.484e+00 2.677e+01 6.119e+01 6.462e+01
4.515e+00 2.620e+01 5.989e+01 6.320e+01
4.546e+00 2.565e+01 5.862e+01 6.181e+01
4.578e+00 2.512e+01 5.735e+01 6.044e+01
4.610e+00 2.459e+01 5.609e+01 5.909e+01
4.642e+00 2.407e+01 5.488e+01 5.777e+01
4.674e+00 2.357e+01 5.368e+01 5.647e+01
4.706e+00 2.307e+01 5.251e+01 5.519e+01
4.739e+00 2.258e+01 5.135e+01 5.393e+01
4.772e+00 2.209e+01 5.022e+01 5.269e+01
4.805e+00 2.161e+01 4.911e+01 5.147e+01
4.838e+00 2.113e+01 4.802e+01 5.030e+01
4.872e+00 2.067e+01 4.695e+01 4.916e+01
4.906e+00 2.021e+01 4.591e+01 4.803e+01
4.940e+00 1.977e+01 4.488e+01 4.692e+01
4.974e+00 1.935e+01 4.385e+01 4.582e+01
5.008e+00 1.892e+01 4.284e+01 4.475e+01
5.043e+00 1.851e+01 4.185e+01 4.370e+01
5.078e+00 1.810e+01 4.088e+01 4.266e+01
5.113e+00 1.770e+01 3.993e+01 4.164e+01
5.149e+00 1.728e+01 3.899e+01 4.064e+01
5.185e+00 1.688e+01 3.807e+01 3.966e+01
5.221e+00 1.649e+01 3.718e+01 3.871e+01
5.257e+00 1.610e+01 3.631e+01 3.778e+01
5.293e+00 1.572e+01 3.545e+01 3.687e+01
5.330e+00 1.536e+01 3.461e+01 3.598e+01
5.367e+00 1.502e+01 3.378e+01 3.510e+01
5.404e+00 1.467e+01 3.298e+01 3.424e+01
5.442e+00 1.434e+01 3.218e+01 3.339e+01
5.479e+00 1.400e+01 3.140e+01 3.257e+01
5.517e+00 1.367e+01 3.064e+01 3.175e+01
5.556e+00 1.334e+01 2.988e+01 3.096e+01
5.594e+00 1.302e+01 2.916e+01 3.018e+01
5.633e+00 1.270e+01 2.845e+01 2.942e+01
5.672e+00 1.239e+01 2.775e+01 2.868e+01
5.712e+00 1.209e+01 2.708e+01 2.795e+01
5.751e+00 1.179e+01 2.642e+01 2.723e+01
5.791e+00 1.150e+01 2.576e+01 2.653e+01
5.831e+00 1.122e+01 2.512e+01 2.585e+01
5.872e+00 1.094e+01 2.449e+01 2.518e+01
5.913e+00 1.068e+01 2.387e+01 2.452e+01
5.954e+00 1.042e+01 2.325e+01 2.388e+01
5.995e+00 1.017e+01 2.264e+01 2.325e+01
6.036e+00 9.917e+00 2.205e+01 2.263e+01
6.078e+00 9.668e+00 2.146e+01 2.202e+01
6.120e+00 9.420e+00 2.090e+01 2.143e+01
6.163e+00 9.175e+00 2.034e+01 2.085e+01
6.206e+00 8.935e+00 1.980e+01 2.028e+01
6.249e+00 8.726e+00 1.933e+01 1.978e+01
6.292e+00 8.543e+00 1.891e+01 1.934e+01
6.336e+00 8.361e+00 1.850e+01 1.890e+01
6.380e+00 8.182e+00 1.810e+01 1.849e+01
6.424e+00 8.006e+00 1.771e+01 1.807e+01
6.469e+00 7.831e+00 1.733e+01 1.767e+01
6.513e+00 7.662e+00 1.695e+01 1.727e+01
6.559e+00 7.494e+00 1.657e+01 1.687e+01
6.604e+00 7.328e+00 1.620e+01 1.648e+01
6.650e+00 7.166e+00 1.583e+01 1.610e+01
6.696e+00 7.221e+00 1.594e+01 1.621e+01
6.743e+00 8.183e+00 1.806e+01 1.835e+01
6.789e+00 8.754e+00 1.932e+01 1.962e+01
6.837e+00 6.748e+00 1.489e+01 1.511e+01
6.884e+00 6.199e+00 1.367e+01 1.385e+01
6.932e+00 5.815e+00 1.281e+01 1.298e+01
6.980e+00 5.661e+00 1.246e+01 1.261e+01
7.028e+00 5.523e+00 1.214e+01 1.228e+01
7.077e+00 5.386e+00 1.182e+01 1.196e+01
7.126e+00 5.253e+00 1.152e+01 1.166e+01
7.176e+00 5.123e+00 1.121e+01 1.135e+01
7.225e+00 4.993e+00 1.092e+01 1.106e+01
7.275e+00 4.866e+00 1.063e+01 1.077e+01
7.326e+00 4.740e+00 1.036e+01 1.048e+01
7.377e+00 4.616e+00 1.008e+01 1.020e+01
7.428e+00 4.494e+00 9.810e+00 9.926e+00
7.480e+00 4.372e+00 9.542e+00 9.656e+00
7.531e+00 4.252e+00 9.284e+00 9.389e+00
7.584e+00 4.136e+00 9.031e+00 9.128e+00
7.636e+00 4.027e+00 8.780e+00 8.873e+00
7.689e+00 3.923e+00 8.534e+00 8.638e+00
7.743e+00 3.822e+00 8.292e+00 8.412e+00
7.796e+00 3.722e+00 8.057e+00 8.190e+00
7.850e+00 3.622e+00 7.835e+00 7.970e+00
7.905e+00 3.523e+00 7.627e+00 7.750e+00
7.960e+00 3.427e+00 7.422e+00 7.533e+00
8.015e+00 3.468e+00 7.515e+00 7.620e+00
8.071e+00 3.355e+00 7.271e+00 7.374e+00
8.127e+00 3.216e+00 6.969e+00 7.070e+00
8.183e+00 3.084e+00 6.676e+00 6.775e+00
8.240e+00 2.998e+00 6.485e+00 6.582e+00
8.297e+00 2.922e+00 6.319e+00 6.410e+00
8.355e+00 2.846e+00 6.155e+00 6.241e+00
8.412e+00 2.772e+00 5.993e+00 6.075e+00
8.471e+00 2.725e+00 5.892e+00 5.970e+00
8.530e+00 2.663e+00 5.755e+00 5.828e+00
8.589e+00 2.603e+00 5.615e+00 5.682e+00
8.648e+00 2.544e+00 5.478e+00 5.552e+00
8.708e+00 2.617e+00 5.625e+00 5.712e+00
8.769e+00 2.411e+00 5.181e+00 5.273e+00
8.830e+00 2.446e+00 5.259e+00 5.348e+00
8.891e+00 2.327e+00 5.008e+00 5.084e+00
8.953e+00 2.275e+00 4.900e+00 4.964e+00
9.015e+00 2.144e+00 4.616e+00 4.664e+00
9.077e+00 2.194e+00 4.722e+00 4.757e+00
9.140e+00 2.144e+00 4.613e+00 4.634e+00
9.204e+00 2.095e+00 4.502e+00 4.521e+00
9.268e+00 2.048e+00 4.390e+00 4.413e+00
9.332e+00 2.002e+00 4.280e+00 4.306e+00
9.397e+00 1.941e+00 4.146e+00 4.173e+00
9.462e+00 1.841e+00 3.934e+00 3.958e+00
9.527e+00 1.745e+00 3.730e+00 3.751e+00
9.594e+00 1.654e+00 3.532e+00 3.551e+00
9.660e+00 1.496e+00 3.191e+00 3.209e+00
9.727e+00 1.310e+00 2.788e+00 2.804e+00
9.795e+00 1.234e+00 2.620e+00 2.633e+00
9.863e+00 1.211e+00 2.565e+00 2.575e+00
9.931e+00 1.188e+00 2.517e+00 2.526e+00
1.000e+01 1.166e+00 2.470e+00 2.480e+00
