# e- + H+ + LiH -> H + LiH+ + e-
# Number of initial vibrational states: 3
# Number of final vibrational states: 6
# R = 6 AngstromE_in [eV] | xs [Mb]
1.000e-02 3.136e+00 7.067e+00 7.350e+00
1.072e-02 2.923e+00 6.588e+00 6.852e+00
1.150e-02 2.725e+00 6.142e+00 6.387e+00
1.233e-02 2.541e+00 5.725e+00 5.954e+00
1.322e-02 2.368e+00 5.337e+00 5.550e+00
1.417e-02 2.208e+00 4.975e+00 5.173e+00
1.520e-02 2.058e+00 4.637e+00 4.822e+00
1.630e-02 1.918e+00 4.322e+00 4.494e+00
1.748e-02 1.788e+00 4.028e+00 4.189e+00
1.874e-02 1.666e+00 3.754e+00 3.904e+00
2.009e-02 1.553e+00 3.499e+00 3.638e+00
2.154e-02 1.447e+00 3.260e+00 3.390e+00
2.310e-02 1.349e+00 3.038e+00 3.159e+00
2.477e-02 1.257e+00 2.831e+00 2.943e+00
2.656e-02 1.171e+00 2.638e+00 2.742e+00
2.848e-02 1.091e+00 2.457e+00 2.555e+00
3.054e-02 1.016e+00 2.289e+00 2.380e+00
3.275e-02 9.469e-01 2.132e+00 2.217e+00
3.511e-02 8.821e-01 1.986e+00 2.065e+00
3.765e-02 8.216e-01 1.850e+00 1.923e+00
4.037e-02 7.652e-01 1.723e+00 1.791e+00
4.329e-02 7.126e-01 1.604e+00 1.667e+00
4.642e-02 6.635e-01 1.494e+00 1.552e+00
4.977e-02 6.178e-01 1.391e+00 1.445e+00
5.337e-02 5.751e-01 1.294e+00 1.345e+00
5.722e-02 5.354e-01 1.205e+00 1.252e+00
6.136e-02 4.983e-01 1.121e+00 1.165e+00
6.579e-02 4.637e-01 1.043e+00 1.084e+00
7.055e-02 4.314e-01 9.703e-01 1.008e+00
7.565e-02 4.013e-01 9.025e-01 9.375e-01
8.111e-02 3.733e-01 8.393e-01 8.717e-01
8.697e-02 3.471e-01 7.803e-01 8.104e-01
9.326e-02 3.227e-01 7.254e-01 7.532e-01
1.000e-01 2.999e-01 6.741e-01 6.999e-01
1.072e-01 2.787e-01 6.263e-01 6.502e-01
1.150e-01 2.589e-01 5.817e-01 6.038e-01
1.233e-01 2.405e-01 5.401e-01 5.606e-01
1.322e-01 2.233e-01 5.014e-01 5.203e-01
1.417e-01 2.072e-01 4.652e-01 4.828e-01
1.520e-01 1.923e-01 4.316e-01 4.477e-01
1.630e-01 1.784e-01 4.002e-01 4.151e-01
1.748e-01 1.654e-01 3.709e-01 3.847e-01
1.874e-01 1.532e-01 3.436e-01 3.563e-01
2.009e-01 1.419e-01 3.182e-01 3.299e-01
2.154e-01 1.314e-01 2.945e-01 3.052e-01
2.310e-01 1.216e-01 2.724e-01 2.823e-01
2.477e-01 1.124e-01 2.518e-01 2.609e-01
2.656e-01 1.039e-01 2.326e-01 2.410e-01
2.848e-01 9.591e-02 2.148e-01 2.224e-01
3.054e-01 8.852e-02 1.983e-01 2.052e-01
3.275e-01 8.163e-02 1.828e-01 1.891e-01
3.511e-01 7.522e-02 1.685e-01 1.742e-01
3.765e-01 6.925e-02 1.551e-01 1.602e-01
4.037e-01 6.370e-02 1.427e-01 1.473e-01
4.329e-01 5.855e-02 1.311e-01 1.352e-01
4.642e-01 5.375e-02 1.204e-01 1.240e-01
4.977e-01 4.930e-02 1.104e-01 1.137e-01
5.337e-01 4.515e-02 1.011e-01 1.040e-01
5.722e-01 4.131e-02 9.247e-02 9.506e-02
6.136e-01 3.777e-02 8.443e-02 8.674e-02
6.579e-01 3.449e-02 7.695e-02 7.903e-02
7.055e-01 3.145e-02 7.002e-02 7.189e-02
7.565e-01 2.864e-02 6.360e-02 6.527e-02
8.111e-01 2.599e-02 5.767e-02 5.915e-02
8.697e-01 2.355e-02 5.220e-02 5.349e-02
9.326e-01 2.129e-02 4.716e-02 4.827e-02
1.000e+00 1.920e-02 4.250e-02 4.346e-02
1.072e+00 1.728e-02 3.824e-02 3.905e-02
1.150e+00 1.551e-02 3.432e-02 3.500e-02
1.233e+00 1.388e-02 3.071e-02 3.128e-02
1.322e+00 1.239e-02 2.737e-02 2.785e-02
1.417e+00 1.102e-02 2.432e-02 2.472e-02
1.520e+00 9.763e-03 2.155e-02 2.187e-02
1.630e+00 8.639e-03 1.903e-02 1.928e-02
1.748e+00 7.622e-03 1.674e-02 1.694e-02
1.874e+00 6.699e-03 1.466e-02 1.485e-02
2.009e+00 5.856e-03 1.280e-02 1.295e-02
2.154e+00 5.089e-03 1.111e-02 1.124e-02
2.310e+00 4.397e-03 9.595e-03 9.698e-03
2.477e+00 3.801e-03 8.231e-03 8.363e-03
2.656e+00 3.260e-03 7.061e-03 7.167e-03
2.848e+00 2.780e-03 6.022e-03 6.111e-03
3.054e+00 2.363e-03 5.111e-03 5.182e-03
3.275e+00 1.998e-03 4.311e-03 4.363e-03
3.511e+00 1.680e-03 3.612e-03 3.675e-03
3.765e+00 1.399e-03 3.012e-03 3.036e-03
4.037e+00 1.159e-03 2.477e-03 2.492e-03
4.329e+00 9.503e-04 2.028e-03 2.039e-03
4.642e+00 7.768e-04 1.645e-03 1.651e-03
4.977e+00 6.267e-04 1.323e-03 1.326e-03
5.337e+00 5.012e-04 1.056e-03 1.053e-03
5.722e+00 3.960e-04 8.279e-04 8.259e-04
6.136e+00 3.096e-04 6.435e-04 6.408e-04
6.579e+00 2.379e-04 4.923e-04 4.886e-04
7.055e+00 1.797e-04 3.698e-04 3.660e-04
7.565e+00 1.332e-04 2.708e-04 2.674e-04
8.111e+00 9.645e-05 1.942e-04 1.896e-04
8.697e+00 6.753e-05 1.327e-04 1.298e-04
9.326e+00 4.490e-05 8.494e-05 8.332e-05
1.000e+01 2.753e-05 4.856e-05 4.789e-05
