# e- + H+ + LiH -> H + LiH+ + e-
# Number of initial vibrational states: 3
# Number of final vibrational states: 6
# R = 2 AngstromE_in [eV] | xs [Mb]
1.000e-02 2.286e+03 5.152e+03 5.358e+03
1.072e-02 2.131e+03 4.803e+03 4.995e+03
1.150e-02 1.987e+03 4.477e+03 4.656e+03
1.233e-02 1.852e+03 4.174e+03 4.341e+03
1.322e-02 1.726e+03 3.891e+03 4.046e+03
1.417e-02 1.609e+03 3.627e+03 3.771e+03
1.520e-02 1.500e+03 3.380e+03 3.515e+03
1.630e-02 1.398e+03 3.151e+03 3.276e+03
1.748e-02 1.303e+03 2.936e+03 3.054e+03
1.874e-02 1.215e+03 2.737e+03 2.846e+03
2.009e-02 1.132e+03 2.550e+03 2.652e+03
2.154e-02 1.055e+03 2.377e+03 2.471e+03
2.310e-02 9.831e+02 2.215e+03 2.303e+03
2.477e-02 9.161e+02 2.064e+03 2.146e+03
2.656e-02 8.536e+02 1.923e+03 1.999e+03
2.848e-02 7.953e+02 1.791e+03 1.862e+03
3.054e-02 7.410e+02 1.669e+03 1.735e+03
3.275e-02 6.903e+02 1.555e+03 1.616e+03
3.511e-02 6.430e+02 1.448e+03 1.505e+03
3.765e-02 5.989e+02 1.349e+03 1.402e+03
4.037e-02 5.578e+02 1.256e+03 1.305e+03
4.329e-02 5.195e+02 1.169e+03 1.216e+03
4.642e-02 4.837e+02 1.089e+03 1.132e+03
4.977e-02 4.504e+02 1.014e+03 1.053e+03
5.337e-02 4.193e+02 9.436e+02 9.806e+02
5.722e-02 3.903e+02 8.782e+02 9.125e+02
6.136e-02 3.632e+02 8.172e+02 8.491e+02
6.579e-02 3.380e+02 7.604e+02 7.900e+02
7.055e-02 3.145e+02 7.074e+02 7.348e+02
7.565e-02 2.926e+02 6.579e+02 6.834e+02
8.111e-02 2.721e+02 6.119e+02 6.355e+02
8.697e-02 2.530e+02 5.689e+02 5.908e+02
9.326e-02 2.353e+02 5.288e+02 5.491e+02
1.000e-01 2.187e+02 4.914e+02 5.102e+02
1.072e-01 2.032e+02 4.566e+02 4.740e+02
1.150e-01 1.888e+02 4.241e+02 4.402e+02
1.233e-01 1.753e+02 3.938e+02 4.087e+02
1.322e-01 1.628e+02 3.655e+02 3.793e+02
1.417e-01 1.511e+02 3.392e+02 3.519e+02
1.520e-01 1.402e+02 3.146e+02 3.264e+02
1.630e-01 1.300e+02 2.917e+02 3.026e+02
1.748e-01 1.205e+02 2.704e+02 2.804e+02
1.874e-01 1.117e+02 2.505e+02 2.597e+02
2.009e-01 1.035e+02 2.319e+02 2.405e+02
2.154e-01 9.579e+01 2.147e+02 2.225e+02
2.310e-01 8.862e+01 1.986e+02 2.058e+02
2.477e-01 8.194e+01 1.836e+02 1.902e+02
2.656e-01 7.571e+01 1.696e+02 1.757e+02
2.848e-01 6.992e+01 1.566e+02 1.622e+02
3.054e-01 6.453e+01 1.445e+02 1.496e+02
3.275e-01 5.951e+01 1.333e+02 1.379e+02
3.511e-01 5.483e+01 1.228e+02 1.270e+02
3.765e-01 5.049e+01 1.131e+02 1.168e+02
4.037e-01 4.644e+01 1.040e+02 1.074e+02
4.329e-01 4.268e+01 9.559e+01 9.859e+01
4.642e-01 3.919e+01 8.776e+01 9.043e+01
4.977e-01 3.594e+01 8.048e+01 8.286e+01
5.337e-01 3.292e+01 7.370e+01 7.583e+01
5.722e-01 3.011e+01 6.741e+01 6.930e+01
6.136e-01 2.753e+01 6.155e+01 6.323e+01
6.579e-01 2.514e+01 5.609e+01 5.761e+01
7.055e-01 2.293e+01 5.104e+01 5.241e+01
7.565e-01 2.088e+01 4.636e+01 4.758e+01
8.111e-01 1.895e+01 4.204e+01 4.312e+01
8.697e-01 1.717e+01 3.806e+01 3.900e+01
9.326e-01 1.552e+01 3.438e+01 3.519e+01
1.000e+00 1.400e+01 3.098e+01 3.168e+01
1.072e+00 1.260e+01 2.788e+01 2.847e+01
1.150e+00 1.131e+01 2.502e+01 2.552e+01
1.233e+00 1.012e+01 2.239e+01 2.280e+01
1.322e+00 9.032e+00 1.995e+01 2.030e+01
1.417e+00 8.031e+00 1.773e+01 1.802e+01
1.520e+00 7.117e+00 1.571e+01 1.594e+01
1.630e+00 6.298e+00 1.387e+01 1.405e+01
1.748e+00 5.556e+00 1.221e+01 1.235e+01
1.874e+00 4.883e+00 1.069e+01 1.082e+01
2.009e+00 4.269e+00 9.328e+00 9.444e+00
2.154e+00 3.710e+00 8.099e+00 8.195e+00
2.310e+00 3.206e+00 6.995e+00 7.070e+00
2.477e+00 2.771e+00 6.000e+00 6.097e+00
2.656e+00 2.377e+00 5.148e+00 5.225e+00
2.848e+00 2.027e+00 4.390e+00 4.455e+00
3.054e+00 1.723e+00 3.726e+00 3.778e+00
3.275e+00 1.456e+00 3.143e+00 3.181e+00
3.511e+00 1.225e+00 2.633e+00 2.679e+00
3.765e+00 1.020e+00 2.196e+00 2.213e+00
4.037e+00 8.446e-01 1.806e+00 1.817e+00
4.329e+00 6.928e-01 1.479e+00 1.487e+00
4.642e+00 5.663e-01 1.199e+00 1.204e+00
4.977e+00 4.569e-01 9.648e-01 9.669e-01
5.337e+00 3.654e-01 7.698e-01 7.673e-01
5.722e+00 2.887e-01 6.035e-01 6.021e-01
6.136e+00 2.257e-01 4.691e-01 4.672e-01
6.579e+00 1.735e-01 3.589e-01 3.562e-01
7.055e+00 1.310e-01 2.696e-01 2.668e-01
7.565e+00 9.710e-02 1.974e-01 1.950e-01
8.111e+00 7.031e-02 1.416e-01 1.383e-01
8.697e+00 4.923e-02 9.675e-02 9.463e-02
9.326e+00 3.273e-02 6.192e-02 6.074e-02
1.000e+01 2.007e-02 3.540e-02 3.491e-02
