# e- + H+ + LiH -> H + LiH+ + e-
# Number of initial vibrational states: 3
# Number of final vibrational states: 6
# R = 10 AngstromE_in [eV] | xs [Mb]
1.000e-02 8.138e+00 1.906e+01 3.082e+01
1.072e-02 7.588e+00 1.777e+01 2.873e+01
1.150e-02 7.074e+00 1.656e+01 2.679e+01
1.233e-02 6.596e+00 1.544e+01 2.498e+01
1.322e-02 6.149e+00 1.440e+01 2.329e+01
1.417e-02 5.733e+00 1.342e+01 2.171e+01
1.520e-02 5.345e+00 1.252e+01 2.024e+01
1.630e-02 4.983e+00 1.167e+01 1.887e+01
1.748e-02 4.645e+00 1.088e+01 1.759e+01
1.874e-02 4.330e+00 1.014e+01 1.640e+01
2.009e-02 4.036e+00 9.452e+00 1.529e+01
2.154e-02 3.763e+00 8.810e+00 1.425e+01
2.310e-02 3.507e+00 8.212e+00 1.328e+01
2.477e-02 3.269e+00 7.654e+00 1.238e+01
2.656e-02 3.047e+00 7.134e+00 1.154e+01
2.848e-02 2.840e+00 6.649e+00 1.075e+01
3.054e-02 2.646e+00 6.197e+00 1.002e+01
3.275e-02 2.466e+00 5.775e+00 9.339e+00
3.511e-02 2.298e+00 5.381e+00 8.702e+00
3.765e-02 2.141e+00 5.014e+00 8.109e+00
4.037e-02 1.995e+00 4.672e+00 7.555e+00
4.329e-02 1.859e+00 4.353e+00 7.039e+00
4.642e-02 1.732e+00 4.055e+00 6.558e+00
4.977e-02 1.613e+00 3.777e+00 6.109e+00
5.337e-02 1.503e+00 3.519e+00 5.690e+00
5.722e-02 1.400e+00 3.277e+00 5.300e+00
6.136e-02 1.303e+00 3.052e+00 4.936e+00
6.579e-02 1.214e+00 2.842e+00 4.596e+00
7.055e-02 1.130e+00 2.646e+00 4.279e+00
7.565e-02 1.052e+00 2.464e+00 3.984e+00
8.111e-02 9.794e-01 2.293e+00 3.709e+00
8.697e-02 9.116e-01 2.135e+00 3.452e+00
9.326e-02 8.484e-01 1.987e+00 3.212e+00
1.000e-01 7.894e-01 1.848e+00 2.989e+00
1.072e-01 7.344e-01 1.720e+00 2.781e+00
1.150e-01 6.831e-01 1.600e+00 2.587e+00
1.233e-01 6.353e-01 1.488e+00 2.406e+00
1.322e-01 5.907e-01 1.383e+00 2.237e+00
1.417e-01 5.491e-01 1.286e+00 2.079e+00
1.520e-01 5.103e-01 1.195e+00 1.932e+00
1.630e-01 4.742e-01 1.110e+00 1.795e+00
1.748e-01 4.405e-01 1.032e+00 1.668e+00
1.874e-01 4.091e-01 9.579e-01 1.549e+00
2.009e-01 3.798e-01 8.893e-01 1.438e+00
2.154e-01 3.525e-01 8.254e-01 1.334e+00
2.310e-01 3.270e-01 7.657e-01 1.238e+00
2.477e-01 3.032e-01 7.101e-01 1.148e+00
2.656e-01 2.811e-01 6.583e-01 1.064e+00
2.848e-01 2.605e-01 6.101e-01 9.862e-01
3.054e-01 2.413e-01 5.650e-01 9.134e-01
3.275e-01 2.234e-01 5.231e-01 8.456e-01
3.511e-01 2.067e-01 4.840e-01 7.824e-01
3.765e-01 1.911e-01 4.476e-01 7.235e-01
4.037e-01 1.766e-01 4.137e-01 6.687e-01
4.329e-01 1.632e-01 3.821e-01 6.176e-01
4.642e-01 1.506e-01 3.527e-01 5.700e-01
4.977e-01 1.389e-01 3.253e-01 5.258e-01
5.337e-01 1.280e-01 2.998e-01 4.845e-01
5.722e-01 1.179e-01 2.761e-01 4.462e-01
6.136e-01 1.085e-01 2.540e-01 4.105e-01
6.579e-01 9.969e-02 2.335e-01 3.773e-01
7.055e-01 9.154e-02 2.144e-01 3.464e-01
7.565e-01 8.396e-02 1.967e-01 3.177e-01
8.111e-01 7.693e-02 1.802e-01 2.911e-01
8.697e-01 7.040e-02 1.649e-01 2.664e-01
9.326e-01 6.434e-02 1.507e-01 2.434e-01
1.000e+00 5.872e-02 1.376e-01 2.222e-01
1.072e+00 5.351e-02 1.254e-01 2.024e-01
1.150e+00 4.869e-02 1.141e-01 1.842e-01
1.233e+00 4.423e-02 1.036e-01 1.673e-01
1.322e+00 4.010e-02 9.396e-02 1.517e-01
1.417e+00 3.630e-02 8.505e-02 1.373e-01
1.520e+00 3.279e-02 7.683e-02 1.240e-01
1.630e+00 2.955e-02 6.926e-02 1.117e-01
1.748e+00 2.658e-02 6.229e-02 1.005e-01
1.874e+00 2.385e-02 5.590e-02 9.016e-02
2.009e+00 2.135e-02 5.004e-02 8.069e-02
2.154e+00 1.906e-02 4.467e-02 7.203e-02
2.310e+00 1.697e-02 3.977e-02 6.412e-02
2.477e+00 1.506e-02 3.531e-02 5.691e-02
2.656e+00 1.333e-02 3.125e-02 5.036e-02
2.848e+00 1.176e-02 2.757e-02 4.442e-02
3.054e+00 1.034e-02 2.425e-02 3.904e-02
3.275e+00 9.059e-03 2.125e-02 3.420e-02
3.511e+00 7.908e-03 1.855e-02 2.985e-02
3.765e+00 6.878e-03 1.613e-02 2.596e-02
4.037e+00 5.958e-03 1.398e-02 2.248e-02
4.329e+00 5.140e-03 1.206e-02 1.939e-02
4.642e+00 4.415e-03 1.036e-02 1.665e-02
4.977e+00 3.776e-03 8.864e-03 1.424e-02
5.337e+00 3.215e-03 7.548e-03 1.212e-02
5.722e+00 2.724e-03 6.398e-03 1.026e-02
6.136e+00 2.298e-03 5.396e-03 8.652e-03
6.579e+00 1.928e-03 4.529e-03 7.257e-03
7.055e+00 1.610e-03 3.782e-03 6.056e-03
7.565e+00 1.337e-03 3.142e-03 5.027e-03
8.111e+00 1.104e-03 2.596e-03 4.150e-03
8.697e+00 9.068e-04 2.132e-03 3.407e-03
9.326e+00 7.405e-04 1.742e-03 2.780e-03
1.000e+01 6.011e-04 1.415e-03 2.256e-03
