# e- + H+ + LiH -> H + LiH+ + e-
# ICEC cross section
# R = 3.952 Angstrom
# Number of initial vibrational states: 1
# Dissociative states of D+: Max energy = 1.0 eV, Box length = 8 Angstrom
# E_in [eV] | xs [Mb]
1.000e-02 4.564e+02
1.006e-02 4.536e+02
1.012e-02 4.508e+02
1.019e-02 4.481e+02
1.025e-02 4.453e+02
1.031e-02 4.426e+02
1.037e-02 4.399e+02
1.044e-02 4.372e+02
1.050e-02 4.345e+02
1.057e-02 4.318e+02
1.063e-02 4.292e+02
1.070e-02 4.266e+02
1.076e-02 4.240e+02
1.083e-02 4.214e+02
1.089e-02 4.188e+02
1.096e-02 4.162e+02
1.103e-02 4.137e+02
1.110e-02 4.111e+02
1.116e-02 4.086e+02
1.123e-02 4.061e+02
1.130e-02 4.036e+02
1.137e-02 4.011e+02
1.144e-02 3.987e+02
1.151e-02 3.962e+02
1.158e-02 3.938e+02
1.165e-02 3.914e+02
1.172e-02 3.890e+02
1.180e-02 3.866e+02
1.187e-02 3.842e+02
1.194e-02 3.819e+02
1.201e-02 3.795e+02
1.209e-02 3.772e+02
1.216e-02 3.749e+02
1.224e-02 3.726e+02
1.231e-02 3.703e+02
1.239e-02 3.680e+02
1.246e-02 3.658e+02
1.254e-02 3.635e+02
1.262e-02 3.613e+02
1.269e-02 3.591e+02
1.277e-02 3.569e+02
1.285e-02 3.547e+02
1.293e-02 3.525e+02
1.301e-02 3.504e+02
1.309e-02 3.482e+02
1.317e-02 3.461e+02
1.325e-02 3.440e+02
1.333e-02 3.418e+02
1.341e-02 3.398e+02
1.349e-02 3.377e+02
1.358e-02 3.356e+02
1.366e-02 3.335e+02
1.374e-02 3.315e+02
1.383e-02 3.295e+02
1.391e-02 3.274e+02
1.400e-02 3.254e+02
1.408e-02 3.234e+02
1.417e-02 3.214e+02
1.426e-02 3.195e+02
1.434e-02 3.175e+02
1.443e-02 3.156e+02
1.452e-02 3.136e+02
1.461e-02 3.117e+02
1.470e-02 3.098e+02
1.479e-02 3.079e+02
1.488e-02 3.060e+02
1.497e-02 3.041e+02
1.506e-02 3.022e+02
1.516e-02 3.004e+02
1.525e-02 2.985e+02
1.534e-02 2.967e+02
1.544e-02 2.949e+02
1.553e-02 2.931e+02
1.563e-02 2.913e+02
1.572e-02 2.895e+02
1.582e-02 2.877e+02
1.592e-02 2.859e+02
1.601e-02 2.842e+02
1.611e-02 2.824e+02
1.621e-02 2.807e+02
1.631e-02 2.790e+02
1.641e-02 2.773e+02
1.651e-02 2.756e+02
1.661e-02 2.739e+02
1.671e-02 2.722e+02
1.682e-02 2.705e+02
1.692e-02 2.689e+02
1.702e-02 2.672e+02
1.713e-02 2.656e+02
1.723e-02 2.639e+02
1.734e-02 2.623e+02
1.745e-02 2.607e+02
1.755e-02 2.591e+02
1.766e-02 2.575e+02
1.777e-02 2.559e+02
1.788e-02 2.543e+02
1.799e-02 2.528e+02
1.810e-02 2.512e+02
1.821e-02 2.497e+02
1.832e-02 2.481e+02
1.843e-02 2.466e+02
1.855e-02 2.451e+02
1.866e-02 2.436e+02
1.877e-02 2.421e+02
1.889e-02 2.406e+02
1.900e-02 2.391e+02
1.912e-02 2.377e+02
1.924e-02 2.362e+02
1.936e-02 2.347e+02
1.948e-02 2.333e+02
1.960e-02 2.319e+02
1.972e-02 2.304e+02
1.984e-02 2.290e+02
1.996e-02 2.276e+02
2.008e-02 2.262e+02
2.020e-02 2.248e+02
2.033e-02 2.234e+02
2.045e-02 2.221e+02
2.058e-02 2.207e+02
2.070e-02 2.193e+02
2.083e-02 2.180e+02
2.096e-02 2.166e+02
2.109e-02 2.153e+02
2.122e-02 2.140e+02
2.135e-02 2.127e+02
2.148e-02 2.113e+02
2.161e-02 2.100e+02
2.174e-02 2.088e+02
2.188e-02 2.075e+02
2.201e-02 2.062e+02
2.214e-02 2.049e+02
2.228e-02 2.037e+02
2.242e-02 2.024e+02
2.255e-02 2.012e+02
2.269e-02 1.999e+02
2.283e-02 1.987e+02
2.297e-02 1.975e+02
2.311e-02 1.962e+02
2.325e-02 1.950e+02
2.340e-02 1.938e+02
2.354e-02 1.926e+02
2.369e-02 1.914e+02
2.383e-02 1.903e+02
2.398e-02 1.891e+02
2.412e-02 1.879e+02
2.427e-02 1.868e+02
2.442e-02 1.856e+02
2.457e-02 1.845e+02
2.472e-02 1.833e+02
2.487e-02 1.822e+02
2.503e-02 1.811e+02
2.518e-02 1.800e+02
2.533e-02 1.789e+02
2.549e-02 1.777e+02
2.565e-02 1.767e+02
2.580e-02 1.756e+02
2.596e-02 1.745e+02
2.612e-02 1.734e+02
2.628e-02 1.723e+02
2.644e-02 1.713e+02
2.660e-02 1.702e+02
2.677e-02 1.692e+02
2.693e-02 1.681e+02
2.710e-02 1.671e+02
2.726e-02 1.660e+02
2.743e-02 1.650e+02
2.760e-02 1.640e+02
2.777e-02 1.630e+02
2.794e-02 1.620e+02
2.811e-02 1.610e+02
2.828e-02 1.600e+02
2.845e-02 1.590e+02
2.863e-02 1.580e+02
2.880e-02 1.570e+02
2.898e-02 1.561e+02
2.916e-02 1.551e+02
2.934e-02 1.541e+02
2.952e-02 1.532e+02
2.970e-02 1.522e+02
2.988e-02 1.513e+02
3.006e-02 1.504e+02
3.025e-02 1.494e+02
3.043e-02 1.485e+02
3.062e-02 1.476e+02
3.081e-02 1.467e+02
3.100e-02 1.458e+02
3.119e-02 1.449e+02
3.138e-02 1.440e+02
3.157e-02 1.431e+02
3.177e-02 1.422e+02
3.196e-02 1.413e+02
3.216e-02 1.404e+02
3.235e-02 1.396e+02
3.255e-02 1.387e+02
3.275e-02 1.379e+02
3.295e-02 1.370e+02
3.316e-02 1.362e+02
3.336e-02 1.353e+02
3.356e-02 1.345e+02
3.377e-02 1.336e+02
3.398e-02 1.328e+02
3.418e-02 1.320e+02
3.439e-02 1.312e+02
3.461e-02 1.304e+02
3.482e-02 1.295e+02
3.503e-02 1.287e+02
3.525e-02 1.279e+02
3.546e-02 1.272e+02
3.568e-02 1.264e+02
3.590e-02 1.256e+02
3.612e-02 1.248e+02
3.634e-02 1.240e+02
3.656e-02 1.233e+02
3.679e-02 1.225e+02
3.701e-02 1.217e+02
3.724e-02 1.210e+02
3.747e-02 1.202e+02
3.770e-02 1.195e+02
3.793e-02 1.187e+02
3.816e-02 1.180e+02
3.840e-02 1.173e+02
3.863e-02 1.165e+02
3.887e-02 1.158e+02
3.911e-02 1.151e+02
3.935e-02 1.144e+02
3.959e-02 1.137e+02
3.983e-02 1.130e+02
4.008e-02 1.123e+02
4.032e-02 1.116e+02
4.057e-02 1.109e+02
4.082e-02 1.102e+02
4.107e-02 1.095e+02
4.132e-02 1.088e+02
4.157e-02 1.081e+02
4.183e-02 1.075e+02
4.209e-02 1.068e+02
4.234e-02 1.061e+02
4.260e-02 1.055e+02
4.286e-02 1.048e+02
4.313e-02 1.042e+02
4.339e-02 1.035e+02
4.366e-02 1.029e+02
4.393e-02 1.022e+02
4.420e-02 1.016e+02
4.447e-02 1.010e+02
4.474e-02 1.003e+02
4.501e-02 9.972e+01
4.529e-02 9.910e+01
4.557e-02 9.848e+01
4.585e-02 9.787e+01
4.613e-02 9.726e+01
4.641e-02 9.665e+01
4.670e-02 9.605e+01
4.698e-02 9.545e+01
4.727e-02 9.486e+01
4.756e-02 9.427e+01
4.785e-02 9.368e+01
4.815e-02 9.309e+01
4.844e-02 9.251e+01
4.874e-02 9.194e+01
4.904e-02 9.136e+01
4.934e-02 9.079e+01
4.964e-02 9.023e+01
4.995e-02 8.966e+01
5.025e-02 8.910e+01
5.056e-02 8.855e+01
5.087e-02 8.800e+01
5.118e-02 8.745e+01
5.150e-02 8.690e+01
5.181e-02 8.636e+01
5.213e-02 8.582e+01
5.245e-02 8.528e+01
5.277e-02 8.475e+01
5.309e-02 8.422e+01
5.342e-02 8.369e+01
5.375e-02 8.317e+01
5.408e-02 8.265e+01
5.441e-02 8.213e+01
5.474e-02 8.162e+01
5.508e-02 8.111e+01
5.542e-02 8.060e+01
5.576e-02 8.010e+01
5.610e-02 7.960e+01
5.644e-02 7.910e+01
5.679e-02 7.860e+01
5.714e-02 7.811e+01
5.749e-02 7.762e+01
5.784e-02 7.713e+01
5.820e-02 7.665e+01
5.855e-02 7.617e+01
5.891e-02 7.569e+01
5.927e-02 7.522e+01
5.964e-02 7.475e+01
6.000e-02 7.428e+01
6.037e-02 7.381e+01
6.074e-02 7.335e+01
6.111e-02 7.289e+01
6.149e-02 7.243e+01
6.187e-02 7.198e+01
6.225e-02 7.153e+01
6.263e-02 7.108e+01
6.301e-02 7.063e+01
6.340e-02 7.019e+01
6.379e-02 6.975e+01
6.418e-02 6.931e+01
6.457e-02 6.887e+01
6.497e-02 6.844e+01
6.537e-02 6.801e+01
6.577e-02 6.758e+01
6.617e-02 6.716e+01
6.658e-02 6.674e+01
6.698e-02 6.632e+01
6.740e-02 6.590e+01
6.781e-02 6.548e+01
6.822e-02 6.507e+01
6.864e-02 6.466e+01
6.906e-02 6.426e+01
6.949e-02 6.385e+01
6.991e-02 6.345e+01
7.034e-02 6.305e+01
7.077e-02 6.265e+01
7.121e-02 6.226e+01
7.165e-02 6.187e+01
7.209e-02 6.148e+01
7.253e-02 6.109e+01
7.297e-02 6.070e+01
7.342e-02 6.032e+01
7.387e-02 5.994e+01
7.432e-02 5.956e+01
7.478e-02 5.918e+01
7.524e-02 5.881e+01
7.570e-02 5.844e+01
7.616e-02 5.807e+01
7.663e-02 5.770e+01
7.710e-02 5.734e+01
7.757e-02 5.698e+01
7.805e-02 5.662e+01
7.853e-02 5.626e+01
7.901e-02 5.590e+01
7.949e-02 5.555e+01
7.998e-02 5.520e+01
8.047e-02 5.485e+01
8.097e-02 5.450e+01
8.146e-02 5.416e+01
8.196e-02 5.381e+01
8.247e-02 5.347e+01
8.297e-02 5.313e+01
8.348e-02 5.280e+01
8.399e-02 5.246e+01
8.451e-02 5.213e+01
8.503e-02 5.180e+01
8.555e-02 5.147e+01
8.607e-02 5.114e+01
8.660e-02 5.082e+01
8.713e-02 5.050e+01
8.767e-02 5.018e+01
8.820e-02 4.986e+01
8.875e-02 4.954e+01
8.929e-02 4.923e+01
8.984e-02 4.891e+01
9.039e-02 4.860e+01
9.094e-02 4.829e+01
9.150e-02 4.799e+01
9.206e-02 4.768e+01
9.263e-02 4.738e+01
9.319e-02 4.707e+01
9.377e-02 4.677e+01
9.434e-02 4.648e+01
9.492e-02 4.618e+01
9.550e-02 4.589e+01
9.609e-02 4.559e+01
9.668e-02 4.530e+01
9.727e-02 4.501e+01
9.787e-02 4.473e+01
9.847e-02 4.444e+01
9.907e-02 4.416e+01
9.968e-02 4.387e+01
1.003e-01 4.359e+01
1.009e-01 4.331e+01
1.015e-01 4.304e+01
1.021e-01 4.276e+01
1.028e-01 4.249e+01
1.034e-01 4.222e+01
1.040e-01 4.195e+01
1.047e-01 4.168e+01
1.053e-01 4.141e+01
1.060e-01 4.115e+01
1.066e-01 4.088e+01
1.073e-01 4.062e+01
1.079e-01 4.036e+01
1.086e-01 4.010e+01
1.093e-01 3.984e+01
1.099e-01 3.959e+01
1.106e-01 3.933e+01
1.113e-01 3.908e+01
1.120e-01 3.883e+01
1.126e-01 3.858e+01
1.133e-01 3.833e+01
1.140e-01 3.808e+01
1.147e-01 3.784e+01
1.154e-01 3.760e+01
1.161e-01 3.735e+01
1.169e-01 3.711e+01
1.176e-01 3.687e+01
1.183e-01 3.664e+01
1.190e-01 3.640e+01
1.198e-01 3.617e+01
1.205e-01 3.593e+01
1.212e-01 3.570e+01
1.220e-01 3.547e+01
1.227e-01 3.524e+01
1.235e-01 3.501e+01
1.242e-01 3.479e+01
1.250e-01 3.456e+01
1.258e-01 3.434e+01
1.265e-01 3.412e+01
1.273e-01 3.390e+01
1.281e-01 3.368e+01
1.289e-01 3.346e+01
1.297e-01 3.324e+01
1.305e-01 3.303e+01
1.313e-01 3.281e+01
1.321e-01 3.260e+01
1.329e-01 3.239e+01
1.337e-01 3.218e+01
1.345e-01 3.197e+01
1.353e-01 3.176e+01
1.362e-01 3.155e+01
1.370e-01 3.135e+01
1.378e-01 3.115e+01
1.387e-01 3.094e+01
1.395e-01 3.074e+01
1.404e-01 3.054e+01
1.413e-01 3.034e+01
1.421e-01 3.014e+01
1.430e-01 2.995e+01
1.439e-01 2.975e+01
1.447e-01 2.956e+01
1.456e-01 2.937e+01
1.465e-01 2.917e+01
1.474e-01 2.898e+01
1.483e-01 2.879e+01
1.492e-01 2.861e+01
1.502e-01 2.842e+01
1.511e-01 2.823e+01
1.520e-01 2.805e+01
1.529e-01 2.787e+01
1.539e-01 2.768e+01
1.548e-01 2.750e+01
1.558e-01 2.732e+01
1.567e-01 2.714e+01
1.577e-01 2.696e+01
1.587e-01 2.679e+01
1.596e-01 2.661e+01
1.606e-01 2.644e+01
1.616e-01 2.626e+01
1.626e-01 2.609e+01
1.636e-01 2.592e+01
1.646e-01 2.575e+01
1.656e-01 2.558e+01
1.666e-01 2.541e+01
1.676e-01 2.524e+01
1.687e-01 2.508e+01
1.697e-01 2.491e+01
1.707e-01 2.475e+01
1.718e-01 2.458e+01
1.728e-01 2.442e+01
1.739e-01 2.426e+01
1.750e-01 2.410e+01
1.760e-01 2.394e+01
1.771e-01 2.378e+01
1.782e-01 2.362e+01
1.793e-01 2.347e+01
1.804e-01 2.331e+01
1.815e-01 2.316e+01
1.826e-01 2.300e+01
1.837e-01 2.285e+01
1.849e-01 2.270e+01
1.860e-01 2.255e+01
1.871e-01 2.240e+01
1.883e-01 2.225e+01
1.894e-01 2.210e+01
1.906e-01 2.195e+01
1.918e-01 2.181e+01
1.929e-01 2.166e+01
1.941e-01 2.152e+01
1.953e-01 2.138e+01
1.965e-01 2.123e+01
1.977e-01 2.109e+01
1.989e-01 2.095e+01
2.002e-01 2.081e+01
2.014e-01 2.067e+01
2.026e-01 2.054e+01
2.039e-01 2.040e+01
2.051e-01 2.026e+01
2.064e-01 2.013e+01
2.076e-01 1.999e+01
2.089e-01 1.986e+01
2.102e-01 1.973e+01
2.115e-01 1.959e+01
2.128e-01 1.946e+01
2.141e-01 1.933e+01
2.154e-01 1.920e+01
2.167e-01 1.907e+01
2.181e-01 1.894e+01
2.194e-01 1.882e+01
2.207e-01 1.869e+01
2.221e-01 1.856e+01
2.235e-01 1.844e+01
2.248e-01 1.832e+01
2.262e-01 1.819e+01
2.276e-01 1.807e+01
2.290e-01 1.795e+01
2.304e-01 1.783e+01
2.318e-01 1.771e+01
2.332e-01 1.759e+01
2.347e-01 1.747e+01
2.361e-01 1.735e+01
2.375e-01 1.723e+01
2.390e-01 1.711e+01
2.405e-01 1.700e+01
2.419e-01 1.688e+01
2.434e-01 1.677e+01
2.449e-01 1.665e+01
2.464e-01 1.654e+01
2.479e-01 1.643e+01
2.495e-01 1.632e+01
2.510e-01 1.620e+01
2.525e-01 1.609e+01
2.541e-01 1.598e+01
2.556e-01 1.588e+01
2.572e-01 1.577e+01
2.588e-01 1.566e+01
2.604e-01 1.555e+01
2.620e-01 1.545e+01
2.636e-01 1.534e+01
2.652e-01 1.523e+01
2.668e-01 1.513e+01
2.684e-01 1.503e+01
2.701e-01 1.492e+01
2.717e-01 1.482e+01
2.734e-01 1.472e+01
2.751e-01 1.462e+01
2.768e-01 1.452e+01
2.785e-01 1.442e+01
2.802e-01 1.432e+01
2.819e-01 1.422e+01
2.836e-01 1.412e+01
2.854e-01 1.402e+01
2.871e-01 1.393e+01
2.889e-01 1.383e+01
2.907e-01 1.374e+01
2.924e-01 1.364e+01
2.942e-01 1.355e+01
2.960e-01 1.345e+01
2.979e-01 1.336e+01
2.997e-01 1.327e+01
3.015e-01 1.318e+01
3.034e-01 1.309e+01
3.052e-01 1.300e+01
3.071e-01 1.291e+01
3.090e-01 1.282e+01
3.109e-01 1.273e+01
3.128e-01 1.264e+01
3.147e-01 1.255e+01
3.166e-01 1.246e+01
3.186e-01 1.238e+01
3.205e-01 1.229e+01
3.225e-01 1.221e+01
3.245e-01 1.212e+01
3.265e-01 1.204e+01
3.285e-01 1.195e+01
3.305e-01 1.187e+01
3.325e-01 1.179e+01
3.346e-01 1.170e+01
3.366e-01 1.162e+01
3.387e-01 1.154e+01
3.408e-01 1.146e+01
3.428e-01 1.138e+01
3.449e-01 1.130e+01
3.471e-01 1.122e+01
3.492e-01 1.114e+01
3.513e-01 1.106e+01
3.535e-01 1.098e+01
3.557e-01 1.091e+01
3.578e-01 1.083e+01
3.600e-01 1.075e+01
3.622e-01 1.068e+01
3.645e-01 1.060e+01
3.667e-01 1.053e+01
3.689e-01 1.045e+01
3.712e-01 1.038e+01
3.735e-01 1.031e+01
3.758e-01 1.023e+01
3.781e-01 1.016e+01
3.804e-01 1.009e+01
3.827e-01 1.001e+01
3.851e-01 9.943e+00
3.874e-01 9.871e+00
3.898e-01 9.800e+00
3.922e-01 9.730e+00
3.946e-01 9.660e+00
3.970e-01 9.590e+00
3.995e-01 9.521e+00
4.019e-01 9.452e+00
4.044e-01 9.383e+00
4.069e-01 9.316e+00
4.094e-01 9.248e+00
4.119e-01 9.181e+00
4.144e-01 9.114e+00
4.169e-01 9.048e+00
4.195e-01 8.982e+00
4.221e-01 8.917e+00
4.247e-01 8.852e+00
4.273e-01 8.787e+00
4.299e-01 8.723e+00
4.325e-01 8.659e+00
4.352e-01 8.596e+00
4.379e-01 8.533e+00
4.405e-01 8.470e+00
4.432e-01 8.408e+00
4.460e-01 8.346e+00
4.487e-01 8.284e+00
4.514e-01 8.223e+00
4.542e-01 8.163e+00
4.570e-01 8.102e+00
4.598e-01 8.043e+00
4.626e-01 7.983e+00
4.655e-01 7.924e+00
4.683e-01 7.865e+00
4.712e-01 7.807e+00
4.741e-01 7.749e+00
4.770e-01 7.691e+00
4.799e-01 7.634e+00
4.829e-01 7.576e+00
4.858e-01 7.519e+00
4.888e-01 7.462e+00
4.918e-01 7.406e+00
4.948e-01 7.350e+00
4.979e-01 7.295e+00
5.009e-01 7.239e+00
5.040e-01 7.184e+00
5.071e-01 7.130e+00
5.102e-01 7.076e+00
5.133e-01 7.022e+00
5.165e-01 6.968e+00
5.196e-01 6.915e+00
5.228e-01 6.862e+00
5.260e-01 6.810e+00
5.292e-01 6.758e+00
5.325e-01 6.706e+00
5.358e-01 6.654e+00
5.390e-01 6.603e+00
5.424e-01 6.552e+00
5.457e-01 6.502e+00
5.490e-01 6.452e+00
5.524e-01 6.402e+00
5.558e-01 6.352e+00
5.592e-01 6.303e+00
5.626e-01 6.254e+00
5.661e-01 6.206e+00
5.695e-01 6.157e+00
5.730e-01 6.110e+00
5.766e-01 6.062e+00
5.801e-01 6.015e+00
5.836e-01 5.969e+00
5.872e-01 5.923e+00
5.908e-01 5.877e+00
5.945e-01 5.831e+00
5.981e-01 5.786e+00
6.018e-01 5.741e+00
6.055e-01 5.697e+00
6.092e-01 5.652e+00
6.129e-01 5.608e+00
6.167e-01 5.564e+00
6.205e-01 5.521e+00
6.243e-01 5.477e+00
6.281e-01 5.435e+00
6.319e-01 5.392e+00
6.358e-01 5.349e+00
6.397e-01 5.307e+00
6.436e-01 5.265e+00
6.476e-01 5.224e+00
6.516e-01 5.183e+00
6.556e-01 5.142e+00
6.596e-01 5.101e+00
6.636e-01 5.060e+00
6.677e-01 5.020e+00
6.718e-01 4.980e+00
6.759e-01 4.940e+00
6.801e-01 4.900e+00
6.842e-01 4.861e+00
6.884e-01 4.822e+00
6.927e-01 4.783e+00
6.969e-01 4.744e+00
7.012e-01 4.706e+00
7.055e-01 4.668e+00
7.098e-01 4.630e+00
7.142e-01 4.592e+00
7.185e-01 4.555e+00
7.229e-01 4.518e+00
7.274e-01 4.481e+00
7.318e-01 4.444e+00
7.363e-01 4.408e+00
7.409e-01 4.371e+00
7.454e-01 4.336e+00
7.500e-01 4.300e+00
7.546e-01 4.264e+00
7.592e-01 4.229e+00
7.639e-01 4.194e+00
7.685e-01 4.159e+00
7.733e-01 4.125e+00
7.780e-01 4.091e+00
7.828e-01 4.057e+00
7.876e-01 4.024e+00
7.924e-01 3.990e+00
7.973e-01 3.957e+00
8.022e-01 3.924e+00
8.071e-01 3.891e+00
8.120e-01 3.859e+00
8.170e-01 3.827e+00
8.220e-01 3.794e+00
8.271e-01 3.763e+00
8.321e-01 3.731e+00
8.372e-01 3.700e+00
8.424e-01 3.668e+00
8.475e-01 3.637e+00
8.527e-01 3.607e+00
8.580e-01 3.576e+00
8.632e-01 3.546e+00
8.685e-01 3.515e+00
8.739e-01 3.485e+00
8.792e-01 3.455e+00
8.846e-01 3.425e+00
8.900e-01 3.396e+00
8.955e-01 3.366e+00
9.010e-01 3.337e+00
9.065e-01 3.308e+00
9.121e-01 3.279e+00
9.177e-01 3.251e+00
9.233e-01 3.222e+00
9.290e-01 3.194e+00
9.347e-01 3.166e+00
9.404e-01 3.138e+00
9.462e-01 3.111e+00
9.520e-01 3.083e+00
9.578e-01 3.056e+00
9.637e-01 3.029e+00
9.696e-01 3.003e+00
9.755e-01 2.977e+00
9.815e-01 2.951e+00
9.875e-01 2.925e+00
9.936e-01 2.900e+00
9.997e-01 2.875e+00
1.006e+00 2.849e+00
1.012e+00 2.825e+00
1.018e+00 2.800e+00
1.024e+00 2.775e+00
1.031e+00 2.751e+00
1.037e+00 2.726e+00
1.043e+00 2.702e+00
1.050e+00 2.678e+00
1.056e+00 2.655e+00
1.063e+00 2.631e+00
1.069e+00 2.607e+00
1.076e+00 2.583e+00
1.082e+00 2.560e+00
1.089e+00 2.536e+00
1.096e+00 2.513e+00
1.102e+00 2.490e+00
1.109e+00 2.467e+00
1.116e+00 2.444e+00
1.123e+00 2.422e+00
1.130e+00 2.399e+00
1.137e+00 2.377e+00
1.144e+00 2.355e+00
1.151e+00 2.333e+00
1.158e+00 2.311e+00
1.165e+00 2.289e+00
1.172e+00 2.268e+00
1.179e+00 2.247e+00
1.186e+00 2.226e+00
1.194e+00 2.205e+00
1.201e+00 2.185e+00
1.208e+00 2.164e+00
1.216e+00 2.144e+00
1.223e+00 2.124e+00
1.231e+00 2.104e+00
1.238e+00 2.084e+00
1.246e+00 2.064e+00
1.254e+00 2.044e+00
1.261e+00 2.025e+00
1.269e+00 2.006e+00
1.277e+00 1.987e+00
1.285e+00 1.968e+00
1.292e+00 1.949e+00
1.300e+00 1.930e+00
1.308e+00 1.912e+00
1.316e+00 1.893e+00
1.324e+00 1.875e+00
1.333e+00 1.857e+00
1.341e+00 1.839e+00
1.349e+00 1.821e+00
1.357e+00 1.803e+00
1.366e+00 1.786e+00
1.374e+00 1.768e+00
1.382e+00 1.751e+00
1.391e+00 1.733e+00
1.399e+00 1.716e+00
1.408e+00 1.699e+00
1.417e+00 1.682e+00
1.425e+00 1.665e+00
1.434e+00 1.648e+00
1.443e+00 1.632e+00
1.452e+00 1.615e+00
1.461e+00 1.599e+00
1.470e+00 1.583e+00
1.479e+00 1.567e+00
1.488e+00 1.551e+00
1.497e+00 1.536e+00
1.506e+00 1.520e+00
1.515e+00 1.505e+00
1.524e+00 1.490e+00
1.534e+00 1.474e+00
1.543e+00 1.459e+00
1.553e+00 1.445e+00
1.562e+00 1.430e+00
1.572e+00 1.416e+00
1.581e+00 1.401e+00
1.591e+00 1.387e+00
1.601e+00 1.373e+00
1.611e+00 1.359e+00
1.621e+00 1.345e+00
1.631e+00 1.331e+00
1.641e+00 1.317e+00
1.651e+00 1.304e+00
1.661e+00 1.290e+00
1.671e+00 1.277e+00
1.681e+00 1.263e+00
1.692e+00 1.250e+00
1.702e+00 1.237e+00
1.712e+00 1.224e+00
1.723e+00 1.211e+00
1.733e+00 1.198e+00
1.744e+00 1.185e+00
1.755e+00 1.172e+00
1.765e+00 1.159e+00
1.776e+00 1.146e+00
1.787e+00 1.133e+00
1.798e+00 1.120e+00
1.809e+00 1.107e+00
1.820e+00 1.095e+00
1.831e+00 1.082e+00
1.843e+00 1.070e+00
1.854e+00 1.058e+00
1.865e+00 1.047e+00
1.877e+00 1.036e+00
1.888e+00 1.024e+00
1.900e+00 1.013e+00
1.912e+00 1.002e+00
1.923e+00 9.910e-01
1.935e+00 9.801e-01
1.947e+00 9.690e-01
1.959e+00 9.579e-01
1.971e+00 9.469e-01
1.983e+00 9.361e-01
1.995e+00 9.253e-01
2.007e+00 9.146e-01
2.020e+00 9.040e-01
2.032e+00 8.935e-01
2.045e+00 8.831e-01
2.057e+00 8.728e-01
2.070e+00 8.625e-01
2.082e+00 8.524e-01
2.095e+00 8.423e-01
2.108e+00 8.324e-01
2.121e+00 8.225e-01
2.134e+00 8.128e-01
2.147e+00 8.032e-01
2.160e+00 7.937e-01
2.174e+00 7.843e-01
2.187e+00 7.749e-01
2.200e+00 7.657e-01
2.214e+00 7.565e-01
2.227e+00 7.474e-01
2.241e+00 7.384e-01
2.255e+00 7.294e-01
2.269e+00 7.205e-01
2.283e+00 7.117e-01
2.297e+00 7.029e-01
2.311e+00 6.943e-01
2.325e+00 6.857e-01
2.339e+00 6.775e-01
2.353e+00 6.696e-01
2.368e+00 6.617e-01
2.382e+00 6.539e-01
2.397e+00 6.462e-01
2.412e+00 6.386e-01
2.426e+00 6.307e-01
2.441e+00 6.226e-01
2.456e+00 6.146e-01
2.471e+00 6.066e-01
2.487e+00 5.987e-01
2.502e+00 5.909e-01
2.517e+00 5.834e-01
2.533e+00 5.760e-01
2.548e+00 5.686e-01
2.564e+00 5.613e-01
2.579e+00 5.541e-01
2.595e+00 5.469e-01
2.611e+00 5.398e-01
2.627e+00 5.327e-01
2.643e+00 5.256e-01
2.660e+00 5.187e-01
2.676e+00 5.118e-01
2.692e+00 5.050e-01
2.709e+00 4.985e-01
2.725e+00 4.923e-01
2.742e+00 4.863e-01
2.759e+00 4.802e-01
2.776e+00 4.743e-01
2.793e+00 4.682e-01
2.810e+00 4.614e-01
2.827e+00 4.547e-01
2.845e+00 4.481e-01
2.862e+00 4.416e-01
2.880e+00 4.356e-01
2.897e+00 4.298e-01
2.915e+00 4.242e-01
2.933e+00 4.185e-01
2.951e+00 4.130e-01
2.969e+00 4.075e-01
2.987e+00 4.020e-01
3.006e+00 3.966e-01
3.024e+00 3.912e-01
3.043e+00 3.859e-01
3.061e+00 3.807e-01
3.080e+00 3.756e-01
3.099e+00 3.706e-01
3.118e+00 3.657e-01
3.137e+00 3.608e-01
3.156e+00 3.558e-01
3.176e+00 3.509e-01
3.195e+00 3.460e-01
3.215e+00 3.412e-01
3.234e+00 3.363e-01
3.254e+00 3.309e-01
3.274e+00 3.256e-01
3.294e+00 3.203e-01
3.315e+00 3.152e-01
3.335e+00 3.108e-01
3.355e+00 3.065e-01
3.376e+00 3.023e-01
3.397e+00 2.980e-01
3.417e+00 2.938e-01
3.438e+00 2.897e-01
3.459e+00 2.855e-01
3.481e+00 2.815e-01
3.502e+00 2.774e-01
3.524e+00 2.733e-01
3.545e+00 2.691e-01
3.567e+00 2.650e-01
3.589e+00 2.610e-01
3.611e+00 2.570e-01
3.633e+00 2.530e-01
3.655e+00 2.491e-01
3.678e+00 2.452e-01
3.700e+00 2.413e-01
3.723e+00 2.374e-01
3.746e+00 2.335e-01
3.769e+00 2.296e-01
3.792e+00 2.259e-01
3.815e+00 2.226e-01
3.838e+00 2.193e-01
3.862e+00 2.161e-01
3.886e+00 2.128e-01
3.910e+00 2.095e-01
3.934e+00 2.062e-01
3.958e+00 2.029e-01
3.982e+00 1.996e-01
4.006e+00 1.964e-01
4.031e+00 1.933e-01
4.056e+00 1.902e-01
4.081e+00 1.872e-01
4.106e+00 nan
4.131e+00 nan
4.156e+00 nan
4.182e+00 nan
4.207e+00 nan
4.233e+00 nan
4.259e+00 nan
4.285e+00 nan
4.311e+00 nan
4.338e+00 nan
4.364e+00 nan
4.391e+00 nan
4.418e+00 nan
4.445e+00 nan
4.473e+00 nan
4.500e+00 nan
