# e- + H+ + LiH -> H + LiH+ + e-
# R_AD = 8 Angstrom
# Number of initial vibrational states: 3/29
# Number of final vibrational states: 7
# E_in [eV] | xs [Mb]
1.000e-02 5.635e-01 1.237e+00 1.280e+00
1.007e-02 5.597e-01 1.229e+00 1.272e+00
1.014e-02 5.559e-01 1.221e+00 1.263e+00
1.021e-02 5.521e-01 1.212e+00 1.254e+00
1.028e-02 5.483e-01 1.204e+00 1.246e+00
1.035e-02 5.446e-01 1.196e+00 1.237e+00
1.042e-02 5.408e-01 1.188e+00 1.229e+00
1.049e-02 5.372e-01 1.179e+00 1.220e+00
1.056e-02 5.335e-01 1.171e+00 1.212e+00
1.063e-02 5.298e-01 1.163e+00 1.204e+00
1.070e-02 5.262e-01 1.155e+00 1.196e+00
1.078e-02 5.226e-01 1.148e+00 1.187e+00
1.085e-02 5.191e-01 1.140e+00 1.179e+00
1.093e-02 5.155e-01 1.132e+00 1.171e+00
1.100e-02 5.120e-01 1.124e+00 1.163e+00
1.108e-02 5.085e-01 1.117e+00 1.155e+00
1.115e-02 5.051e-01 1.109e+00 1.147e+00
1.123e-02 5.016e-01 1.101e+00 1.140e+00
1.130e-02 4.982e-01 1.094e+00 1.132e+00
1.138e-02 4.948e-01 1.086e+00 1.124e+00
1.146e-02 4.914e-01 1.079e+00 1.116e+00
1.154e-02 4.881e-01 1.072e+00 1.109e+00
1.162e-02 4.847e-01 1.064e+00 1.101e+00
1.170e-02 4.814e-01 1.057e+00 1.094e+00
1.178e-02 4.781e-01 1.050e+00 1.086e+00
1.186e-02 4.749e-01 1.043e+00 1.079e+00
1.194e-02 4.716e-01 1.036e+00 1.072e+00
1.202e-02 4.684e-01 1.028e+00 1.064e+00
1.210e-02 4.652e-01 1.021e+00 1.057e+00
1.218e-02 4.620e-01 1.014e+00 1.050e+00
1.227e-02 4.589e-01 1.008e+00 1.043e+00
1.235e-02 4.557e-01 1.001e+00 1.035e+00
1.243e-02 4.526e-01 9.938e-01 1.028e+00
1.252e-02 4.495e-01 9.870e-01 1.021e+00
1.261e-02 4.465e-01 9.803e-01 1.014e+00
1.269e-02 4.434e-01 9.736e-01 1.007e+00
1.278e-02 4.404e-01 9.669e-01 1.001e+00
1.287e-02 4.374e-01 9.603e-01 9.937e-01
1.295e-02 4.344e-01 9.538e-01 9.870e-01
1.304e-02 4.314e-01 9.472e-01 9.802e-01
1.313e-02 4.285e-01 9.408e-01 9.735e-01
1.322e-02 4.255e-01 9.343e-01 9.669e-01
1.331e-02 4.226e-01 9.280e-01 9.603e-01
1.340e-02 4.198e-01 9.216e-01 9.537e-01
1.349e-02 4.169e-01 9.153e-01 9.472e-01
1.359e-02 4.140e-01 9.091e-01 9.407e-01
1.368e-02 4.112e-01 9.029e-01 9.343e-01
1.377e-02 4.084e-01 8.967e-01 9.279e-01
1.387e-02 4.056e-01 8.906e-01 9.216e-01
1.396e-02 4.028e-01 8.845e-01 9.153e-01
1.406e-02 4.001e-01 8.784e-01 9.090e-01
1.415e-02 3.973e-01 8.724e-01 9.028e-01
1.425e-02 3.946e-01 8.664e-01 8.966e-01
1.435e-02 3.919e-01 8.605e-01 8.905e-01
1.444e-02 3.893e-01 8.546e-01 8.844e-01
1.454e-02 3.866e-01 8.488e-01 8.784e-01
1.464e-02 3.840e-01 8.430e-01 8.724e-01
1.474e-02 3.813e-01 8.372e-01 8.664e-01
1.484e-02 3.787e-01 8.315e-01 8.605e-01
1.494e-02 3.761e-01 8.258e-01 8.546e-01
1.505e-02 3.736e-01 8.202e-01 8.487e-01
1.515e-02 3.710e-01 8.146e-01 8.429e-01
1.525e-02 3.685e-01 8.090e-01 8.372e-01
1.536e-02 3.659e-01 8.034e-01 8.315e-01
1.546e-02 3.634e-01 7.979e-01 8.258e-01
1.557e-02 3.610e-01 7.925e-01 8.201e-01
1.567e-02 3.585e-01 7.871e-01 8.145e-01
1.578e-02 3.560e-01 7.817e-01 8.089e-01
1.589e-02 3.536e-01 7.763e-01 8.034e-01
1.600e-02 3.512e-01 7.710e-01 7.979e-01
1.611e-02 3.488e-01 7.657e-01 7.925e-01
1.622e-02 3.464e-01 7.605e-01 7.870e-01
1.633e-02 3.440e-01 7.553e-01 7.816e-01
1.644e-02 3.417e-01 7.501e-01 7.763e-01
1.655e-02 3.393e-01 7.450e-01 7.710e-01
1.666e-02 3.370e-01 7.399e-01 7.657e-01
1.678e-02 3.347e-01 7.348e-01 7.605e-01
1.689e-02 3.324e-01 7.298e-01 7.553e-01
1.701e-02 3.301e-01 7.248e-01 7.501e-01
1.712e-02 3.279e-01 7.198e-01 7.450e-01
1.724e-02 3.256e-01 7.149e-01 7.399e-01
1.736e-02 3.234e-01 7.100e-01 7.348e-01
1.748e-02 3.212e-01 7.051e-01 7.298e-01
1.760e-02 3.190e-01 7.003e-01 7.248e-01
1.772e-02 3.168e-01 6.955e-01 7.198e-01
1.784e-02 3.146e-01 6.908e-01 7.149e-01
1.796e-02 3.125e-01 6.860e-01 7.100e-01
1.808e-02 3.103e-01 6.813e-01 7.051e-01
1.821e-02 3.082e-01 6.767e-01 7.003e-01
1.833e-02 3.061e-01 6.720e-01 6.955e-01
1.846e-02 3.040e-01 6.674e-01 6.907e-01
1.858e-02 3.019e-01 6.628e-01 6.860e-01
1.871e-02 2.999e-01 6.583e-01 6.813e-01
1.884e-02 2.978e-01 6.538e-01 6.766e-01
1.897e-02 2.958e-01 6.493e-01 6.720e-01
1.910e-02 2.937e-01 6.449e-01 6.674e-01
1.923e-02 2.917e-01 6.404e-01 6.628e-01
1.936e-02 2.897e-01 6.360e-01 6.583e-01
1.949e-02 2.877e-01 6.317e-01 6.538e-01
1.962e-02 2.858e-01 6.274e-01 6.493e-01
1.976e-02 2.838e-01 6.231e-01 6.448e-01
1.989e-02 2.819e-01 6.188e-01 6.404e-01
2.003e-02 2.799e-01 6.145e-01 6.360e-01
2.016e-02 2.780e-01 6.103e-01 6.317e-01
2.030e-02 2.761e-01 6.061e-01 6.273e-01
2.044e-02 2.742e-01 6.020e-01 6.230e-01
2.058e-02 2.723e-01 5.978e-01 6.188e-01
2.072e-02 2.705e-01 5.937e-01 6.145e-01
2.086e-02 2.686e-01 5.897e-01 6.103e-01
2.101e-02 2.668e-01 5.856e-01 6.061e-01
2.115e-02 2.649e-01 5.816e-01 6.020e-01
2.129e-02 2.631e-01 5.776e-01 5.978e-01
2.144e-02 2.613e-01 5.737e-01 5.937e-01
2.159e-02 2.595e-01 5.697e-01 5.897e-01
2.173e-02 2.577e-01 5.658e-01 5.856e-01
2.188e-02 2.560e-01 5.619e-01 5.816e-01
2.203e-02 2.542e-01 5.581e-01 5.776e-01
2.218e-02 2.525e-01 5.542e-01 5.737e-01
2.233e-02 2.507e-01 5.504e-01 5.697e-01
2.249e-02 2.490e-01 5.466e-01 5.658e-01
2.264e-02 2.473e-01 5.429e-01 5.619e-01
2.279e-02 2.456e-01 5.392e-01 5.581e-01
2.295e-02 2.439e-01 5.355e-01 5.542e-01
2.311e-02 2.423e-01 5.318e-01 5.504e-01
2.326e-02 2.406e-01 5.281e-01 5.467e-01
2.342e-02 2.389e-01 5.245e-01 5.429e-01
2.358e-02 2.373e-01 5.209e-01 5.392e-01
2.374e-02 2.357e-01 5.173e-01 5.355e-01
2.391e-02 2.341e-01 5.138e-01 5.318e-01
2.407e-02 2.324e-01 5.102e-01 5.281e-01
2.423e-02 2.309e-01 5.067e-01 5.245e-01
2.440e-02 2.293e-01 5.032e-01 5.209e-01
2.457e-02 2.277e-01 4.998e-01 5.173e-01
2.473e-02 2.261e-01 4.964e-01 5.138e-01
2.490e-02 2.246e-01 4.929e-01 5.102e-01
2.507e-02 2.230e-01 4.895e-01 5.067e-01
2.525e-02 2.215e-01 4.862e-01 5.033e-01
2.542e-02 2.200e-01 4.828e-01 4.998e-01
2.559e-02 2.185e-01 4.795e-01 4.964e-01
2.577e-02 2.170e-01 4.762e-01 4.930e-01
2.594e-02 2.155e-01 4.729e-01 4.896e-01
2.612e-02 2.140e-01 4.697e-01 4.862e-01
2.630e-02 2.125e-01 4.665e-01 4.829e-01
2.648e-02 2.111e-01 4.632e-01 4.795e-01
2.666e-02 2.096e-01 4.601e-01 4.762e-01
2.684e-02 2.082e-01 4.569e-01 4.730e-01
2.702e-02 2.067e-01 4.537e-01 4.697e-01
2.721e-02 2.053e-01 4.506e-01 4.665e-01
2.739e-02 2.039e-01 4.475e-01 4.633e-01
2.758e-02 2.025e-01 4.444e-01 4.601e-01
2.777e-02 2.011e-01 4.414e-01 4.569e-01
2.796e-02 1.997e-01 4.383e-01 4.538e-01
2.815e-02 1.983e-01 4.353e-01 4.507e-01
2.834e-02 1.970e-01 4.323e-01 4.475e-01
2.854e-02 1.956e-01 4.293e-01 4.445e-01
2.873e-02 1.943e-01 4.264e-01 4.414e-01
2.893e-02 1.929e-01 4.235e-01 4.384e-01
2.913e-02 1.916e-01 4.205e-01 4.354e-01
2.932e-02 1.903e-01 4.176e-01 4.324e-01
2.953e-02 1.890e-01 4.148e-01 4.294e-01
2.973e-02 1.877e-01 4.119e-01 4.264e-01
2.993e-02 1.864e-01 4.091e-01 4.235e-01
3.013e-02 1.851e-01 4.062e-01 4.206e-01
3.034e-02 1.838e-01 4.034e-01 4.177e-01
3.055e-02 1.826e-01 4.007e-01 4.148e-01
3.076e-02 1.813e-01 3.979e-01 4.119e-01
3.097e-02 1.800e-01 3.952e-01 4.091e-01
3.118e-02 1.788e-01 3.924e-01 4.063e-01
3.139e-02 1.776e-01 3.897e-01 4.035e-01
3.161e-02 1.763e-01 3.870e-01 4.007e-01
3.182e-02 1.751e-01 3.844e-01 3.979e-01
3.204e-02 1.739e-01 3.817e-01 3.952e-01
3.226e-02 1.727e-01 3.791e-01 3.925e-01
3.248e-02 1.715e-01 3.765e-01 3.898e-01
3.270e-02 1.704e-01 3.739e-01 3.871e-01
3.292e-02 1.692e-01 3.713e-01 3.844e-01
3.315e-02 1.680e-01 3.687e-01 3.817e-01
3.338e-02 1.668e-01 3.662e-01 3.791e-01
3.360e-02 1.657e-01 3.636e-01 3.765e-01
3.383e-02 1.646e-01 3.611e-01 3.739e-01
3.406e-02 1.634e-01 3.586e-01 3.713e-01
3.430e-02 1.623e-01 3.562e-01 3.688e-01
3.453e-02 1.612e-01 3.537e-01 3.662e-01
3.477e-02 1.601e-01 3.513e-01 3.637e-01
3.500e-02 1.590e-01 3.488e-01 3.612e-01
3.524e-02 1.579e-01 3.464e-01 3.587e-01
3.548e-02 1.568e-01 3.440e-01 3.562e-01
3.573e-02 1.557e-01 3.416e-01 3.537e-01
3.597e-02 1.546e-01 3.393e-01 3.513e-01
3.622e-02 1.535e-01 3.369e-01 3.489e-01
3.646e-02 1.525e-01 3.346e-01 3.465e-01
3.671e-02 1.514e-01 3.323e-01 3.441e-01
3.696e-02 1.504e-01 3.300e-01 3.417e-01
3.722e-02 1.493e-01 3.277e-01 3.393e-01
3.747e-02 1.483e-01 3.254e-01 3.370e-01
3.773e-02 1.473e-01 3.232e-01 3.346e-01
3.798e-02 1.463e-01 3.210e-01 3.323e-01
3.824e-02 1.452e-01 3.187e-01 3.300e-01
3.851e-02 1.442e-01 3.165e-01 3.277e-01
3.877e-02 1.432e-01 3.143e-01 3.255e-01
3.903e-02 1.423e-01 3.122e-01 3.232e-01
3.930e-02 1.413e-01 3.100e-01 3.210e-01
3.957e-02 1.403e-01 3.079e-01 3.188e-01
3.984e-02 1.393e-01 3.057e-01 3.166e-01
4.011e-02 1.384e-01 3.036e-01 3.144e-01
4.039e-02 1.374e-01 3.015e-01 3.122e-01
4.066e-02 1.364e-01 2.994e-01 3.100e-01
4.094e-02 1.355e-01 2.973e-01 3.079e-01
4.122e-02 1.346e-01 2.953e-01 3.058e-01
4.150e-02 1.336e-01 2.932e-01 3.036e-01
4.178e-02 1.327e-01 2.912e-01 3.015e-01
4.207e-02 1.318e-01 2.892e-01 2.994e-01
4.236e-02 1.309e-01 2.872e-01 2.974e-01
4.265e-02 1.300e-01 2.852e-01 2.953e-01
4.294e-02 1.291e-01 2.832e-01 2.933e-01
4.323e-02 1.282e-01 2.812e-01 2.912e-01
4.353e-02 1.273e-01 2.793e-01 2.892e-01
4.382e-02 1.264e-01 2.773e-01 2.872e-01
4.412e-02 1.255e-01 2.754e-01 2.852e-01
4.442e-02 1.246e-01 2.735e-01 2.832e-01
4.473e-02 1.238e-01 2.716e-01 2.813e-01
4.503e-02 1.229e-01 2.697e-01 2.793e-01
4.534e-02 1.221e-01 2.678e-01 2.774e-01
4.565e-02 1.212e-01 2.660e-01 2.754e-01
4.596e-02 1.204e-01 2.641e-01 2.735e-01
4.628e-02 1.195e-01 2.623e-01 2.716e-01
4.659e-02 1.187e-01 2.605e-01 2.697e-01
4.691e-02 1.179e-01 2.587e-01 2.679e-01
4.723e-02 1.171e-01 2.569e-01 2.660e-01
4.756e-02 1.163e-01 2.551e-01 2.642e-01
4.788e-02 1.155e-01 2.533e-01 2.623e-01
4.821e-02 1.146e-01 2.515e-01 2.605e-01
4.854e-02 1.139e-01 2.498e-01 2.587e-01
4.887e-02 1.131e-01 2.481e-01 2.569e-01
4.920e-02 1.123e-01 2.463e-01 2.551e-01
4.954e-02 1.115e-01 2.446e-01 2.533e-01
4.988e-02 1.107e-01 2.429e-01 2.516e-01
5.022e-02 1.099e-01 2.412e-01 2.498e-01
5.056e-02 1.092e-01 2.395e-01 2.481e-01
5.091e-02 1.084e-01 2.379e-01 2.464e-01
5.125e-02 1.077e-01 2.362e-01 2.446e-01
5.160e-02 1.069e-01 2.346e-01 2.429e-01
5.196e-02 1.062e-01 2.329e-01 2.412e-01
5.231e-02 1.054e-01 2.313e-01 2.396e-01
5.267e-02 1.047e-01 2.297e-01 2.379e-01
5.303e-02 1.040e-01 2.281e-01 2.362e-01
5.339e-02 1.032e-01 2.265e-01 2.346e-01
5.376e-02 1.025e-01 2.249e-01 2.330e-01
5.412e-02 1.018e-01 2.234e-01 2.313e-01
5.449e-02 1.011e-01 2.218e-01 2.297e-01
5.487e-02 1.004e-01 2.202e-01 2.281e-01
5.524e-02 9.969e-02 2.187e-01 2.265e-01
5.562e-02 9.900e-02 2.172e-01 2.250e-01
5.600e-02 9.831e-02 2.157e-01 2.234e-01
5.638e-02 9.762e-02 2.142e-01 2.218e-01
5.677e-02 9.694e-02 2.127e-01 2.203e-01
5.715e-02 9.626e-02 2.112e-01 2.187e-01
5.754e-02 9.559e-02 2.097e-01 2.172e-01
5.794e-02 9.492e-02 2.082e-01 2.157e-01
5.833e-02 9.426e-02 2.068e-01 2.142e-01
5.873e-02 9.360e-02 2.053e-01 2.127e-01
5.913e-02 9.295e-02 2.039e-01 2.112e-01
5.954e-02 9.230e-02 2.025e-01 2.097e-01
5.994e-02 9.165e-02 2.011e-01 2.083e-01
6.035e-02 9.101e-02 1.996e-01 2.068e-01
6.077e-02 9.038e-02 1.982e-01 2.054e-01
6.118e-02 8.974e-02 1.969e-01 2.039e-01
6.160e-02 8.911e-02 1.955e-01 2.025e-01
6.202e-02 8.849e-02 1.941e-01 2.011e-01
6.244e-02 8.787e-02 1.928e-01 1.997e-01
6.287e-02 8.726e-02 1.914e-01 1.983e-01
6.330e-02 8.665e-02 1.901e-01 1.969e-01
6.373e-02 8.604e-02 1.887e-01 1.955e-01
6.417e-02 8.544e-02 1.874e-01 1.941e-01
6.461e-02 8.484e-02 1.861e-01 1.928e-01
6.505e-02 8.424e-02 1.848e-01 1.914e-01
6.549e-02 8.365e-02 1.835e-01 1.901e-01
6.594e-02 8.307e-02 1.822e-01 1.888e-01
6.639e-02 8.248e-02 1.809e-01 1.874e-01
6.684e-02 8.190e-02 1.796e-01 1.861e-01
6.730e-02 8.133e-02 1.784e-01 1.848e-01
6.776e-02 8.076e-02 1.771e-01 1.835e-01
6.822e-02 8.019e-02 1.759e-01 1.822e-01
6.869e-02 7.963e-02 1.747e-01 1.809e-01
6.916e-02 7.907e-02 1.734e-01 1.797e-01
6.963e-02 7.851e-02 1.722e-01 1.784e-01
7.011e-02 7.796e-02 1.710e-01 1.772e-01
7.059e-02 7.741e-02 1.698e-01 1.759e-01
7.107e-02 7.687e-02 1.686e-01 1.747e-01
7.155e-02 7.633e-02 1.674e-01 1.735e-01
7.204e-02 7.579e-02 1.662e-01 1.722e-01
7.253e-02 7.526e-02 1.651e-01 1.710e-01
7.303e-02 7.473e-02 1.639e-01 1.698e-01
7.353e-02 7.420e-02 1.627e-01 1.686e-01
7.403e-02 7.368e-02 1.616e-01 1.674e-01
7.454e-02 7.316e-02 1.605e-01 1.663e-01
7.505e-02 7.265e-02 1.593e-01 1.651e-01
7.556e-02 7.214e-02 1.582e-01 1.639e-01
7.608e-02 7.163e-02 1.571e-01 1.628e-01
7.660e-02 7.112e-02 1.560e-01 1.616e-01
7.712e-02 7.062e-02 1.549e-01 1.605e-01
7.765e-02 7.012e-02 1.538e-01 1.593e-01
7.818e-02 6.963e-02 1.527e-01 1.582e-01
7.871e-02 6.914e-02 1.516e-01 1.571e-01
7.925e-02 6.865e-02 1.505e-01 1.560e-01
7.979e-02 6.817e-02 1.495e-01 1.549e-01
8.033e-02 6.768e-02 1.484e-01 1.538e-01
8.088e-02 6.721e-02 1.474e-01 1.527e-01
8.144e-02 6.673e-02 1.463e-01 1.516e-01
8.199e-02 6.626e-02 1.453e-01 1.506e-01
8.255e-02 6.579e-02 1.443e-01 1.495e-01
8.312e-02 6.533e-02 1.432e-01 1.484e-01
8.368e-02 6.486e-02 1.422e-01 1.474e-01
8.426e-02 6.440e-02 1.412e-01 1.464e-01
8.483e-02 6.395e-02 1.402e-01 1.453e-01
8.541e-02 6.350e-02 1.392e-01 1.443e-01
8.600e-02 6.305e-02 1.382e-01 1.433e-01
8.658e-02 6.260e-02 1.373e-01 1.423e-01
8.717e-02 6.216e-02 1.363e-01 1.412e-01
8.777e-02 6.172e-02 1.353e-01 1.402e-01
8.837e-02 6.128e-02 1.344e-01 1.393e-01
8.897e-02 6.084e-02 1.334e-01 1.383e-01
8.958e-02 6.041e-02 1.325e-01 1.373e-01
9.019e-02 5.998e-02 1.315e-01 1.363e-01
9.081e-02 5.956e-02 1.306e-01 1.353e-01
9.143e-02 5.914e-02 1.297e-01 1.344e-01
9.205e-02 5.872e-02 1.287e-01 1.334e-01
9.268e-02 5.830e-02 1.278e-01 1.325e-01
9.332e-02 5.788e-02 1.269e-01 1.315e-01
9.395e-02 5.747e-02 1.260e-01 1.306e-01
9.460e-02 5.706e-02 1.251e-01 1.297e-01
9.524e-02 5.666e-02 1.242e-01 1.288e-01
9.589e-02 5.626e-02 1.233e-01 1.278e-01
9.655e-02 5.585e-02 1.224e-01 1.269e-01
9.721e-02 5.546e-02 1.216e-01 1.260e-01
9.787e-02 5.506e-02 1.207e-01 1.251e-01
9.854e-02 5.467e-02 1.198e-01 1.242e-01
9.921e-02 5.428e-02 1.190e-01 1.234e-01
9.989e-02 5.389e-02 1.181e-01 1.225e-01
1.006e-01 5.351e-02 1.173e-01 1.216e-01
1.013e-01 5.312e-02 1.165e-01 1.207e-01
1.020e-01 5.274e-02 1.156e-01 1.199e-01
1.027e-01 5.237e-02 1.148e-01 1.190e-01
1.034e-01 5.199e-02 1.140e-01 1.182e-01
1.041e-01 5.162e-02 1.132e-01 1.173e-01
1.048e-01 5.125e-02 1.124e-01 1.165e-01
1.055e-01 5.088e-02 1.116e-01 1.157e-01
1.062e-01 5.052e-02 1.108e-01 1.148e-01
1.069e-01 5.016e-02 1.100e-01 1.140e-01
1.077e-01 4.980e-02 1.092e-01 1.132e-01
1.084e-01 4.944e-02 1.084e-01 1.124e-01
1.091e-01 4.909e-02 1.076e-01 1.116e-01
1.099e-01 4.873e-02 1.068e-01 1.108e-01
1.106e-01 4.838e-02 1.061e-01 1.100e-01
1.114e-01 4.804e-02 1.053e-01 1.092e-01
1.122e-01 4.769e-02 1.046e-01 1.084e-01
1.129e-01 4.735e-02 1.038e-01 1.076e-01
1.137e-01 4.701e-02 1.031e-01 1.069e-01
1.145e-01 4.667e-02 1.023e-01 1.061e-01
1.152e-01 4.633e-02 1.016e-01 1.053e-01
1.160e-01 4.600e-02 1.008e-01 1.046e-01
1.168e-01 4.567e-02 1.001e-01 1.038e-01
1.176e-01 4.534e-02 9.940e-02 1.031e-01
1.184e-01 4.501e-02 9.869e-02 1.023e-01
1.192e-01 4.469e-02 9.798e-02 1.016e-01
1.201e-01 4.436e-02 9.727e-02 1.009e-01
1.209e-01 4.404e-02 9.657e-02 1.001e-01
1.217e-01 4.372e-02 9.587e-02 9.943e-02
1.225e-01 4.341e-02 9.518e-02 9.871e-02
1.234e-01 4.309e-02 9.449e-02 9.800e-02
1.242e-01 4.278e-02 9.381e-02 9.729e-02
1.251e-01 4.247e-02 9.313e-02 9.659e-02
1.259e-01 4.217e-02 9.246e-02 9.590e-02
1.268e-01 4.186e-02 9.179e-02 9.520e-02
1.276e-01 4.156e-02 9.112e-02 9.452e-02
1.285e-01 4.126e-02 9.046e-02 9.383e-02
1.294e-01 4.096e-02 8.981e-02 9.316e-02
1.303e-01 4.066e-02 8.916e-02 9.248e-02
1.312e-01 4.036e-02 8.851e-02 9.181e-02
1.321e-01 4.007e-02 8.787e-02 9.115e-02
1.330e-01 3.978e-02 8.723e-02 9.049e-02
1.339e-01 3.949e-02 8.660e-02 8.983e-02
1.348e-01 3.920e-02 8.597e-02 8.918e-02
1.357e-01 3.892e-02 8.535e-02 8.854e-02
1.366e-01 3.863e-02 8.473e-02 8.789e-02
1.376e-01 3.835e-02 8.411e-02 8.726e-02
1.385e-01 3.807e-02 8.350e-02 8.662e-02
1.395e-01 3.780e-02 8.289e-02 8.599e-02
1.404e-01 3.752e-02 8.229e-02 8.537e-02
1.414e-01 3.725e-02 8.169e-02 8.475e-02
1.423e-01 3.697e-02 8.109e-02 8.413e-02
1.433e-01 3.670e-02 8.050e-02 8.352e-02
1.443e-01 3.644e-02 7.991e-02 8.291e-02
1.453e-01 3.617e-02 7.933e-02 8.231e-02
1.463e-01 3.591e-02 7.875e-02 8.171e-02
1.473e-01 3.564e-02 7.818e-02 8.111e-02
1.483e-01 3.538e-02 7.760e-02 8.051e-02
1.493e-01 3.512e-02 7.704e-02 7.992e-02
1.503e-01 3.487e-02 7.647e-02 7.933e-02
1.513e-01 3.461e-02 7.591e-02 7.875e-02
1.524e-01 3.436e-02 7.536e-02 7.817e-02
1.534e-01 3.411e-02 7.481e-02 7.759e-02
1.545e-01 3.386e-02 7.426e-02 7.702e-02
1.555e-01 3.361e-02 7.371e-02 7.645e-02
1.566e-01 3.336e-02 7.317e-02 7.588e-02
1.576e-01 3.312e-02 7.263e-02 7.532e-02
1.587e-01 3.287e-02 7.210e-02 7.476e-02
1.598e-01 3.263e-02 7.157e-02 7.421e-02
1.609e-01 3.239e-02 7.104e-02 7.366e-02
1.620e-01 3.215e-02 7.052e-02 7.311e-02
1.631e-01 3.192e-02 7.000e-02 7.257e-02
1.642e-01 3.168e-02 6.949e-02 7.203e-02
1.653e-01 3.145e-02 6.897e-02 7.150e-02
1.665e-01 3.122e-02 6.847e-02 7.097e-02
1.676e-01 3.099e-02 6.796e-02 7.044e-02
1.687e-01 3.076e-02 6.746e-02 6.992e-02
1.699e-01 3.053e-02 6.696e-02 6.940e-02
1.711e-01 3.031e-02 6.647e-02 6.888e-02
1.722e-01 3.008e-02 6.597e-02 6.836e-02
1.734e-01 2.986e-02 6.549e-02 6.786e-02
1.746e-01 2.964e-02 6.500e-02 6.735e-02
1.758e-01 2.942e-02 6.452e-02 6.685e-02
1.770e-01 2.920e-02 6.404e-02 6.635e-02
1.782e-01 2.898e-02 6.357e-02 6.585e-02
1.794e-01 2.877e-02 6.309e-02 6.536e-02
1.806e-01 2.856e-02 6.262e-02 6.487e-02
1.819e-01 2.834e-02 6.216e-02 6.438e-02
1.831e-01 2.813e-02 6.170e-02 6.390e-02
1.844e-01 2.792e-02 6.124e-02 6.342e-02
1.856e-01 2.772e-02 6.078e-02 6.294e-02
1.869e-01 2.751e-02 6.033e-02 6.247e-02
1.882e-01 2.731e-02 5.988e-02 6.200e-02
1.895e-01 2.710e-02 5.943e-02 6.154e-02
1.908e-01 2.690e-02 5.899e-02 6.107e-02
1.921e-01 2.670e-02 5.855e-02 6.061e-02
1.934e-01 2.650e-02 5.811e-02 6.016e-02
1.947e-01 2.630e-02 5.768e-02 5.970e-02
1.960e-01 2.611e-02 5.725e-02 5.925e-02
1.974e-01 2.591e-02 5.682e-02 5.880e-02
1.987e-01 2.572e-02 5.640e-02 5.836e-02
2.001e-01 2.552e-02 5.597e-02 5.792e-02
2.014e-01 2.533e-02 5.555e-02 5.748e-02
2.028e-01 2.514e-02 5.514e-02 5.704e-02
2.042e-01 2.495e-02 5.472e-02 5.661e-02
2.056e-01 2.477e-02 5.431e-02 5.618e-02
2.070e-01 2.458e-02 5.391e-02 5.576e-02
2.084e-01 2.440e-02 5.350e-02 5.533e-02
2.098e-01 2.421e-02 5.310e-02 5.491e-02
2.113e-01 2.403e-02 5.270e-02 5.449e-02
2.127e-01 2.385e-02 5.230e-02 5.408e-02
2.142e-01 2.367e-02 5.191e-02 5.367e-02
2.156e-01 2.349e-02 5.152e-02 5.326e-02
2.171e-01 2.331e-02 5.113e-02 5.285e-02
2.186e-01 2.314e-02 5.074e-02 5.245e-02
2.201e-01 2.296e-02 5.036e-02 5.205e-02
2.216e-01 2.279e-02 4.998e-02 5.165e-02
2.231e-01 2.262e-02 4.960e-02 5.125e-02
2.246e-01 2.245e-02 4.922e-02 5.086e-02
2.262e-01 2.228e-02 4.885e-02 5.047e-02
2.277e-01 2.211e-02 4.848e-02 5.008e-02
2.293e-01 2.194e-02 4.811e-02 4.970e-02
2.308e-01 2.177e-02 4.775e-02 4.932e-02
2.324e-01 2.161e-02 4.738e-02 4.894e-02
2.340e-01 2.144e-02 4.702e-02 4.856e-02
2.356e-01 2.128e-02 4.667e-02 4.819e-02
2.372e-01 2.112e-02 4.631e-02 4.782e-02
2.388e-01 2.096e-02 4.596e-02 4.745e-02
2.404e-01 2.080e-02 4.560e-02 4.708e-02
2.421e-01 2.064e-02 4.525e-02 4.672e-02
2.437e-01 2.048e-02 4.491e-02 4.636e-02
2.454e-01 2.032e-02 4.456e-02 4.600e-02
2.471e-01 2.017e-02 4.422e-02 4.564e-02
2.488e-01 2.001e-02 4.388e-02 4.529e-02
2.505e-01 1.986e-02 4.355e-02 4.494e-02
2.522e-01 1.971e-02 4.321e-02 4.459e-02
2.539e-01 1.955e-02 4.288e-02 4.424e-02
2.556e-01 1.940e-02 4.255e-02 4.390e-02
2.574e-01 1.925e-02 4.222e-02 4.355e-02
2.591e-01 1.911e-02 4.189e-02 4.321e-02
2.609e-01 1.896e-02 4.157e-02 4.288e-02
2.627e-01 1.881e-02 4.125e-02 4.254e-02
2.645e-01 1.867e-02 4.093e-02 4.221e-02
2.663e-01 1.852e-02 4.061e-02 4.188e-02
2.681e-01 1.838e-02 4.030e-02 4.155e-02
2.700e-01 1.824e-02 3.999e-02 4.122e-02
2.718e-01 1.810e-02 3.968e-02 4.090e-02
2.737e-01 1.796e-02 3.937e-02 4.058e-02
2.755e-01 1.782e-02 3.906e-02 4.026e-02
2.774e-01 1.768e-02 3.876e-02 3.994e-02
2.793e-01 1.754e-02 3.846e-02 3.963e-02
2.812e-01 1.740e-02 3.816e-02 3.932e-02
2.831e-01 1.727e-02 3.786e-02 3.901e-02
2.851e-01 1.713e-02 3.756e-02 3.870e-02
2.870e-01 1.700e-02 3.727e-02 3.839e-02
2.890e-01 1.687e-02 3.698e-02 3.809e-02
2.909e-01 1.674e-02 3.669e-02 3.779e-02
2.929e-01 1.661e-02 3.640e-02 3.749e-02
2.949e-01 1.648e-02 3.612e-02 3.719e-02
2.970e-01 1.635e-02 3.583e-02 3.690e-02
2.990e-01 1.622e-02 3.555e-02 3.661e-02
3.010e-01 1.609e-02 3.527e-02 3.632e-02
3.031e-01 1.597e-02 3.499e-02 3.603e-02
3.052e-01 1.584e-02 3.472e-02 3.575e-02
3.072e-01 1.572e-02 3.445e-02 3.547e-02
3.093e-01 1.559e-02 3.417e-02 3.519e-02
3.114e-01 1.547e-02 3.390e-02 3.491e-02
3.136e-01 1.535e-02 3.364e-02 3.463e-02
3.157e-01 1.523e-02 3.337e-02 3.436e-02
3.179e-01 1.511e-02 3.311e-02 3.409e-02
3.200e-01 1.499e-02 3.285e-02 3.382e-02
3.222e-01 1.487e-02 3.259e-02 3.355e-02
3.244e-01 1.475e-02 3.233e-02 3.328e-02
3.267e-01 1.464e-02 3.207e-02 3.302e-02
3.289e-01 1.452e-02 3.182e-02 3.275e-02
3.311e-01 1.441e-02 3.157e-02 3.249e-02
3.334e-01 1.429e-02 3.132e-02 3.223e-02
3.357e-01 1.418e-02 3.107e-02 3.198e-02
3.380e-01 1.407e-02 3.082e-02 3.172e-02
3.403e-01 1.395e-02 3.057e-02 3.147e-02
3.426e-01 1.384e-02 3.033e-02 3.121e-02
3.449e-01 1.373e-02 3.009e-02 3.096e-02
3.473e-01 1.362e-02 2.985e-02 3.071e-02
3.497e-01 1.351e-02 2.961e-02 3.047e-02
3.521e-01 1.341e-02 2.937e-02 3.022e-02
3.545e-01 1.330e-02 2.914e-02 2.998e-02
3.569e-01 1.319e-02 2.890e-02 2.974e-02
3.593e-01 1.309e-02 2.867e-02 2.950e-02
3.618e-01 1.298e-02 2.844e-02 2.926e-02
3.643e-01 1.288e-02 2.821e-02 2.902e-02
3.667e-01 1.277e-02 2.799e-02 2.879e-02
3.692e-01 1.267e-02 2.776e-02 2.855e-02
3.718e-01 1.257e-02 2.754e-02 2.832e-02
3.743e-01 1.247e-02 2.731e-02 2.809e-02
3.769e-01 1.236e-02 2.709e-02 2.786e-02
3.794e-01 1.226e-02 2.687e-02 2.763e-02
3.820e-01 1.216e-02 2.666e-02 2.741e-02
3.846e-01 1.207e-02 2.644e-02 2.719e-02
3.873e-01 1.197e-02 2.623e-02 2.696e-02
3.899e-01 1.187e-02 2.602e-02 2.674e-02
3.926e-01 1.177e-02 2.580e-02 2.652e-02
3.953e-01 1.168e-02 2.560e-02 2.631e-02
3.980e-01 1.158e-02 2.539e-02 2.609e-02
4.007e-01 1.149e-02 2.518e-02 2.587e-02
4.034e-01 1.140e-02 2.498e-02 2.566e-02
4.062e-01 1.130e-02 2.477e-02 2.545e-02
4.090e-01 1.121e-02 2.457e-02 2.524e-02
4.117e-01 1.112e-02 2.437e-02 2.503e-02
4.146e-01 1.103e-02 2.417e-02 2.482e-02
4.174e-01 1.094e-02 2.397e-02 2.462e-02
4.202e-01 1.085e-02 2.378e-02 2.441e-02
4.231e-01 1.076e-02 2.358e-02 2.421e-02
4.260e-01 1.067e-02 2.339e-02 2.401e-02
4.289e-01 1.058e-02 2.319e-02 2.381e-02
4.318e-01 1.049e-02 2.300e-02 2.361e-02
4.348e-01 1.041e-02 2.281e-02 2.341e-02
4.378e-01 1.032e-02 2.262e-02 2.322e-02
4.408e-01 1.024e-02 2.244e-02 2.302e-02
4.438e-01 1.015e-02 2.225e-02 2.283e-02
4.468e-01 1.007e-02 2.207e-02 2.264e-02
4.499e-01 9.986e-03 2.188e-02 2.245e-02
4.529e-01 9.904e-03 2.170e-02 2.226e-02
4.560e-01 9.822e-03 2.152e-02 2.208e-02
4.591e-01 9.740e-03 2.134e-02 2.189e-02
4.623e-01 9.660e-03 2.116e-02 2.171e-02
4.654e-01 9.579e-03 2.099e-02 2.153e-02
4.686e-01 9.500e-03 2.081e-02 2.134e-02
4.718e-01 9.420e-03 2.064e-02 2.116e-02
4.750e-01 9.342e-03 2.046e-02 2.099e-02
4.783e-01 9.264e-03 2.029e-02 2.081e-02
4.816e-01 9.186e-03 2.012e-02 2.063e-02
4.848e-01 9.109e-03 1.995e-02 2.046e-02
4.882e-01 9.033e-03 1.979e-02 2.028e-02
4.915e-01 8.957e-03 1.962e-02 2.011e-02
4.949e-01 8.882e-03 1.945e-02 1.994e-02
4.982e-01 8.807e-03 1.929e-02 1.977e-02
5.016e-01 8.733e-03 1.913e-02 1.960e-02
5.051e-01 8.659e-03 1.896e-02 1.943e-02
5.085e-01 8.586e-03 1.880e-02 1.927e-02
5.120e-01 8.513e-03 1.864e-02 1.910e-02
5.155e-01 8.441e-03 1.848e-02 1.894e-02
5.190e-01 8.370e-03 1.833e-02 1.878e-02
5.226e-01 8.299e-03 1.817e-02 1.861e-02
5.261e-01 8.228e-03 1.801e-02 1.845e-02
5.297e-01 8.158e-03 1.786e-02 1.829e-02
5.333e-01 8.089e-03 1.770e-02 1.814e-02
5.370e-01 8.020e-03 1.755e-02 1.798e-02
5.407e-01 7.952e-03 1.740e-02 1.782e-02
5.443e-01 7.885e-03 1.725e-02 1.767e-02
5.481e-01 7.817e-03 1.710e-02 1.752e-02
5.518e-01 7.751e-03 1.695e-02 1.736e-02
5.556e-01 7.684e-03 1.680e-02 1.721e-02
5.594e-01 7.619e-03 1.666e-02 1.706e-02
5.632e-01 7.553e-03 1.651e-02 1.691e-02
5.670e-01 7.489e-03 1.637e-02 1.676e-02
5.709e-01 7.424e-03 1.622e-02 1.662e-02
5.748e-01 7.360e-03 1.608e-02 1.647e-02
5.788e-01 7.295e-03 1.594e-02 1.633e-02
5.827e-01 7.231e-03 1.580e-02 1.618e-02
5.867e-01 7.167e-03 1.566e-02 1.604e-02
5.907e-01 7.103e-03 1.552e-02 1.590e-02
5.947e-01 7.040e-03 1.539e-02 1.576e-02
5.988e-01 6.978e-03 1.525e-02 1.562e-02
6.029e-01 6.915e-03 1.512e-02 1.548e-02
6.070e-01 6.854e-03 1.498e-02 1.534e-02
6.112e-01 6.792e-03 1.485e-02 1.520e-02
6.153e-01 6.732e-03 1.472e-02 1.506e-02
6.195e-01 6.671e-03 1.458e-02 1.493e-02
6.238e-01 6.611e-03 1.445e-02 1.479e-02
6.280e-01 6.552e-03 1.432e-02 1.466e-02
6.323e-01 6.493e-03 1.420e-02 1.453e-02
6.366e-01 6.434e-03 1.407e-02 1.440e-02
6.410e-01 6.376e-03 1.394e-02 1.426e-02
6.454e-01 6.318e-03 1.382e-02 1.414e-02
6.498e-01 6.261e-03 1.369e-02 1.401e-02
6.542e-01 6.204e-03 1.357e-02 1.388e-02
6.587e-01 6.148e-03 1.344e-02 1.375e-02
6.632e-01 6.092e-03 1.332e-02 1.363e-02
6.677e-01 6.037e-03 1.320e-02 1.350e-02
6.723e-01 5.982e-03 1.308e-02 1.338e-02
6.769e-01 5.927e-03 1.296e-02 1.325e-02
6.815e-01 5.873e-03 1.284e-02 1.313e-02
6.862e-01 5.819e-03 1.272e-02 1.301e-02
6.908e-01 5.766e-03 1.261e-02 1.289e-02
6.956e-01 5.713e-03 1.249e-02 1.277e-02
7.003e-01 5.661e-03 1.238e-02 1.265e-02
7.051e-01 5.609e-03 1.226e-02 1.253e-02
7.099e-01 5.558e-03 1.215e-02 1.242e-02
7.148e-01 5.508e-03 1.204e-02 1.230e-02
7.197e-01 5.459e-03 1.192e-02 1.219e-02
7.246e-01 5.409e-03 1.181e-02 1.207e-02
7.295e-01 5.360e-03 1.170e-02 1.196e-02
7.345e-01 5.312e-03 1.159e-02 1.184e-02
7.395e-01 5.264e-03 1.149e-02 1.173e-02
7.446e-01 5.216e-03 1.138e-02 1.162e-02
7.497e-01 5.169e-03 1.127e-02 1.151e-02
7.548e-01 5.121e-03 1.117e-02 1.140e-02
7.599e-01 5.075e-03 1.106e-02 1.130e-02
7.651e-01 5.028e-03 1.096e-02 1.119e-02
7.704e-01 4.982e-03 1.086e-02 1.108e-02
7.756e-01 4.936e-03 1.076e-02 1.098e-02
7.809e-01 4.891e-03 1.065e-02 1.087e-02
7.863e-01 4.846e-03 1.055e-02 1.077e-02
7.916e-01 4.801e-03 1.045e-02 1.067e-02
7.970e-01 4.756e-03 1.035e-02 1.056e-02
8.025e-01 4.711e-03 1.026e-02 1.046e-02
8.080e-01 4.667e-03 1.016e-02 1.036e-02
8.135e-01 4.623e-03 1.006e-02 1.026e-02
8.190e-01 4.579e-03 9.967e-03 1.016e-02
8.246e-01 4.535e-03 9.872e-03 1.007e-02
8.303e-01 4.492e-03 9.778e-03 9.968e-03
8.359e-01 4.449e-03 9.684e-03 9.871e-03
8.417e-01 4.407e-03 9.591e-03 9.775e-03
8.474e-01 4.364e-03 9.499e-03 9.679e-03
8.532e-01 4.322e-03 9.408e-03 9.584e-03
8.590e-01 4.280e-03 9.317e-03 9.491e-03
8.649e-01 4.238e-03 9.227e-03 9.397e-03
8.708e-01 4.197e-03 9.138e-03 9.305e-03
8.768e-01 4.155e-03 9.048e-03 9.213e-03
8.827e-01 4.115e-03 8.959e-03 9.122e-03
8.888e-01 4.074e-03 8.870e-03 9.032e-03
8.949e-01 4.034e-03 8.783e-03 8.942e-03
9.010e-01 3.994e-03 8.696e-03 8.853e-03
9.071e-01 3.955e-03 8.609e-03 8.765e-03
9.133e-01 3.915e-03 8.523e-03 8.678e-03
9.196e-01 3.876e-03 8.438e-03 8.591e-03
9.258e-01 3.838e-03 8.354e-03 8.505e-03
9.322e-01 3.799e-03 8.270e-03 8.420e-03
9.385e-01 3.762e-03 8.187e-03 8.336e-03
9.450e-01 3.725e-03 8.104e-03 8.252e-03
9.514e-01 3.688e-03 8.023e-03 8.169e-03
9.579e-01 3.652e-03 7.941e-03 8.086e-03
9.645e-01 3.615e-03 7.861e-03 8.004e-03
9.710e-01 3.579e-03 7.781e-03 7.923e-03
9.777e-01 3.544e-03 7.701e-03 7.842e-03
9.844e-01 3.508e-03 7.623e-03 7.762e-03
9.911e-01 3.473e-03 7.544e-03 7.683e-03
9.979e-01 3.438e-03 7.467e-03 7.604e-03
1.005e+00 3.403e-03 7.390e-03 7.526e-03
1.012e+00 3.368e-03 7.314e-03 7.448e-03
1.018e+00 3.334e-03 7.239e-03 7.371e-03
1.025e+00 3.300e-03 7.166e-03 7.295e-03
1.032e+00 3.266e-03 7.093e-03 7.219e-03
1.039e+00 3.232e-03 7.020e-03 7.144e-03
1.047e+00 3.199e-03 6.948e-03 7.070e-03
1.054e+00 3.166e-03 6.877e-03 6.996e-03
1.061e+00 3.133e-03 6.806e-03 6.922e-03
1.068e+00 3.101e-03 6.736e-03 6.849e-03
1.075e+00 3.069e-03 6.666e-03 6.777e-03
1.083e+00 3.037e-03 6.598e-03 6.705e-03
1.090e+00 3.005e-03 6.529e-03 6.634e-03
1.098e+00 2.973e-03 6.461e-03 6.564e-03
1.105e+00 2.942e-03 6.394e-03 6.494e-03
1.113e+00 2.911e-03 6.327e-03 6.424e-03
1.120e+00 2.880e-03 6.261e-03 6.355e-03
1.128e+00 2.850e-03 6.196e-03 6.287e-03
1.136e+00 2.819e-03 6.131e-03 6.219e-03
1.143e+00 2.789e-03 6.066e-03 6.152e-03
1.151e+00 2.759e-03 6.002e-03 6.085e-03
1.159e+00 2.730e-03 5.937e-03 6.019e-03
1.167e+00 2.700e-03 5.873e-03 5.954e-03
1.175e+00 2.671e-03 5.809e-03 5.888e-03
1.183e+00 2.642e-03 5.746e-03 5.824e-03
1.191e+00 2.613e-03 5.684e-03 5.760e-03
1.199e+00 2.585e-03 5.622e-03 5.696e-03
1.207e+00 2.557e-03 5.560e-03 5.633e-03
1.216e+00 2.529e-03 5.499e-03 5.571e-03
1.224e+00 2.501e-03 5.438e-03 5.509e-03
1.232e+00 2.474e-03 5.378e-03 5.448e-03
1.241e+00 2.447e-03 5.318e-03 5.387e-03
1.249e+00 2.420e-03 5.259e-03 5.327e-03
1.258e+00 2.393e-03 5.200e-03 5.267e-03
1.266e+00 2.367e-03 5.141e-03 5.207e-03
1.275e+00 2.341e-03 5.084e-03 5.149e-03
1.284e+00 2.316e-03 5.026e-03 5.090e-03
1.293e+00 2.290e-03 4.970e-03 5.032e-03
1.301e+00 2.265e-03 4.914e-03 4.975e-03
1.310e+00 2.240e-03 4.859e-03 4.918e-03
1.319e+00 2.215e-03 4.804e-03 4.862e-03
1.328e+00 2.191e-03 4.749e-03 4.806e-03
1.337e+00 2.166e-03 4.696e-03 4.750e-03
1.346e+00 2.142e-03 4.642e-03 4.696e-03
1.356e+00 2.118e-03 4.589e-03 4.642e-03
1.365e+00 2.094e-03 4.536e-03 4.589e-03
1.374e+00 2.071e-03 4.483e-03 4.536e-03
1.384e+00 2.047e-03 4.431e-03 4.484e-03
1.393e+00 2.024e-03 4.379e-03 4.433e-03
1.403e+00 2.001e-03 4.327e-03 4.382e-03
1.412e+00 1.978e-03 4.276e-03 4.331e-03
1.422e+00 1.956e-03 4.226e-03 4.281e-03
1.432e+00 1.934e-03 4.176e-03 4.231e-03
1.441e+00 1.912e-03 4.126e-03 4.182e-03
1.451e+00 1.890e-03 4.077e-03 4.133e-03
1.461e+00 1.868e-03 4.028e-03 4.084e-03
1.471e+00 1.847e-03 3.980e-03 4.036e-03
1.481e+00 1.825e-03 3.932e-03 3.988e-03
1.491e+00 1.804e-03 3.885e-03 3.941e-03
1.501e+00 1.784e-03 3.839e-03 3.894e-03
1.512e+00 1.763e-03 3.794e-03 3.847e-03
1.522e+00 1.743e-03 3.749e-03 3.801e-03
1.532e+00 1.722e-03 3.705e-03 3.755e-03
1.543e+00 1.702e-03 3.661e-03 3.709e-03
1.553e+00 1.683e-03 3.617e-03 3.664e-03
1.564e+00 1.663e-03 3.574e-03 3.619e-03
1.575e+00 1.644e-03 3.531e-03 3.575e-03
1.585e+00 1.624e-03 3.489e-03 3.531e-03
1.596e+00 1.605e-03 3.447e-03 3.487e-03
1.607e+00 1.586e-03 3.406e-03 3.444e-03
1.618e+00 1.567e-03 3.365e-03 3.401e-03
1.629e+00 1.549e-03 3.324e-03 3.359e-03
1.640e+00 1.530e-03 3.284e-03 3.317e-03
1.652e+00 1.512e-03 3.244e-03 3.275e-03
1.663e+00 1.494e-03 3.204e-03 3.235e-03
1.674e+00 1.476e-03 3.165e-03 3.195e-03
1.686e+00 1.458e-03 3.126e-03 3.155e-03
1.697e+00 1.440e-03 3.087e-03 3.115e-03
1.709e+00 1.423e-03 3.049e-03 3.076e-03
1.720e+00 1.405e-03 3.011e-03 3.038e-03
1.732e+00 1.388e-03 2.973e-03 2.999e-03
1.744e+00 1.371e-03 2.936e-03 2.961e-03
1.756e+00 1.354e-03 2.899e-03 2.924e-03
1.768e+00 1.337e-03 2.862e-03 2.886e-03
1.780e+00 1.320e-03 2.826e-03 2.849e-03
1.792e+00 1.303e-03 2.790e-03 2.813e-03
1.804e+00 1.286e-03 2.754e-03 2.777e-03
1.817e+00 1.270e-03 2.718e-03 2.741e-03
1.829e+00 1.254e-03 2.683e-03 2.706e-03
1.842e+00 1.237e-03 2.647e-03 2.672e-03
1.854e+00 1.221e-03 2.613e-03 2.638e-03
1.867e+00 1.206e-03 2.579e-03 2.604e-03
1.880e+00 1.190e-03 2.545e-03 2.570e-03
1.893e+00 1.174e-03 2.512e-03 2.537e-03
1.905e+00 1.159e-03 2.479e-03 2.504e-03
1.918e+00 1.144e-03 2.446e-03 2.472e-03
1.932e+00 1.129e-03 2.414e-03 2.439e-03
1.945e+00 1.114e-03 2.382e-03 2.407e-03
1.958e+00 1.100e-03 2.351e-03 2.375e-03
1.971e+00 1.085e-03 2.320e-03 2.344e-03
1.985e+00 1.071e-03 2.289e-03 2.312e-03
1.998e+00 1.057e-03 2.258e-03 2.281e-03
2.012e+00 1.043e-03 2.228e-03 2.249e-03
2.026e+00 1.029e-03 2.198e-03 2.219e-03
2.040e+00 1.016e-03 2.168e-03 2.188e-03
2.054e+00 1.002e-03 2.138e-03 2.158e-03
2.068e+00 9.889e-04 2.109e-03 2.128e-03
2.082e+00 9.755e-04 2.080e-03 2.099e-03
2.096e+00 9.623e-04 2.051e-03 2.070e-03
2.110e+00 9.492e-04 2.023e-03 2.041e-03
2.125e+00 9.359e-04 1.995e-03 2.013e-03
2.139e+00 9.227e-04 1.967e-03 1.985e-03
2.154e+00 9.097e-04 1.940e-03 1.957e-03
2.169e+00 8.968e-04 1.914e-03 1.930e-03
2.183e+00 8.841e-04 1.887e-03 1.903e-03
2.198e+00 8.714e-04 1.861e-03 1.876e-03
2.213e+00 8.591e-04 1.835e-03 1.850e-03
2.229e+00 8.469e-04 1.810e-03 1.824e-03
2.244e+00 8.352e-04 1.784e-03 1.798e-03
2.259e+00 8.239e-04 1.759e-03 1.772e-03
2.275e+00 8.128e-04 1.735e-03 1.747e-03
2.290e+00 8.017e-04 1.710e-03 1.722e-03
2.306e+00 7.907e-04 1.685e-03 1.697e-03
2.321e+00 7.799e-04 1.661e-03 1.673e-03
2.337e+00 7.692e-04 1.637e-03 1.649e-03
2.353e+00 7.585e-04 1.613e-03 1.625e-03
2.369e+00 7.477e-04 1.590e-03 1.601e-03
2.386e+00 7.370e-04 1.566e-03 1.578e-03
2.402e+00 7.263e-04 1.543e-03 1.555e-03
2.418e+00 7.157e-04 1.520e-03 1.533e-03
2.435e+00 7.053e-04 1.498e-03 1.511e-03
2.451e+00 6.950e-04 1.476e-03 1.489e-03
2.468e+00 6.848e-04 1.454e-03 1.468e-03
2.485e+00 6.752e-04 1.432e-03 1.447e-03
2.502e+00 6.656e-04 1.411e-03 1.426e-03
2.519e+00 6.560e-04 1.390e-03 1.405e-03
2.536e+00 6.465e-04 1.369e-03 1.384e-03
2.554e+00 6.371e-04 1.349e-03 1.364e-03
2.571e+00 6.279e-04 1.329e-03 1.344e-03
2.589e+00 6.187e-04 1.309e-03 1.323e-03
2.606e+00 6.096e-04 1.290e-03 1.303e-03
2.624e+00 6.006e-04 1.271e-03 1.283e-03
2.642e+00 5.917e-04 1.252e-03 1.263e-03
2.660e+00 5.829e-04 1.233e-03 1.244e-03
2.678e+00 5.742e-04 1.214e-03 1.225e-03
2.697e+00 5.656e-04 1.195e-03 1.206e-03
2.715e+00 5.571e-04 1.177e-03 1.187e-03
2.734e+00 5.486e-04 1.159e-03 1.169e-03
2.752e+00 5.402e-04 1.141e-03 1.151e-03
2.771e+00 5.317e-04 1.123e-03 1.133e-03
2.790e+00 5.232e-04 1.106e-03 1.115e-03
2.809e+00 5.149e-04 1.088e-03 1.098e-03
2.828e+00 5.068e-04 1.071e-03 1.081e-03
2.848e+00 4.987e-04 1.055e-03 1.064e-03
2.867e+00 4.907e-04 1.038e-03 1.047e-03
2.887e+00 4.828e-04 1.022e-03 1.031e-03
2.906e+00 4.751e-04 1.006e-03 1.015e-03
2.926e+00 4.675e-04 9.896e-04 9.987e-04
2.946e+00 4.600e-04 9.738e-04 9.829e-04
2.966e+00 4.527e-04 9.582e-04 9.674e-04
2.987e+00 4.455e-04 9.429e-04 9.521e-04
3.007e+00 4.383e-04 9.278e-04 9.369e-04
3.028e+00 4.312e-04 9.129e-04 9.217e-04
3.048e+00 4.243e-04 8.982e-04 9.067e-04
3.069e+00 4.175e-04 8.837e-04 8.919e-04
3.090e+00 4.108e-04 8.694e-04 8.772e-04
3.111e+00 4.042e-04 8.554e-04 8.627e-04
3.132e+00 3.977e-04 8.416e-04 8.484e-04
3.154e+00 3.912e-04 8.280e-04 8.343e-04
3.175e+00 3.848e-04 8.146e-04 8.208e-04
3.197e+00 3.786e-04 8.013e-04 8.076e-04
3.219e+00 3.725e-04 7.882e-04 7.946e-04
3.241e+00 3.664e-04 7.753e-04 7.818e-04
3.263e+00 3.605e-04 7.624e-04 7.691e-04
3.285e+00 3.546e-04 7.497e-04 7.565e-04
3.308e+00 3.488e-04 7.371e-04 7.442e-04
3.330e+00 3.431e-04 7.248e-04 7.316e-04
3.353e+00 3.374e-04 7.124e-04 7.191e-04
3.376e+00 3.319e-04 7.002e-04 7.069e-04
3.399e+00 3.264e-04 6.883e-04 6.947e-04
3.422e+00 3.209e-04 6.765e-04 6.828e-04
3.446e+00 3.155e-04 6.648e-04 6.709e-04
3.469e+00 3.100e-04 6.533e-04 6.593e-04
3.493e+00 3.045e-04 6.420e-04 6.477e-04
3.517e+00 2.992e-04 6.310e-04 6.364e-04
3.541e+00 2.939e-04 6.201e-04 6.251e-04
3.565e+00 2.887e-04 6.093e-04 6.140e-04
3.589e+00 2.836e-04 5.986e-04 6.031e-04
3.614e+00 2.787e-04 5.881e-04 5.922e-04
3.639e+00 2.739e-04 5.777e-04 5.809e-04
3.663e+00 2.691e-04 5.674e-04 5.698e-04
3.688e+00 2.645e-04 5.574e-04 5.589e-04
3.714e+00 2.598e-04 5.477e-04 5.481e-04
3.739e+00 2.553e-04 5.380e-04 5.374e-04
3.765e+00 2.509e-04 5.284e-04 5.271e-04
3.790e+00 2.464e-04 5.189e-04 5.173e-04
3.816e+00 2.420e-04 5.094e-04 5.077e-04
3.842e+00 2.377e-04 4.999e-04 4.983e-04
3.869e+00 2.334e-04 4.905e-04 4.889e-04
3.895e+00 2.290e-04 4.812e-04 4.797e-04
3.922e+00 2.248e-04 4.721e-04 4.707e-04
3.948e+00 2.207e-04 4.632e-04 4.619e-04
3.975e+00 2.167e-04 4.545e-04 4.531e-04
4.003e+00 2.127e-04 4.458e-04 4.446e-04
4.030e+00 2.089e-04 4.372e-04 4.361e-04
4.057e+00 2.051e-04 4.287e-04 4.278e-04
4.085e+00 2.013e-04 4.204e-04 4.195e-04
4.113e+00 1.976e-04 4.123e-04 4.114e-04
4.141e+00 1.939e-04 4.045e-04 4.034e-04
4.169e+00 1.901e-04 3.967e-04 3.955e-04
4.198e+00 1.863e-04 3.891e-04 3.877e-04
4.227e+00 1.826e-04 3.816e-04 3.802e-04
4.255e+00 1.788e-04 3.740e-04 3.729e-04
4.285e+00 1.752e-04 3.666e-04 3.657e-04
4.314e+00 1.718e-04 3.593e-04 3.585e-04
4.343e+00 1.685e-04 3.520e-04 3.516e-04
4.373e+00 1.653e-04 3.450e-04 3.446e-04
4.403e+00 1.621e-04 3.381e-04 3.375e-04
4.433e+00 1.589e-04 3.312e-04 3.306e-04
4.463e+00 1.558e-04 3.246e-04 3.238e-04
4.494e+00 1.528e-04 3.180e-04 3.171e-04
4.524e+00 1.498e-04 3.116e-04 3.105e-04
4.555e+00 1.469e-04 3.053e-04 3.043e-04
4.586e+00 1.440e-04 2.991e-04 2.981e-04
4.618e+00 1.412e-04 2.930e-04 2.920e-04
4.649e+00 1.384e-04 2.870e-04 2.860e-04
4.681e+00 1.357e-04 2.811e-04 2.802e-04
4.713e+00 1.330e-04 2.752e-04 2.744e-04
4.745e+00 1.303e-04 2.694e-04 2.687e-04
4.778e+00 1.276e-04 2.637e-04 2.631e-04
4.810e+00 1.249e-04 2.581e-04 2.576e-04
4.843e+00 1.223e-04 2.527e-04 2.520e-04
4.876e+00 1.199e-04 2.475e-04 2.466e-04
4.910e+00 1.174e-04 2.423e-04 2.412e-04
4.943e+00 1.149e-04 2.373e-04 2.359e-04
4.977e+00 1.125e-04 2.323e-04 2.307e-04
5.011e+00 1.101e-04 2.274e-04 2.256e-04
5.045e+00 1.078e-04 2.226e-04 2.206e-04
5.080e+00 1.055e-04 2.177e-04 2.157e-04
5.114e+00 1.033e-04 2.130e-04 2.108e-04
5.149e+00 1.011e-04 2.083e-04 2.061e-04
5.185e+00 9.902e-05 2.036e-04 2.016e-04
5.220e+00 9.699e-05 1.991e-04 1.971e-04
5.256e+00 9.497e-05 1.947e-04 1.926e-04
5.292e+00 9.294e-05 1.903e-04 1.883e-04
5.328e+00 9.086e-05 1.861e-04 1.841e-04
5.364e+00 8.878e-05 1.819e-04 1.800e-04
5.401e+00 8.673e-05 1.777e-04 1.760e-04
5.438e+00 8.471e-05 1.736e-04 1.719e-04
5.475e+00 8.278e-05 1.695e-04 1.679e-04
5.512e+00 8.087e-05 1.656e-04 1.639e-04
5.550e+00 7.905e-05 1.617e-04 1.600e-04
5.588e+00 7.730e-05 1.579e-04 1.562e-04
5.626e+00 7.559e-05 1.543e-04 1.525e-04
5.664e+00 7.391e-05 1.506e-04 1.488e-04
5.703e+00 7.224e-05 1.470e-04 1.452e-04
5.742e+00 7.060e-05 1.434e-04 1.417e-04
5.781e+00 6.898e-05 1.399e-04 1.383e-04
5.821e+00 6.737e-05 1.366e-04 1.350e-04
5.861e+00 6.575e-05 1.333e-04 1.318e-04
5.901e+00 6.418e-05 1.301e-04 1.285e-04
5.941e+00 6.264e-05 1.270e-04 1.253e-04
5.982e+00 6.116e-05 1.239e-04 1.222e-04
6.022e+00 5.968e-05 1.208e-04 1.191e-04
6.064e+00 5.821e-05 1.178e-04 1.162e-04
6.105e+00 5.678e-05 1.149e-04 1.133e-04
6.147e+00 5.540e-05 1.120e-04 1.105e-04
6.189e+00 5.404e-05 1.091e-04 1.077e-04
6.231e+00 5.270e-05 1.064e-04 1.050e-04
6.274e+00 5.134e-05 1.037e-04 1.022e-04
6.316e+00 5.004e-05 1.010e-04 9.959e-05
6.360e+00 4.876e-05 9.835e-05 9.693e-05
6.403e+00 4.756e-05 9.577e-05 9.432e-05
6.447e+00 4.639e-05 9.328e-05 9.175e-05
6.491e+00 4.524e-05 9.085e-05 8.931e-05
6.535e+00 4.410e-05 8.846e-05 8.700e-05
6.580e+00 4.297e-05 8.610e-05 8.473e-05
6.625e+00 4.187e-05 8.380e-05 8.249e-05
6.670e+00 4.077e-05 8.157e-05 8.022e-05
6.716e+00 3.968e-05 7.939e-05 7.800e-05
6.761e+00 3.862e-05 7.726e-05 7.582e-05
6.808e+00 3.758e-05 7.515e-05 7.370e-05
6.854e+00 3.654e-05 7.307e-05 7.162e-05
6.901e+00 3.550e-05 7.099e-05 6.958e-05
6.948e+00 3.449e-05 6.896e-05 6.760e-05
6.996e+00 3.352e-05 6.698e-05 6.568e-05
7.043e+00 3.257e-05 6.508e-05 6.379e-05
7.092e+00 3.167e-05 6.321e-05 6.195e-05
7.140e+00 3.080e-05 6.135e-05 6.014e-05
7.189e+00 2.994e-05 5.953e-05 5.837e-05
7.238e+00 2.907e-05 5.777e-05 5.663e-05
7.287e+00 2.824e-05 5.607e-05 5.490e-05
7.337e+00 2.744e-05 5.443e-05 5.320e-05
7.387e+00 2.665e-05 5.282e-05 5.157e-05
7.438e+00 2.587e-05 5.121e-05 5.002e-05
7.489e+00 2.510e-05 4.967e-05 4.851e-05
7.540e+00 2.437e-05 4.817e-05 4.700e-05
7.591e+00 2.364e-05 4.673e-05 4.550e-05
7.643e+00 2.292e-05 4.527e-05 4.402e-05
7.695e+00 2.222e-05 4.384e-05 4.260e-05
7.748e+00 2.153e-05 4.244e-05 4.123e-05
7.801e+00 2.087e-05 4.107e-05 3.989e-05
7.854e+00 2.021e-05 3.975e-05 3.857e-05
7.908e+00 1.957e-05 3.843e-05 3.726e-05
7.962e+00 1.900e-05 3.714e-05 3.598e-05
8.016e+00 1.844e-05 3.589e-05 3.475e-05
8.071e+00 1.783e-05 3.467e-05 3.357e-05
8.126e+00 1.725e-05 3.348e-05 3.241e-05
8.182e+00 1.670e-05 3.232e-05 3.129e-05
8.238e+00 1.617e-05 3.121e-05 3.020e-05
8.294e+00 1.564e-05 nan nan
8.351e+00 nan nan nan
8.408e+00 nan nan nan
8.465e+00 nan nan nan
8.523e+00 nan nan nan
8.581e+00 nan nan nan
8.640e+00 nan nan nan
8.699e+00 nan nan nan
8.758e+00 nan nan nan
8.818e+00 nan nan nan
8.878e+00 nan nan nan
8.939e+00 nan nan nan
9.000e+00 nan nan nan
