# e- + H+ + LiH -> H + LiH+ + e-
# Number of initial vibrational states: 3
# Number of final vibrational states: 6
# R = 4 AngstromE_in [eV] | xs [Mb]
1.000e-02 3.572e+01 8.050e+01 8.372e+01
1.072e-02 3.330e+01 7.505e+01 7.805e+01
1.150e-02 3.104e+01 6.996e+01 7.276e+01
1.233e-02 2.894e+01 6.522e+01 6.782e+01
1.322e-02 2.698e+01 6.079e+01 6.322e+01
1.417e-02 2.515e+01 5.667e+01 5.893e+01
1.520e-02 2.344e+01 5.282e+01 5.493e+01
1.630e-02 2.185e+01 4.923e+01 5.119e+01
1.748e-02 2.036e+01 4.588e+01 4.771e+01
1.874e-02 1.898e+01 4.276e+01 4.447e+01
2.009e-02 1.769e+01 3.985e+01 4.144e+01
2.154e-02 1.648e+01 3.714e+01 3.862e+01
2.310e-02 1.536e+01 3.461e+01 3.598e+01
2.477e-02 1.431e+01 3.225e+01 3.353e+01
2.656e-02 1.334e+01 3.004e+01 3.124e+01
2.848e-02 1.243e+01 2.799e+01 2.910e+01
3.054e-02 1.158e+01 2.608e+01 2.711e+01
3.275e-02 1.079e+01 2.429e+01 2.525e+01
3.511e-02 1.005e+01 2.263e+01 2.352e+01
3.765e-02 9.358e+00 2.107e+01 2.190e+01
4.037e-02 8.716e+00 1.962e+01 2.040e+01
4.329e-02 8.117e+00 1.827e+01 1.899e+01
4.642e-02 7.558e+00 1.701e+01 1.768e+01
4.977e-02 7.037e+00 1.584e+01 1.646e+01
5.337e-02 6.551e+00 1.474e+01 1.532e+01
5.722e-02 6.098e+00 1.372e+01 1.426e+01
6.136e-02 5.676e+00 1.277e+01 1.327e+01
6.579e-02 5.282e+00 1.188e+01 1.234e+01
7.055e-02 4.914e+00 1.105e+01 1.148e+01
7.565e-02 4.571e+00 1.028e+01 1.068e+01
8.111e-02 4.252e+00 9.560e+00 9.929e+00
8.697e-02 3.954e+00 8.889e+00 9.231e+00
9.326e-02 3.676e+00 8.262e+00 8.579e+00
1.000e-01 3.417e+00 7.678e+00 7.972e+00
1.072e-01 3.175e+00 7.134e+00 7.406e+00
1.150e-01 2.949e+00 6.626e+00 6.878e+00
1.233e-01 2.739e+00 6.152e+00 6.386e+00
1.322e-01 2.543e+00 5.711e+00 5.927e+00
1.417e-01 2.361e+00 5.299e+00 5.499e+00
1.520e-01 2.190e+00 4.916e+00 5.100e+00
1.630e-01 2.032e+00 4.558e+00 4.728e+00
1.748e-01 1.884e+00 4.225e+00 4.382e+00
1.874e-01 1.746e+00 3.914e+00 4.059e+00
2.009e-01 1.617e+00 3.624e+00 3.757e+00
2.154e-01 1.497e+00 3.354e+00 3.477e+00
2.310e-01 1.385e+00 3.103e+00 3.215e+00
2.477e-01 1.280e+00 2.868e+00 2.972e+00
2.656e-01 1.183e+00 2.650e+00 2.745e+00
2.848e-01 1.093e+00 2.447e+00 2.534e+00
3.054e-01 1.008e+00 2.258e+00 2.337e+00
3.275e-01 9.298e-01 2.083e+00 2.154e+00
3.511e-01 8.568e-01 1.919e+00 1.984e+00
3.765e-01 7.888e-01 1.767e+00 1.825e+00
4.037e-01 7.256e-01 1.625e+00 1.678e+00
4.329e-01 6.669e-01 1.494e+00 1.540e+00
4.642e-01 6.123e-01 1.371e+00 1.413e+00
4.977e-01 5.615e-01 1.257e+00 1.295e+00
5.337e-01 5.143e-01 1.152e+00 1.185e+00
5.722e-01 4.705e-01 1.053e+00 1.083e+00
6.136e-01 4.302e-01 9.617e-01 9.880e-01
6.579e-01 3.929e-01 8.765e-01 9.001e-01
7.055e-01 3.583e-01 7.976e-01 8.188e-01
7.565e-01 3.262e-01 7.244e-01 7.435e-01
8.111e-01 2.961e-01 6.569e-01 6.737e-01
8.697e-01 2.682e-01 5.946e-01 6.093e-01
9.326e-01 2.425e-01 5.371e-01 5.499e-01
1.000e+00 2.188e-01 4.841e-01 4.950e-01
1.072e+00 1.969e-01 4.356e-01 4.448e-01
1.150e+00 1.766e-01 3.910e-01 3.987e-01
1.233e+00 1.581e-01 3.498e-01 3.563e-01
1.322e+00 1.411e-01 3.118e-01 3.172e-01
1.417e+00 1.255e-01 2.770e-01 2.815e-01
1.520e+00 1.112e-01 2.454e-01 2.491e-01
1.630e+00 9.841e-02 2.168e-01 2.196e-01
1.748e+00 8.682e-02 1.907e-01 1.930e-01
1.874e+00 7.630e-02 1.670e-01 1.691e-01
2.009e+00 6.670e-02 1.458e-01 1.476e-01
2.154e+00 5.797e-02 1.265e-01 1.280e-01
2.310e+00 5.009e-02 1.093e-01 1.105e-01
2.477e+00 4.329e-02 9.376e-02 9.526e-02
2.656e+00 3.714e-02 8.043e-02 8.164e-02
2.848e+00 3.167e-02 6.860e-02 6.961e-02
3.054e+00 2.692e-02 5.821e-02 5.902e-02
3.275e+00 2.275e-02 4.911e-02 4.970e-02
3.511e+00 1.914e-02 4.114e-02 4.186e-02
3.765e+00 1.594e-02 3.431e-02 3.459e-02
4.037e+00 1.320e-02 2.821e-02 2.839e-02
4.329e+00 1.082e-02 2.310e-02 2.323e-02
4.642e+00 8.849e-03 1.874e-02 1.881e-02
4.977e+00 7.139e-03 1.508e-02 1.511e-02
5.337e+00 5.709e-03 1.203e-02 1.199e-02
5.722e+00 4.511e-03 9.430e-03 9.407e-03
6.136e+00 3.527e-03 7.329e-03 7.300e-03
6.579e+00 2.710e-03 5.607e-03 5.566e-03
7.055e+00 2.047e-03 4.213e-03 4.169e-03
7.565e+00 1.517e-03 3.084e-03 3.046e-03
8.111e+00 1.099e-03 2.212e-03 2.160e-03
8.697e+00 7.692e-04 1.512e-03 1.479e-03
9.326e+00 5.114e-04 9.675e-04 9.490e-04
1.000e+01 3.135e-04 5.531e-04 5.455e-04
