# e- + H+ + LiH -> H + LiH+ + e-
# Number of initial vibrational states: 3
# Number of final vibrational states: 7
# R = 10 AngstromE_in [eV] | xs [Mb]
1.000e-02 1.477e-01 3.244e-01 3.356e-01
1.007e-02 1.467e-01 3.222e-01 3.333e-01
1.014e-02 1.457e-01 3.200e-01 3.311e-01
1.021e-02 1.447e-01 3.178e-01 3.288e-01
1.028e-02 1.437e-01 3.156e-01 3.266e-01
1.035e-02 1.428e-01 3.135e-01 3.243e-01
1.042e-02 1.418e-01 3.113e-01 3.221e-01
1.049e-02 1.408e-01 3.092e-01 3.199e-01
1.056e-02 1.399e-01 3.071e-01 3.177e-01
1.063e-02 1.389e-01 3.050e-01 3.156e-01
1.070e-02 1.379e-01 3.029e-01 3.134e-01
1.078e-02 1.370e-01 3.008e-01 3.113e-01
1.085e-02 1.361e-01 2.988e-01 3.092e-01
1.093e-02 1.351e-01 2.967e-01 3.071e-01
1.100e-02 1.342e-01 2.947e-01 3.050e-01
1.108e-02 1.333e-01 2.927e-01 3.029e-01
1.115e-02 1.324e-01 2.907e-01 3.008e-01
1.123e-02 1.315e-01 2.887e-01 2.988e-01
1.130e-02 1.306e-01 2.868e-01 2.967e-01
1.138e-02 1.297e-01 2.848e-01 2.947e-01
1.146e-02 1.288e-01 2.828e-01 2.927e-01
1.154e-02 1.279e-01 2.809e-01 2.907e-01
1.162e-02 1.271e-01 2.790e-01 2.887e-01
1.170e-02 1.262e-01 2.771e-01 2.867e-01
1.178e-02 1.253e-01 2.752e-01 2.848e-01
1.186e-02 1.245e-01 2.733e-01 2.828e-01
1.194e-02 1.236e-01 2.715e-01 2.809e-01
1.202e-02 1.228e-01 2.696e-01 2.790e-01
1.210e-02 1.219e-01 2.678e-01 2.771e-01
1.218e-02 1.211e-01 2.659e-01 2.752e-01
1.227e-02 1.203e-01 2.641e-01 2.733e-01
1.235e-02 1.195e-01 2.623e-01 2.714e-01
1.243e-02 1.187e-01 2.605e-01 2.696e-01
1.252e-02 1.178e-01 2.587e-01 2.677e-01
1.261e-02 1.170e-01 2.570e-01 2.659e-01
1.269e-02 1.162e-01 2.552e-01 2.641e-01
1.278e-02 1.154e-01 2.535e-01 2.623e-01
1.287e-02 1.147e-01 2.517e-01 2.605e-01
1.295e-02 1.139e-01 2.500e-01 2.587e-01
1.304e-02 1.131e-01 2.483e-01 2.570e-01
1.313e-02 1.123e-01 2.466e-01 2.552e-01
1.322e-02 1.116e-01 2.449e-01 2.535e-01
1.331e-02 1.108e-01 2.433e-01 2.517e-01
1.340e-02 1.100e-01 2.416e-01 2.500e-01
1.349e-02 1.093e-01 2.399e-01 2.483e-01
1.359e-02 1.085e-01 2.383e-01 2.466e-01
1.368e-02 1.078e-01 2.367e-01 2.449e-01
1.377e-02 1.071e-01 2.351e-01 2.432e-01
1.387e-02 1.063e-01 2.335e-01 2.416e-01
1.396e-02 1.056e-01 2.319e-01 2.399e-01
1.406e-02 1.049e-01 2.303e-01 2.383e-01
1.415e-02 1.042e-01 2.287e-01 2.367e-01
1.425e-02 1.035e-01 2.271e-01 2.350e-01
1.435e-02 1.027e-01 2.256e-01 2.334e-01
1.444e-02 1.020e-01 2.240e-01 2.318e-01
1.454e-02 1.013e-01 2.225e-01 2.303e-01
1.464e-02 1.007e-01 2.210e-01 2.287e-01
1.474e-02 9.996e-02 2.195e-01 2.271e-01
1.484e-02 9.928e-02 2.180e-01 2.256e-01
1.494e-02 9.860e-02 2.165e-01 2.240e-01
1.505e-02 9.793e-02 2.150e-01 2.225e-01
1.515e-02 9.726e-02 2.135e-01 2.210e-01
1.525e-02 9.659e-02 2.121e-01 2.195e-01
1.536e-02 9.593e-02 2.106e-01 2.180e-01
1.546e-02 9.528e-02 2.092e-01 2.165e-01
1.557e-02 9.462e-02 2.077e-01 2.150e-01
1.567e-02 9.398e-02 2.063e-01 2.135e-01
1.578e-02 9.333e-02 2.049e-01 2.121e-01
1.589e-02 9.270e-02 2.035e-01 2.106e-01
1.600e-02 9.206e-02 2.021e-01 2.092e-01
1.611e-02 9.143e-02 2.007e-01 2.077e-01
1.622e-02 9.081e-02 1.994e-01 2.063e-01
1.633e-02 9.018e-02 1.980e-01 2.049e-01
1.644e-02 8.957e-02 1.966e-01 2.035e-01
1.655e-02 8.895e-02 1.953e-01 2.021e-01
1.666e-02 8.835e-02 1.940e-01 2.007e-01
1.678e-02 8.774e-02 1.926e-01 1.994e-01
1.689e-02 8.714e-02 1.913e-01 1.980e-01
1.701e-02 8.654e-02 1.900e-01 1.966e-01
1.712e-02 8.595e-02 1.887e-01 1.953e-01
1.724e-02 8.536e-02 1.874e-01 1.940e-01
1.736e-02 8.478e-02 1.861e-01 1.926e-01
1.748e-02 8.420e-02 1.849e-01 1.913e-01
1.760e-02 8.362e-02 1.836e-01 1.900e-01
1.772e-02 8.305e-02 1.823e-01 1.887e-01
1.784e-02 8.248e-02 1.811e-01 1.874e-01
1.796e-02 8.192e-02 1.798e-01 1.861e-01
1.808e-02 8.136e-02 1.786e-01 1.848e-01
1.821e-02 8.080e-02 1.774e-01 1.836e-01
1.833e-02 8.024e-02 1.762e-01 1.823e-01
1.846e-02 7.970e-02 1.750e-01 1.811e-01
1.858e-02 7.915e-02 1.738e-01 1.798e-01
1.871e-02 7.861e-02 1.726e-01 1.786e-01
1.884e-02 7.807e-02 1.714e-01 1.774e-01
1.897e-02 7.753e-02 1.702e-01 1.762e-01
1.910e-02 7.700e-02 1.690e-01 1.750e-01
1.923e-02 7.647e-02 1.679e-01 1.738e-01
1.936e-02 7.595e-02 1.667e-01 1.726e-01
1.949e-02 7.543e-02 1.656e-01 1.714e-01
1.962e-02 7.491e-02 1.645e-01 1.702e-01
1.976e-02 7.440e-02 1.633e-01 1.690e-01
1.989e-02 7.389e-02 1.622e-01 1.679e-01
2.003e-02 7.338e-02 1.611e-01 1.667e-01
2.016e-02 7.288e-02 1.600e-01 1.656e-01
2.030e-02 7.238e-02 1.589e-01 1.645e-01
2.044e-02 7.188e-02 1.578e-01 1.633e-01
2.058e-02 7.139e-02 1.567e-01 1.622e-01
2.072e-02 7.090e-02 1.556e-01 1.611e-01
2.086e-02 7.042e-02 1.546e-01 1.600e-01
2.101e-02 6.993e-02 1.535e-01 1.589e-01
2.115e-02 6.945e-02 1.525e-01 1.578e-01
2.129e-02 6.898e-02 1.514e-01 1.567e-01
2.144e-02 6.850e-02 1.504e-01 1.556e-01
2.159e-02 6.803e-02 1.493e-01 1.546e-01
2.173e-02 6.757e-02 1.483e-01 1.535e-01
2.188e-02 6.710e-02 1.473e-01 1.525e-01
2.203e-02 6.664e-02 1.463e-01 1.514e-01
2.218e-02 6.619e-02 1.453e-01 1.504e-01
2.233e-02 6.573e-02 1.443e-01 1.493e-01
2.249e-02 6.528e-02 1.433e-01 1.483e-01
2.264e-02 6.483e-02 1.423e-01 1.473e-01
2.279e-02 6.439e-02 1.413e-01 1.463e-01
2.295e-02 6.395e-02 1.404e-01 1.453e-01
2.311e-02 6.351e-02 1.394e-01 1.443e-01
2.326e-02 6.307e-02 1.384e-01 1.433e-01
2.342e-02 6.264e-02 1.375e-01 1.423e-01
2.358e-02 6.221e-02 1.366e-01 1.413e-01
2.374e-02 6.178e-02 1.356e-01 1.404e-01
2.391e-02 6.136e-02 1.347e-01 1.394e-01
2.407e-02 6.093e-02 1.338e-01 1.384e-01
2.423e-02 6.052e-02 1.328e-01 1.375e-01
2.440e-02 6.010e-02 1.319e-01 1.366e-01
2.457e-02 5.969e-02 1.310e-01 1.356e-01
2.473e-02 5.928e-02 1.301e-01 1.347e-01
2.490e-02 5.887e-02 1.292e-01 1.338e-01
2.507e-02 5.847e-02 1.283e-01 1.328e-01
2.525e-02 5.806e-02 1.274e-01 1.319e-01
2.542e-02 5.766e-02 1.266e-01 1.310e-01
2.559e-02 5.727e-02 1.257e-01 1.301e-01
2.577e-02 5.687e-02 1.248e-01 1.292e-01
2.594e-02 5.648e-02 1.240e-01 1.283e-01
2.612e-02 5.610e-02 1.231e-01 1.275e-01
2.630e-02 5.571e-02 1.223e-01 1.266e-01
2.648e-02 5.533e-02 1.214e-01 1.257e-01
2.666e-02 5.495e-02 1.206e-01 1.248e-01
2.684e-02 5.457e-02 1.198e-01 1.240e-01
2.702e-02 5.419e-02 1.189e-01 1.231e-01
2.721e-02 5.382e-02 1.181e-01 1.223e-01
2.739e-02 5.345e-02 1.173e-01 1.214e-01
2.758e-02 5.308e-02 1.165e-01 1.206e-01
2.777e-02 5.272e-02 1.157e-01 1.198e-01
2.796e-02 5.235e-02 1.149e-01 1.190e-01
2.815e-02 5.199e-02 1.141e-01 1.181e-01
2.834e-02 5.164e-02 1.133e-01 1.173e-01
2.854e-02 5.128e-02 1.126e-01 1.165e-01
2.873e-02 5.093e-02 1.118e-01 1.157e-01
2.893e-02 5.058e-02 1.110e-01 1.149e-01
2.913e-02 5.023e-02 1.102e-01 1.141e-01
2.932e-02 4.988e-02 1.095e-01 1.133e-01
2.953e-02 4.954e-02 1.087e-01 1.126e-01
2.973e-02 4.920e-02 1.080e-01 1.118e-01
2.993e-02 4.886e-02 1.072e-01 1.110e-01
3.013e-02 4.852e-02 1.065e-01 1.102e-01
3.034e-02 4.819e-02 1.058e-01 1.095e-01
3.055e-02 4.786e-02 1.050e-01 1.087e-01
3.076e-02 4.753e-02 1.043e-01 1.080e-01
3.097e-02 4.720e-02 1.036e-01 1.072e-01
3.118e-02 4.687e-02 1.029e-01 1.065e-01
3.139e-02 4.655e-02 1.022e-01 1.058e-01
3.161e-02 4.623e-02 1.015e-01 1.050e-01
3.182e-02 4.591e-02 1.008e-01 1.043e-01
3.204e-02 4.559e-02 1.001e-01 1.036e-01
3.226e-02 4.528e-02 9.937e-02 1.029e-01
3.248e-02 4.497e-02 9.869e-02 1.022e-01
3.270e-02 4.466e-02 9.800e-02 1.015e-01
3.292e-02 4.435e-02 9.733e-02 1.008e-01
3.315e-02 4.404e-02 9.666e-02 1.001e-01
3.338e-02 4.374e-02 9.599e-02 9.938e-02
3.360e-02 4.344e-02 9.533e-02 9.870e-02
3.383e-02 4.314e-02 9.467e-02 9.801e-02
3.406e-02 4.284e-02 9.401e-02 9.734e-02
3.430e-02 4.254e-02 9.336e-02 9.667e-02
3.453e-02 4.225e-02 9.272e-02 9.600e-02
3.477e-02 4.196e-02 9.208e-02 9.534e-02
3.500e-02 4.167e-02 9.144e-02 9.468e-02
3.524e-02 4.138e-02 9.081e-02 9.402e-02
3.548e-02 4.109e-02 9.018e-02 9.337e-02
3.573e-02 4.081e-02 8.956e-02 9.273e-02
3.597e-02 4.053e-02 8.894e-02 9.209e-02
3.622e-02 4.025e-02 8.833e-02 9.145e-02
3.646e-02 3.997e-02 8.772e-02 9.082e-02
3.671e-02 3.969e-02 8.711e-02 9.019e-02
3.696e-02 3.942e-02 8.651e-02 8.957e-02
3.722e-02 3.915e-02 8.591e-02 8.895e-02
3.747e-02 3.888e-02 8.531e-02 8.833e-02
3.773e-02 3.861e-02 8.472e-02 8.772e-02
3.798e-02 3.834e-02 8.414e-02 8.712e-02
3.824e-02 3.808e-02 8.355e-02 8.651e-02
3.851e-02 3.781e-02 8.298e-02 8.592e-02
3.877e-02 3.755e-02 8.240e-02 8.532e-02
3.903e-02 3.729e-02 8.183e-02 8.473e-02
3.930e-02 3.703e-02 8.126e-02 8.415e-02
3.957e-02 3.678e-02 8.070e-02 8.356e-02
3.984e-02 3.652e-02 8.014e-02 8.298e-02
4.011e-02 3.627e-02 7.959e-02 8.241e-02
4.039e-02 3.602e-02 7.904e-02 8.184e-02
4.066e-02 3.577e-02 7.849e-02 8.127e-02
4.094e-02 3.552e-02 7.794e-02 8.071e-02
4.122e-02 3.527e-02 7.740e-02 8.015e-02
4.150e-02 3.503e-02 7.687e-02 7.960e-02
4.178e-02 3.479e-02 7.633e-02 7.904e-02
4.207e-02 3.455e-02 7.581e-02 7.850e-02
4.236e-02 3.431e-02 7.528e-02 7.795e-02
4.265e-02 3.407e-02 7.476e-02 7.741e-02
4.294e-02 3.383e-02 7.424e-02 7.688e-02
4.323e-02 3.360e-02 7.372e-02 7.634e-02
4.353e-02 3.337e-02 7.321e-02 7.581e-02
4.382e-02 3.313e-02 7.270e-02 7.529e-02
4.412e-02 3.290e-02 7.220e-02 7.477e-02
4.442e-02 3.268e-02 7.170e-02 7.425e-02
4.473e-02 3.245e-02 7.120e-02 7.373e-02
4.503e-02 3.222e-02 7.071e-02 7.322e-02
4.534e-02 3.200e-02 7.021e-02 7.271e-02
4.565e-02 3.178e-02 6.973e-02 7.221e-02
4.596e-02 3.156e-02 6.924e-02 7.171e-02
4.628e-02 3.134e-02 6.876e-02 7.121e-02
4.659e-02 3.112e-02 6.828e-02 7.071e-02
4.691e-02 3.090e-02 6.781e-02 7.022e-02
4.723e-02 3.069e-02 6.734e-02 6.973e-02
4.756e-02 3.048e-02 6.687e-02 6.925e-02
4.788e-02 3.026e-02 6.640e-02 6.877e-02
4.821e-02 3.005e-02 6.594e-02 6.829e-02
4.854e-02 2.985e-02 6.548e-02 6.782e-02
4.887e-02 2.964e-02 6.503e-02 6.734e-02
4.920e-02 2.943e-02 6.457e-02 6.688e-02
4.954e-02 2.923e-02 6.413e-02 6.641e-02
4.988e-02 2.902e-02 6.368e-02 6.595e-02
5.022e-02 2.882e-02 6.324e-02 6.549e-02
5.056e-02 2.862e-02 6.279e-02 6.503e-02
5.091e-02 2.842e-02 6.236e-02 6.458e-02
5.125e-02 2.822e-02 6.192e-02 6.413e-02
5.160e-02 2.803e-02 6.149e-02 6.369e-02
5.196e-02 2.783e-02 6.106e-02 6.324e-02
5.231e-02 2.764e-02 6.064e-02 6.280e-02
5.267e-02 2.745e-02 6.021e-02 6.236e-02
5.303e-02 2.725e-02 5.979e-02 6.193e-02
5.339e-02 2.706e-02 5.938e-02 6.150e-02
5.376e-02 2.688e-02 5.896e-02 6.107e-02
5.412e-02 2.669e-02 5.855e-02 6.064e-02
5.449e-02 2.650e-02 5.814e-02 6.022e-02
5.487e-02 2.632e-02 5.774e-02 5.980e-02
5.524e-02 2.613e-02 5.733e-02 5.938e-02
5.562e-02 2.595e-02 5.693e-02 5.897e-02
5.600e-02 2.577e-02 5.654e-02 5.856e-02
5.638e-02 2.559e-02 5.614e-02 5.815e-02
5.677e-02 2.541e-02 5.575e-02 5.774e-02
5.715e-02 2.523e-02 5.536e-02 5.734e-02
5.754e-02 2.506e-02 5.497e-02 5.694e-02
5.794e-02 2.488e-02 5.459e-02 5.654e-02
5.833e-02 2.471e-02 5.421e-02 5.615e-02
5.873e-02 2.454e-02 5.383e-02 5.576e-02
5.913e-02 2.437e-02 5.345e-02 5.537e-02
5.954e-02 2.420e-02 5.308e-02 5.498e-02
5.994e-02 2.403e-02 5.271e-02 5.459e-02
6.035e-02 2.386e-02 5.234e-02 5.421e-02
6.077e-02 2.369e-02 5.197e-02 5.383e-02
6.118e-02 2.353e-02 5.161e-02 5.346e-02
6.160e-02 2.336e-02 5.124e-02 5.308e-02
6.202e-02 2.320e-02 5.089e-02 5.271e-02
6.244e-02 2.304e-02 5.053e-02 5.234e-02
6.287e-02 2.287e-02 5.017e-02 5.198e-02
6.330e-02 2.271e-02 4.982e-02 5.161e-02
6.373e-02 2.255e-02 4.947e-02 5.125e-02
6.417e-02 2.240e-02 4.913e-02 5.089e-02
6.461e-02 2.224e-02 4.878e-02 5.054e-02
6.505e-02 2.208e-02 4.844e-02 5.018e-02
6.549e-02 2.193e-02 4.810e-02 4.983e-02
6.594e-02 2.178e-02 4.776e-02 4.948e-02
6.639e-02 2.162e-02 4.743e-02 4.913e-02
6.684e-02 2.147e-02 4.709e-02 4.879e-02
6.730e-02 2.132e-02 4.676e-02 4.845e-02
6.776e-02 2.117e-02 4.643e-02 4.811e-02
6.822e-02 2.102e-02 4.611e-02 4.777e-02
6.869e-02 2.087e-02 4.578e-02 4.743e-02
6.916e-02 2.073e-02 4.546e-02 4.710e-02
6.963e-02 2.058e-02 4.514e-02 4.677e-02
7.011e-02 2.044e-02 4.482e-02 4.644e-02
7.059e-02 2.029e-02 4.451e-02 4.611e-02
7.107e-02 2.015e-02 4.420e-02 4.579e-02
7.155e-02 2.001e-02 4.388e-02 4.547e-02
7.204e-02 1.987e-02 4.358e-02 4.515e-02
7.253e-02 1.973e-02 4.327e-02 4.483e-02
7.303e-02 1.959e-02 4.296e-02 4.452e-02
7.353e-02 1.945e-02 4.266e-02 4.420e-02
7.403e-02 1.932e-02 4.236e-02 4.389e-02
7.454e-02 1.918e-02 4.206e-02 4.358e-02
7.505e-02 1.904e-02 4.177e-02 4.328e-02
7.556e-02 1.891e-02 4.147e-02 4.297e-02
7.608e-02 1.878e-02 4.118e-02 4.267e-02
7.660e-02 1.864e-02 4.089e-02 4.237e-02
7.712e-02 1.851e-02 4.060e-02 4.207e-02
7.765e-02 1.838e-02 4.031e-02 4.177e-02
7.818e-02 1.825e-02 4.003e-02 4.148e-02
7.871e-02 1.812e-02 3.974e-02 4.119e-02
7.925e-02 1.800e-02 3.946e-02 4.089e-02
7.979e-02 1.787e-02 3.918e-02 4.061e-02
8.033e-02 1.774e-02 3.891e-02 4.032e-02
8.088e-02 1.762e-02 3.863e-02 4.003e-02
8.144e-02 1.749e-02 3.836e-02 3.975e-02
8.199e-02 1.737e-02 3.809e-02 3.947e-02
8.255e-02 1.725e-02 3.782e-02 3.919e-02
8.312e-02 1.712e-02 3.755e-02 3.891e-02
8.368e-02 1.700e-02 3.728e-02 3.864e-02
8.426e-02 1.688e-02 3.702e-02 3.837e-02
8.483e-02 1.676e-02 3.676e-02 3.810e-02
8.541e-02 1.665e-02 3.650e-02 3.783e-02
8.600e-02 1.653e-02 3.624e-02 3.756e-02
8.658e-02 1.641e-02 3.598e-02 3.729e-02
8.717e-02 1.629e-02 3.573e-02 3.703e-02
8.777e-02 1.618e-02 3.547e-02 3.677e-02
8.837e-02 1.606e-02 3.522e-02 3.650e-02
8.897e-02 1.595e-02 3.497e-02 3.625e-02
8.958e-02 1.584e-02 3.472e-02 3.599e-02
9.019e-02 1.572e-02 3.448e-02 3.573e-02
9.081e-02 1.561e-02 3.423e-02 3.548e-02
9.143e-02 1.550e-02 3.399e-02 3.523e-02
9.205e-02 1.539e-02 3.375e-02 3.498e-02
9.268e-02 1.528e-02 3.351e-02 3.473e-02
9.332e-02 1.517e-02 3.327e-02 3.448e-02
9.395e-02 1.507e-02 3.303e-02 3.424e-02
9.460e-02 1.496e-02 3.279e-02 3.399e-02
9.524e-02 1.485e-02 3.256e-02 3.375e-02
9.589e-02 1.475e-02 3.233e-02 3.351e-02
9.655e-02 1.464e-02 3.210e-02 3.327e-02
9.721e-02 1.454e-02 3.187e-02 3.304e-02
9.787e-02 1.443e-02 3.164e-02 3.280e-02
9.854e-02 1.433e-02 3.142e-02 3.257e-02
9.921e-02 1.423e-02 3.119e-02 3.234e-02
9.989e-02 1.413e-02 3.097e-02 3.211e-02
1.006e-01 1.403e-02 3.075e-02 3.188e-02
1.013e-01 1.393e-02 3.053e-02 3.165e-02
1.020e-01 1.383e-02 3.031e-02 3.142e-02
1.027e-01 1.373e-02 3.009e-02 3.120e-02
1.034e-01 1.363e-02 2.988e-02 3.098e-02
1.041e-01 1.353e-02 2.967e-02 3.076e-02
1.048e-01 1.344e-02 2.945e-02 3.054e-02
1.055e-01 1.334e-02 2.924e-02 3.032e-02
1.062e-01 1.324e-02 2.903e-02 3.010e-02
1.069e-01 1.315e-02 2.883e-02 2.989e-02
1.077e-01 1.305e-02 2.862e-02 2.967e-02
1.084e-01 1.296e-02 2.841e-02 2.946e-02
1.091e-01 1.287e-02 2.821e-02 2.925e-02
1.099e-01 1.278e-02 2.801e-02 2.904e-02
1.106e-01 1.268e-02 2.781e-02 2.883e-02
1.114e-01 1.259e-02 2.761e-02 2.863e-02
1.122e-01 1.250e-02 2.741e-02 2.842e-02
1.129e-01 1.241e-02 2.721e-02 2.822e-02
1.137e-01 1.232e-02 2.702e-02 2.801e-02
1.145e-01 1.223e-02 2.682e-02 2.781e-02
1.152e-01 1.215e-02 2.663e-02 2.761e-02
1.160e-01 1.206e-02 2.644e-02 2.742e-02
1.168e-01 1.197e-02 2.625e-02 2.722e-02
1.176e-01 1.189e-02 2.606e-02 2.702e-02
1.184e-01 1.180e-02 2.587e-02 2.683e-02
1.192e-01 1.171e-02 2.568e-02 2.664e-02
1.201e-01 1.163e-02 2.550e-02 2.644e-02
1.209e-01 1.155e-02 2.531e-02 2.625e-02
1.217e-01 1.146e-02 2.513e-02 2.606e-02
1.225e-01 1.138e-02 2.495e-02 2.588e-02
1.234e-01 1.130e-02 2.477e-02 2.569e-02
1.242e-01 1.122e-02 2.459e-02 2.551e-02
1.251e-01 1.113e-02 2.441e-02 2.532e-02
1.259e-01 1.105e-02 2.424e-02 2.514e-02
1.268e-01 1.097e-02 2.406e-02 2.496e-02
1.276e-01 1.089e-02 2.389e-02 2.478e-02
1.285e-01 1.081e-02 2.371e-02 2.460e-02
1.294e-01 1.074e-02 2.354e-02 2.442e-02
1.303e-01 1.066e-02 2.337e-02 2.424e-02
1.312e-01 1.058e-02 2.320e-02 2.407e-02
1.321e-01 1.050e-02 2.303e-02 2.389e-02
1.330e-01 1.043e-02 2.287e-02 2.372e-02
1.339e-01 1.035e-02 2.270e-02 2.355e-02
1.348e-01 1.028e-02 2.254e-02 2.338e-02
1.357e-01 1.020e-02 2.237e-02 2.321e-02
1.366e-01 1.013e-02 2.221e-02 2.304e-02
1.376e-01 1.005e-02 2.205e-02 2.287e-02
1.385e-01 9.981e-03 2.189e-02 2.271e-02
1.395e-01 9.908e-03 2.173e-02 2.254e-02
1.404e-01 9.836e-03 2.157e-02 2.238e-02
1.414e-01 9.764e-03 2.141e-02 2.222e-02
1.423e-01 9.693e-03 2.126e-02 2.205e-02
1.433e-01 9.622e-03 2.110e-02 2.189e-02
1.443e-01 9.552e-03 2.095e-02 2.174e-02
1.453e-01 9.482e-03 2.080e-02 2.158e-02
1.463e-01 9.412e-03 2.064e-02 2.142e-02
1.473e-01 9.343e-03 2.049e-02 2.126e-02
1.483e-01 9.275e-03 2.034e-02 2.111e-02
1.493e-01 9.207e-03 2.019e-02 2.095e-02
1.503e-01 9.140e-03 2.005e-02 2.080e-02
1.513e-01 9.073e-03 1.990e-02 2.064e-02
1.524e-01 9.007e-03 1.975e-02 2.049e-02
1.534e-01 8.941e-03 1.961e-02 2.034e-02
1.545e-01 8.875e-03 1.947e-02 2.019e-02
1.555e-01 8.810e-03 1.932e-02 2.004e-02
1.566e-01 8.745e-03 1.918e-02 1.989e-02
1.576e-01 8.681e-03 1.904e-02 1.975e-02
1.587e-01 8.618e-03 1.890e-02 1.960e-02
1.598e-01 8.554e-03 1.876e-02 1.945e-02
1.609e-01 8.491e-03 1.862e-02 1.931e-02
1.620e-01 8.429e-03 1.849e-02 1.917e-02
1.631e-01 8.367e-03 1.835e-02 1.902e-02
1.642e-01 8.305e-03 1.822e-02 1.888e-02
1.653e-01 8.244e-03 1.808e-02 1.874e-02
1.665e-01 8.183e-03 1.795e-02 1.860e-02
1.676e-01 8.123e-03 1.782e-02 1.847e-02
1.687e-01 8.063e-03 1.768e-02 1.833e-02
1.699e-01 8.004e-03 1.755e-02 1.819e-02
1.711e-01 7.944e-03 1.742e-02 1.806e-02
1.722e-01 7.886e-03 1.729e-02 1.792e-02
1.734e-01 7.827e-03 1.717e-02 1.779e-02
1.746e-01 7.770e-03 1.704e-02 1.766e-02
1.758e-01 7.712e-03 1.691e-02 1.752e-02
1.770e-01 7.655e-03 1.679e-02 1.739e-02
1.782e-01 7.598e-03 1.666e-02 1.726e-02
1.794e-01 7.542e-03 1.654e-02 1.713e-02
1.806e-01 7.486e-03 1.642e-02 1.700e-02
1.819e-01 7.430e-03 1.629e-02 1.688e-02
1.831e-01 7.375e-03 1.617e-02 1.675e-02
1.844e-01 7.320e-03 1.605e-02 1.663e-02
1.856e-01 7.266e-03 1.593e-02 1.650e-02
1.869e-01 7.212e-03 1.581e-02 1.638e-02
1.882e-01 7.158e-03 1.570e-02 1.625e-02
1.895e-01 7.105e-03 1.558e-02 1.613e-02
1.908e-01 7.052e-03 1.546e-02 1.601e-02
1.921e-01 6.999e-03 1.535e-02 1.589e-02
1.934e-01 6.947e-03 1.523e-02 1.577e-02
1.947e-01 6.895e-03 1.512e-02 1.565e-02
1.960e-01 6.844e-03 1.501e-02 1.553e-02
1.974e-01 6.792e-03 1.490e-02 1.542e-02
1.987e-01 6.742e-03 1.478e-02 1.530e-02
2.001e-01 6.691e-03 1.467e-02 1.518e-02
2.014e-01 6.641e-03 1.456e-02 1.507e-02
2.028e-01 6.591e-03 1.445e-02 1.495e-02
2.042e-01 6.542e-03 1.435e-02 1.484e-02
2.056e-01 6.493e-03 1.424e-02 1.473e-02
2.070e-01 6.444e-03 1.413e-02 1.462e-02
2.084e-01 6.395e-03 1.402e-02 1.451e-02
2.098e-01 6.347e-03 1.392e-02 1.439e-02
2.113e-01 6.299e-03 1.381e-02 1.429e-02
2.127e-01 6.252e-03 1.371e-02 1.418e-02
2.142e-01 6.205e-03 1.361e-02 1.407e-02
2.156e-01 6.158e-03 1.350e-02 1.396e-02
2.171e-01 6.112e-03 1.340e-02 1.385e-02
2.186e-01 6.065e-03 1.330e-02 1.375e-02
2.201e-01 6.020e-03 1.320e-02 1.364e-02
2.216e-01 5.974e-03 1.310e-02 1.354e-02
2.231e-01 5.929e-03 1.300e-02 1.344e-02
2.246e-01 5.884e-03 1.290e-02 1.333e-02
2.262e-01 5.839e-03 1.281e-02 1.323e-02
2.277e-01 5.795e-03 1.271e-02 1.313e-02
2.293e-01 5.751e-03 1.261e-02 1.303e-02
2.308e-01 5.707e-03 1.252e-02 1.293e-02
2.324e-01 5.664e-03 1.242e-02 1.283e-02
2.340e-01 5.621e-03 1.233e-02 1.273e-02
2.356e-01 5.578e-03 1.223e-02 1.263e-02
2.372e-01 5.536e-03 1.214e-02 1.253e-02
2.388e-01 5.493e-03 1.205e-02 1.244e-02
2.404e-01 5.451e-03 1.195e-02 1.234e-02
2.421e-01 5.410e-03 1.186e-02 1.225e-02
2.437e-01 5.368e-03 1.177e-02 1.215e-02
2.454e-01 5.327e-03 1.168e-02 1.206e-02
2.471e-01 5.286e-03 1.159e-02 1.196e-02
2.488e-01 5.246e-03 1.150e-02 1.187e-02
2.505e-01 5.206e-03 1.142e-02 1.178e-02
2.522e-01 5.166e-03 1.133e-02 1.169e-02
2.539e-01 5.126e-03 1.124e-02 1.160e-02
2.556e-01 5.087e-03 1.115e-02 1.151e-02
2.574e-01 5.047e-03 1.107e-02 1.142e-02
2.591e-01 5.009e-03 1.098e-02 1.133e-02
2.609e-01 4.970e-03 1.090e-02 1.124e-02
2.627e-01 4.932e-03 1.081e-02 1.115e-02
2.645e-01 4.894e-03 1.073e-02 1.106e-02
2.663e-01 4.856e-03 1.065e-02 1.098e-02
2.681e-01 4.818e-03 1.056e-02 1.089e-02
2.700e-01 4.781e-03 1.048e-02 1.081e-02
2.718e-01 4.744e-03 1.040e-02 1.072e-02
2.737e-01 4.707e-03 1.032e-02 1.064e-02
2.755e-01 4.670e-03 1.024e-02 1.055e-02
2.774e-01 4.634e-03 1.016e-02 1.047e-02
2.793e-01 4.598e-03 1.008e-02 1.039e-02
2.812e-01 4.562e-03 1.000e-02 1.031e-02
2.831e-01 4.527e-03 9.925e-03 1.023e-02
2.851e-01 4.492e-03 9.847e-03 1.014e-02
2.870e-01 4.457e-03 9.770e-03 1.006e-02
2.890e-01 4.422e-03 9.694e-03 9.985e-03
2.909e-01 4.388e-03 9.618e-03 9.906e-03
2.929e-01 4.353e-03 9.543e-03 9.827e-03
2.949e-01 4.319e-03 9.468e-03 9.749e-03
2.970e-01 4.286e-03 9.394e-03 9.672e-03
2.990e-01 4.252e-03 9.320e-03 9.596e-03
3.010e-01 4.219e-03 9.247e-03 9.521e-03
3.031e-01 4.186e-03 9.174e-03 9.446e-03
3.052e-01 4.153e-03 9.101e-03 9.372e-03
3.072e-01 4.120e-03 9.030e-03 9.298e-03
3.093e-01 4.088e-03 8.958e-03 9.224e-03
3.114e-01 4.056e-03 8.888e-03 9.151e-03
3.136e-01 4.024e-03 8.818e-03 9.079e-03
3.157e-01 3.992e-03 8.748e-03 9.007e-03
3.179e-01 3.961e-03 8.679e-03 8.936e-03
3.200e-01 3.930e-03 8.610e-03 8.865e-03
3.222e-01 3.899e-03 8.542e-03 8.794e-03
3.244e-01 3.868e-03 8.475e-03 8.725e-03
3.267e-01 3.837e-03 8.408e-03 8.655e-03
3.289e-01 3.807e-03 8.341e-03 8.586e-03
3.311e-01 3.777e-03 8.275e-03 8.518e-03
3.334e-01 3.747e-03 8.209e-03 8.450e-03
3.357e-01 3.717e-03 8.144e-03 8.382e-03
3.380e-01 3.687e-03 8.079e-03 8.315e-03
3.403e-01 3.658e-03 8.015e-03 8.249e-03
3.426e-01 3.629e-03 7.951e-03 8.182e-03
3.449e-01 3.600e-03 7.888e-03 8.117e-03
3.473e-01 3.571e-03 7.825e-03 8.052e-03
3.497e-01 3.542e-03 7.762e-03 7.987e-03
3.521e-01 3.514e-03 7.700e-03 7.923e-03
3.545e-01 3.486e-03 7.638e-03 7.859e-03
3.569e-01 3.458e-03 7.577e-03 7.795e-03
3.593e-01 3.430e-03 7.516e-03 7.732e-03
3.618e-01 3.403e-03 7.456e-03 7.670e-03
3.643e-01 3.375e-03 7.396e-03 7.608e-03
3.667e-01 3.348e-03 7.336e-03 7.546e-03
3.692e-01 3.321e-03 7.277e-03 7.485e-03
3.718e-01 3.294e-03 7.218e-03 7.424e-03
3.743e-01 3.268e-03 7.160e-03 7.364e-03
3.769e-01 3.241e-03 7.102e-03 7.304e-03
3.794e-01 3.215e-03 7.045e-03 7.244e-03
3.820e-01 3.189e-03 6.988e-03 7.185e-03
3.846e-01 3.163e-03 6.932e-03 7.126e-03
3.873e-01 3.137e-03 6.876e-03 7.068e-03
3.899e-01 3.112e-03 6.820e-03 7.010e-03
3.926e-01 3.087e-03 6.765e-03 6.953e-03
3.953e-01 3.061e-03 6.710e-03 6.896e-03
3.980e-01 3.037e-03 6.655e-03 6.839e-03
4.007e-01 3.012e-03 6.601e-03 6.783e-03
4.034e-01 2.987e-03 6.547e-03 6.727e-03
4.062e-01 2.963e-03 6.494e-03 6.672e-03
4.090e-01 2.939e-03 6.441e-03 6.616e-03
4.117e-01 2.915e-03 6.388e-03 6.562e-03
4.146e-01 2.891e-03 6.336e-03 6.507e-03
4.174e-01 2.867e-03 6.284e-03 6.453e-03
4.202e-01 2.843e-03 6.233e-03 6.400e-03
4.231e-01 2.820e-03 6.181e-03 6.347e-03
4.260e-01 2.797e-03 6.131e-03 6.294e-03
4.289e-01 2.774e-03 6.080e-03 6.242e-03
4.318e-01 2.751e-03 6.030e-03 6.190e-03
4.348e-01 2.728e-03 5.980e-03 6.138e-03
4.378e-01 2.706e-03 5.931e-03 6.086e-03
4.408e-01 2.684e-03 5.882e-03 6.036e-03
4.438e-01 2.662e-03 5.833e-03 5.985e-03
4.468e-01 2.640e-03 5.785e-03 5.935e-03
4.499e-01 2.618e-03 5.737e-03 5.885e-03
4.529e-01 2.596e-03 5.689e-03 5.836e-03
4.560e-01 2.575e-03 5.642e-03 5.787e-03
4.591e-01 2.553e-03 5.595e-03 5.739e-03
4.623e-01 2.532e-03 5.548e-03 5.691e-03
4.654e-01 2.511e-03 5.502e-03 5.643e-03
4.686e-01 2.490e-03 5.456e-03 5.595e-03
4.718e-01 2.470e-03 5.410e-03 5.548e-03
4.750e-01 2.449e-03 5.365e-03 5.501e-03
4.783e-01 2.428e-03 5.320e-03 5.455e-03
4.816e-01 2.408e-03 5.275e-03 5.409e-03
4.848e-01 2.388e-03 5.231e-03 5.363e-03
4.882e-01 2.368e-03 5.187e-03 5.317e-03
4.915e-01 2.348e-03 5.143e-03 5.272e-03
4.949e-01 2.328e-03 5.099e-03 5.227e-03
4.982e-01 2.309e-03 5.056e-03 5.183e-03
5.016e-01 2.289e-03 5.014e-03 5.138e-03
5.051e-01 2.270e-03 4.971e-03 5.095e-03
5.085e-01 2.251e-03 4.929e-03 5.051e-03
5.120e-01 2.232e-03 4.887e-03 5.008e-03
5.155e-01 2.213e-03 4.845e-03 4.965e-03
5.190e-01 2.194e-03 4.804e-03 4.922e-03
5.226e-01 2.175e-03 4.763e-03 4.880e-03
5.261e-01 2.157e-03 4.722e-03 4.838e-03
5.297e-01 2.139e-03 4.681e-03 4.796e-03
5.333e-01 2.121e-03 4.641e-03 4.754e-03
5.370e-01 2.103e-03 4.601e-03 4.713e-03
5.407e-01 2.085e-03 4.561e-03 4.672e-03
5.443e-01 2.067e-03 4.522e-03 4.632e-03
5.481e-01 2.049e-03 4.482e-03 4.592e-03
5.518e-01 2.032e-03 4.443e-03 4.552e-03
5.556e-01 2.014e-03 4.405e-03 4.512e-03
5.594e-01 1.997e-03 4.366e-03 4.472e-03
5.632e-01 1.980e-03 4.328e-03 4.433e-03
5.670e-01 1.963e-03 4.291e-03 4.394e-03
5.709e-01 1.946e-03 4.253e-03 4.356e-03
5.748e-01 1.929e-03 4.216e-03 4.318e-03
5.788e-01 1.912e-03 4.179e-03 4.280e-03
5.827e-01 1.896e-03 4.142e-03 4.242e-03
5.867e-01 1.879e-03 4.106e-03 4.204e-03
5.907e-01 1.862e-03 4.069e-03 4.167e-03
5.947e-01 1.846e-03 4.033e-03 4.130e-03
5.988e-01 1.829e-03 3.998e-03 4.093e-03
6.029e-01 1.813e-03 3.962e-03 4.057e-03
6.070e-01 1.797e-03 3.927e-03 4.021e-03
6.112e-01 1.781e-03 3.892e-03 3.985e-03
6.153e-01 1.765e-03 3.858e-03 3.949e-03
6.195e-01 1.749e-03 3.823e-03 3.913e-03
6.238e-01 1.733e-03 3.789e-03 3.878e-03
6.280e-01 1.718e-03 3.755e-03 3.843e-03
6.323e-01 1.702e-03 3.721e-03 3.808e-03
6.366e-01 1.687e-03 3.688e-03 3.774e-03
6.410e-01 1.671e-03 3.655e-03 3.739e-03
6.454e-01 1.656e-03 3.622e-03 3.705e-03
6.498e-01 1.641e-03 3.589e-03 3.672e-03
6.542e-01 1.626e-03 3.557e-03 3.638e-03
6.587e-01 1.612e-03 3.524e-03 3.605e-03
6.632e-01 1.597e-03 3.492e-03 3.572e-03
6.677e-01 1.582e-03 3.461e-03 3.539e-03
6.723e-01 1.568e-03 3.429e-03 3.507e-03
6.769e-01 1.554e-03 3.398e-03 3.474e-03
6.815e-01 1.540e-03 3.367e-03 3.442e-03
6.862e-01 1.525e-03 3.336e-03 3.411e-03
6.908e-01 1.512e-03 3.305e-03 3.379e-03
6.956e-01 1.498e-03 3.275e-03 3.348e-03
7.003e-01 1.484e-03 3.244e-03 3.316e-03
7.051e-01 1.470e-03 3.215e-03 3.286e-03
7.099e-01 1.457e-03 3.185e-03 3.255e-03
7.148e-01 1.444e-03 3.155e-03 3.225e-03
7.197e-01 1.431e-03 3.126e-03 3.194e-03
7.246e-01 1.418e-03 3.097e-03 3.164e-03
7.295e-01 1.405e-03 3.068e-03 3.135e-03
7.345e-01 1.392e-03 3.040e-03 3.105e-03
7.395e-01 1.380e-03 3.011e-03 3.076e-03
7.446e-01 1.367e-03 2.983e-03 3.047e-03
7.497e-01 1.355e-03 2.955e-03 3.018e-03
7.548e-01 1.343e-03 2.928e-03 2.989e-03
7.599e-01 1.330e-03 2.900e-03 2.961e-03
7.651e-01 1.318e-03 2.873e-03 2.933e-03
7.704e-01 1.306e-03 2.846e-03 2.905e-03
7.756e-01 1.294e-03 2.819e-03 2.878e-03
7.809e-01 1.282e-03 2.793e-03 2.850e-03
7.863e-01 1.270e-03 2.766e-03 2.823e-03
7.916e-01 1.259e-03 2.740e-03 2.796e-03
7.970e-01 1.247e-03 2.714e-03 2.769e-03
8.025e-01 1.235e-03 2.689e-03 2.743e-03
8.080e-01 1.223e-03 2.663e-03 2.716e-03
8.135e-01 1.212e-03 2.638e-03 2.690e-03
8.190e-01 1.200e-03 2.613e-03 2.664e-03
8.246e-01 1.189e-03 2.588e-03 2.639e-03
8.303e-01 1.178e-03 2.563e-03 2.613e-03
8.359e-01 1.166e-03 2.539e-03 2.588e-03
8.417e-01 1.155e-03 2.514e-03 2.562e-03
8.474e-01 1.144e-03 2.490e-03 2.537e-03
8.532e-01 1.133e-03 2.466e-03 2.513e-03
8.590e-01 1.122e-03 2.442e-03 2.488e-03
8.649e-01 1.111e-03 2.419e-03 2.463e-03
8.708e-01 1.100e-03 2.395e-03 2.439e-03
8.768e-01 1.089e-03 2.372e-03 2.415e-03
8.827e-01 1.079e-03 2.349e-03 2.391e-03
8.888e-01 1.068e-03 2.325e-03 2.368e-03
8.949e-01 1.057e-03 2.302e-03 2.344e-03
9.010e-01 1.047e-03 2.279e-03 2.321e-03
9.071e-01 1.037e-03 2.257e-03 2.298e-03
9.133e-01 1.026e-03 2.234e-03 2.275e-03
9.196e-01 1.016e-03 2.212e-03 2.252e-03
9.258e-01 1.006e-03 2.190e-03 2.230e-03
9.322e-01 9.960e-04 2.168e-03 2.207e-03
9.385e-01 9.862e-04 2.146e-03 2.185e-03
9.450e-01 9.765e-04 2.125e-03 2.163e-03
9.514e-01 9.668e-04 2.103e-03 2.141e-03
9.579e-01 9.572e-04 2.082e-03 2.120e-03
9.645e-01 9.477e-04 2.061e-03 2.098e-03
9.710e-01 9.383e-04 2.040e-03 2.077e-03
9.777e-01 9.290e-04 2.019e-03 2.056e-03
9.844e-01 9.197e-04 1.998e-03 2.035e-03
9.911e-01 9.104e-04 1.978e-03 2.014e-03
9.979e-01 9.012e-04 1.957e-03 1.993e-03
1.005e+00 8.920e-04 1.937e-03 1.973e-03
1.012e+00 8.830e-04 1.917e-03 1.953e-03
1.018e+00 8.740e-04 1.898e-03 1.932e-03
1.025e+00 8.650e-04 1.878e-03 1.912e-03
1.032e+00 8.562e-04 1.859e-03 1.893e-03
1.039e+00 8.474e-04 1.840e-03 1.873e-03
1.047e+00 8.386e-04 1.821e-03 1.853e-03
1.054e+00 8.300e-04 1.803e-03 1.834e-03
1.061e+00 8.214e-04 1.784e-03 1.815e-03
1.068e+00 8.129e-04 1.766e-03 1.796e-03
1.075e+00 8.044e-04 1.748e-03 1.777e-03
1.083e+00 7.960e-04 1.730e-03 1.758e-03
1.090e+00 7.877e-04 1.712e-03 1.739e-03
1.098e+00 7.795e-04 1.694e-03 1.721e-03
1.105e+00 7.712e-04 1.676e-03 1.702e-03
1.113e+00 7.631e-04 1.659e-03 1.684e-03
1.120e+00 7.550e-04 1.641e-03 1.666e-03
1.128e+00 7.470e-04 1.624e-03 1.648e-03
1.136e+00 7.390e-04 1.607e-03 1.630e-03
1.143e+00 7.311e-04 1.590e-03 1.613e-03
1.151e+00 7.233e-04 1.573e-03 1.595e-03
1.159e+00 7.155e-04 1.556e-03 1.578e-03
1.167e+00 7.078e-04 1.540e-03 1.561e-03
1.175e+00 7.002e-04 1.523e-03 1.544e-03
1.183e+00 6.926e-04 1.506e-03 1.527e-03
1.191e+00 6.851e-04 1.490e-03 1.510e-03
1.199e+00 6.776e-04 1.474e-03 1.493e-03
1.207e+00 6.702e-04 1.457e-03 1.477e-03
1.216e+00 6.629e-04 1.441e-03 1.460e-03
1.224e+00 6.557e-04 1.426e-03 1.444e-03
1.232e+00 6.485e-04 1.410e-03 1.428e-03
1.241e+00 6.414e-04 1.394e-03 1.412e-03
1.249e+00 6.344e-04 1.378e-03 1.396e-03
1.258e+00 6.274e-04 1.363e-03 1.381e-03
1.266e+00 6.205e-04 1.348e-03 1.365e-03
1.275e+00 6.138e-04 1.333e-03 1.350e-03
1.284e+00 6.071e-04 1.318e-03 1.334e-03
1.293e+00 6.004e-04 1.303e-03 1.319e-03
1.301e+00 5.938e-04 1.288e-03 1.304e-03
1.310e+00 5.872e-04 1.274e-03 1.289e-03
1.319e+00 5.807e-04 1.259e-03 1.274e-03
1.328e+00 5.743e-04 1.245e-03 1.260e-03
1.337e+00 5.679e-04 1.231e-03 1.245e-03
1.346e+00 5.616e-04 1.217e-03 1.231e-03
1.356e+00 5.553e-04 1.203e-03 1.217e-03
1.365e+00 5.490e-04 1.189e-03 1.203e-03
1.374e+00 5.428e-04 1.175e-03 1.189e-03
1.384e+00 5.367e-04 1.161e-03 1.176e-03
1.393e+00 5.306e-04 1.148e-03 1.162e-03
1.403e+00 5.245e-04 1.134e-03 1.149e-03
1.412e+00 5.186e-04 1.121e-03 1.135e-03
1.422e+00 5.127e-04 1.108e-03 1.122e-03
1.432e+00 5.069e-04 1.095e-03 1.109e-03
1.441e+00 5.011e-04 1.082e-03 1.096e-03
1.451e+00 4.954e-04 1.069e-03 1.083e-03
1.461e+00 4.897e-04 1.056e-03 1.071e-03
1.471e+00 4.841e-04 1.043e-03 1.058e-03
1.481e+00 4.785e-04 1.031e-03 1.045e-03
1.491e+00 4.730e-04 1.018e-03 1.033e-03
1.501e+00 4.675e-04 1.006e-03 1.021e-03
1.512e+00 4.621e-04 9.946e-04 1.008e-03
1.522e+00 4.568e-04 9.829e-04 9.963e-04
1.532e+00 4.515e-04 9.712e-04 9.843e-04
1.543e+00 4.463e-04 9.597e-04 9.723e-04
1.553e+00 4.411e-04 9.482e-04 9.605e-04
1.564e+00 4.360e-04 9.369e-04 9.487e-04
1.575e+00 4.309e-04 9.257e-04 9.371e-04
1.585e+00 4.258e-04 9.147e-04 9.255e-04
1.596e+00 4.208e-04 9.037e-04 9.141e-04
1.607e+00 4.158e-04 8.929e-04 9.028e-04
1.618e+00 4.109e-04 8.821e-04 8.916e-04
1.629e+00 4.060e-04 8.714e-04 8.805e-04
1.640e+00 4.012e-04 8.608e-04 8.695e-04
1.652e+00 3.964e-04 8.503e-04 8.586e-04
1.663e+00 3.916e-04 8.399e-04 8.480e-04
1.674e+00 3.869e-04 8.296e-04 8.374e-04
1.686e+00 3.822e-04 8.194e-04 8.270e-04
1.697e+00 3.775e-04 8.093e-04 8.167e-04
1.709e+00 3.729e-04 7.993e-04 8.064e-04
1.720e+00 3.683e-04 7.893e-04 7.963e-04
1.732e+00 3.638e-04 7.794e-04 7.862e-04
1.744e+00 3.593e-04 7.697e-04 7.763e-04
1.756e+00 3.548e-04 7.600e-04 7.664e-04
1.768e+00 3.504e-04 7.504e-04 7.566e-04
1.780e+00 3.460e-04 7.409e-04 7.469e-04
1.792e+00 3.416e-04 7.314e-04 7.373e-04
1.804e+00 3.372e-04 7.220e-04 7.278e-04
1.817e+00 3.329e-04 7.125e-04 7.186e-04
1.829e+00 3.286e-04 7.032e-04 7.095e-04
1.842e+00 3.244e-04 6.940e-04 7.004e-04
1.854e+00 3.202e-04 6.849e-04 6.915e-04
1.867e+00 3.160e-04 6.759e-04 6.826e-04
1.880e+00 3.119e-04 6.671e-04 6.738e-04
1.893e+00 3.078e-04 6.584e-04 6.651e-04
1.905e+00 3.038e-04 6.498e-04 6.565e-04
1.918e+00 2.998e-04 6.412e-04 6.479e-04
1.932e+00 2.959e-04 6.327e-04 6.395e-04
1.945e+00 2.921e-04 6.244e-04 6.311e-04
1.958e+00 2.883e-04 6.162e-04 6.227e-04
1.971e+00 2.845e-04 6.081e-04 6.143e-04
1.985e+00 2.808e-04 6.000e-04 6.060e-04
1.998e+00 2.771e-04 5.920e-04 5.978e-04
2.012e+00 2.735e-04 5.840e-04 5.897e-04
2.026e+00 2.699e-04 5.761e-04 5.816e-04
2.040e+00 2.663e-04 5.683e-04 5.737e-04
2.054e+00 2.627e-04 5.605e-04 5.658e-04
2.068e+00 2.592e-04 5.529e-04 5.579e-04
2.082e+00 2.557e-04 5.453e-04 5.502e-04
2.096e+00 2.523e-04 5.378e-04 5.425e-04
2.110e+00 2.488e-04 5.303e-04 5.350e-04
2.125e+00 2.453e-04 5.230e-04 5.277e-04
2.139e+00 2.419e-04 5.158e-04 5.204e-04
2.154e+00 2.385e-04 5.087e-04 5.131e-04
2.169e+00 2.351e-04 5.017e-04 5.060e-04
2.183e+00 2.318e-04 4.948e-04 4.989e-04
2.198e+00 2.284e-04 4.879e-04 4.919e-04
2.213e+00 2.252e-04 4.811e-04 4.850e-04
2.229e+00 2.220e-04 4.744e-04 4.781e-04
2.244e+00 2.189e-04 4.678e-04 4.713e-04
2.259e+00 2.160e-04 4.612e-04 4.646e-04
2.275e+00 2.131e-04 4.547e-04 4.580e-04
2.290e+00 2.102e-04 4.482e-04 4.515e-04
2.306e+00 2.073e-04 4.418e-04 4.450e-04
2.321e+00 2.044e-04 4.355e-04 4.386e-04
2.337e+00 2.016e-04 4.292e-04 4.322e-04
2.353e+00 1.988e-04 4.229e-04 4.260e-04
2.369e+00 1.960e-04 4.167e-04 4.198e-04
2.386e+00 1.932e-04 4.106e-04 4.136e-04
2.402e+00 1.904e-04 4.046e-04 4.076e-04
2.418e+00 1.876e-04 3.986e-04 4.018e-04
2.435e+00 1.849e-04 3.927e-04 3.960e-04
2.451e+00 1.822e-04 3.869e-04 3.904e-04
2.468e+00 1.795e-04 3.811e-04 3.848e-04
2.485e+00 1.770e-04 3.754e-04 3.792e-04
2.502e+00 1.745e-04 3.698e-04 3.737e-04
2.519e+00 1.720e-04 3.644e-04 3.683e-04
2.536e+00 1.695e-04 3.589e-04 3.629e-04
2.554e+00 1.670e-04 3.536e-04 3.576e-04
2.571e+00 1.646e-04 3.484e-04 3.522e-04
2.589e+00 1.622e-04 3.433e-04 3.468e-04
2.606e+00 1.598e-04 3.382e-04 3.416e-04
2.624e+00 1.574e-04 3.332e-04 3.363e-04
2.642e+00 1.551e-04 3.282e-04 3.312e-04
2.660e+00 1.528e-04 3.232e-04 3.261e-04
2.678e+00 1.505e-04 3.182e-04 3.210e-04
2.697e+00 1.483e-04 3.133e-04 3.160e-04
2.715e+00 1.460e-04 3.085e-04 3.112e-04
2.734e+00 1.438e-04 3.037e-04 3.064e-04
2.752e+00 1.416e-04 2.990e-04 3.017e-04
2.771e+00 1.394e-04 2.944e-04 2.970e-04
2.790e+00 1.372e-04 2.898e-04 2.924e-04
2.809e+00 1.350e-04 2.853e-04 2.878e-04
2.828e+00 1.328e-04 2.809e-04 2.833e-04
2.848e+00 1.307e-04 2.765e-04 2.788e-04
2.867e+00 1.286e-04 2.721e-04 2.745e-04
2.887e+00 1.266e-04 2.678e-04 2.702e-04
2.906e+00 1.245e-04 2.636e-04 2.660e-04
2.926e+00 1.226e-04 2.594e-04 2.618e-04
2.946e+00 1.206e-04 2.553e-04 2.577e-04
2.966e+00 1.187e-04 2.512e-04 2.536e-04
2.987e+00 1.168e-04 2.472e-04 2.496e-04
3.007e+00 1.149e-04 2.432e-04 2.456e-04
3.028e+00 1.130e-04 2.393e-04 2.416e-04
3.048e+00 1.112e-04 2.355e-04 2.377e-04
3.069e+00 1.095e-04 2.317e-04 2.338e-04
3.090e+00 1.077e-04 2.279e-04 2.300e-04
3.111e+00 1.060e-04 2.242e-04 2.262e-04
3.132e+00 1.042e-04 2.206e-04 2.224e-04
3.154e+00 1.026e-04 2.171e-04 2.187e-04
3.175e+00 1.009e-04 2.135e-04 2.152e-04
3.197e+00 9.925e-05 2.101e-04 2.117e-04
3.219e+00 9.765e-05 2.066e-04 2.083e-04
3.241e+00 9.606e-05 2.032e-04 2.049e-04
3.263e+00 9.450e-05 1.999e-04 2.016e-04
3.285e+00 9.295e-05 1.965e-04 1.983e-04
3.308e+00 9.143e-05 1.932e-04 1.951e-04
3.330e+00 8.994e-05 1.900e-04 1.918e-04
3.353e+00 8.846e-05 1.868e-04 1.885e-04
3.376e+00 8.700e-05 1.835e-04 1.853e-04
3.399e+00 8.555e-05 1.804e-04 1.821e-04
3.422e+00 8.413e-05 1.773e-04 1.790e-04
3.446e+00 8.270e-05 1.743e-04 1.759e-04
3.469e+00 8.125e-05 1.712e-04 1.728e-04
3.493e+00 7.983e-05 1.683e-04 1.698e-04
3.517e+00 7.843e-05 1.654e-04 1.668e-04
3.541e+00 7.704e-05 1.626e-04 1.639e-04
3.565e+00 7.568e-05 1.597e-04 1.610e-04
3.589e+00 7.435e-05 1.569e-04 1.581e-04
3.614e+00 7.307e-05 1.542e-04 1.552e-04
3.639e+00 7.180e-05 1.514e-04 1.523e-04
3.663e+00 7.056e-05 1.487e-04 1.494e-04
3.688e+00 6.933e-05 1.461e-04 1.465e-04
3.714e+00 6.812e-05 1.436e-04 1.437e-04
3.739e+00 6.693e-05 1.410e-04 1.409e-04
3.765e+00 6.577e-05 1.385e-04 1.382e-04
3.790e+00 6.460e-05 1.360e-04 1.356e-04
3.816e+00 6.345e-05 1.335e-04 1.331e-04
3.842e+00 6.231e-05 1.310e-04 1.306e-04
3.869e+00 6.118e-05 1.286e-04 1.282e-04
3.895e+00 6.003e-05 1.261e-04 1.258e-04
3.922e+00 5.894e-05 1.238e-04 1.234e-04
3.948e+00 5.787e-05 1.214e-04 1.211e-04
3.975e+00 5.681e-05 1.191e-04 1.188e-04
4.003e+00 5.577e-05 1.169e-04 1.165e-04
4.030e+00 5.475e-05 1.146e-04 1.143e-04
4.057e+00 5.376e-05 1.124e-04 1.121e-04
4.085e+00 5.277e-05 1.102e-04 1.100e-04
4.113e+00 5.179e-05 1.081e-04 1.078e-04
4.141e+00 5.083e-05 1.060e-04 1.057e-04
4.169e+00 4.984e-05 1.040e-04 1.037e-04
4.198e+00 4.885e-05 1.020e-04 1.016e-04
4.227e+00 4.786e-05 1.000e-04 9.966e-05
4.255e+00 4.688e-05 9.805e-05 9.774e-05
4.285e+00 4.593e-05 9.611e-05 9.585e-05
4.314e+00 4.504e-05 9.419e-05 9.399e-05
4.343e+00 4.418e-05 9.229e-05 9.216e-05
4.373e+00 4.332e-05 9.043e-05 9.033e-05
4.403e+00 4.249e-05 8.862e-05 8.849e-05
4.433e+00 4.165e-05 8.683e-05 8.667e-05
4.463e+00 4.083e-05 8.508e-05 8.488e-05
4.494e+00 4.004e-05 8.337e-05 8.312e-05
4.524e+00 3.926e-05 8.168e-05 8.141e-05
4.555e+00 3.850e-05 8.004e-05 7.976e-05
4.586e+00 3.774e-05 7.842e-05 7.814e-05
4.618e+00 3.701e-05 7.682e-05 7.655e-05
4.649e+00 3.628e-05 7.524e-05 7.498e-05
4.681e+00 3.557e-05 7.368e-05 7.344e-05
4.713e+00 3.486e-05 7.213e-05 7.193e-05
4.745e+00 3.416e-05 7.061e-05 7.044e-05
4.778e+00 3.345e-05 6.912e-05 6.897e-05
4.810e+00 3.275e-05 6.767e-05 6.752e-05
4.843e+00 3.207e-05 6.625e-05 6.607e-05
4.876e+00 3.142e-05 6.487e-05 6.464e-05
4.910e+00 3.077e-05 6.351e-05 6.323e-05
4.943e+00 3.012e-05 6.219e-05 6.185e-05
4.977e+00 2.949e-05 6.089e-05 6.049e-05
5.011e+00 2.886e-05 5.961e-05 5.915e-05
5.045e+00 2.825e-05 5.834e-05 5.783e-05
5.080e+00 2.766e-05 5.708e-05 5.654e-05
5.114e+00 2.708e-05 5.583e-05 5.526e-05
5.149e+00 2.651e-05 5.459e-05 5.404e-05
5.185e+00 2.596e-05 5.338e-05 5.284e-05
5.220e+00 2.542e-05 5.219e-05 5.166e-05
5.256e+00 2.490e-05 5.103e-05 5.050e-05
5.292e+00 2.436e-05 4.989e-05 4.937e-05
5.328e+00 2.382e-05 4.878e-05 4.827e-05
5.364e+00 2.327e-05 4.767e-05 4.719e-05
5.401e+00 2.274e-05 4.658e-05 4.612e-05
5.438e+00 2.221e-05 4.550e-05 4.506e-05
5.475e+00 2.170e-05 4.443e-05 4.401e-05
5.512e+00 2.120e-05 4.340e-05 4.297e-05
5.550e+00 2.072e-05 4.239e-05 4.195e-05
5.588e+00 2.026e-05 4.140e-05 4.095e-05
5.626e+00 1.982e-05 4.044e-05 3.997e-05
5.664e+00 1.937e-05 3.947e-05 3.901e-05
5.703e+00 1.894e-05 3.853e-05 3.806e-05
5.742e+00 1.851e-05 3.758e-05 3.715e-05
5.781e+00 1.808e-05 3.667e-05 3.626e-05
5.821e+00 1.766e-05 3.580e-05 3.539e-05
5.861e+00 1.724e-05 3.495e-05 3.454e-05
5.901e+00 1.683e-05 3.411e-05 3.369e-05
5.941e+00 1.642e-05 3.328e-05 3.286e-05
5.982e+00 1.603e-05 3.247e-05 3.204e-05
6.022e+00 1.565e-05 3.167e-05 3.123e-05
6.064e+00 1.526e-05 3.089e-05 3.046e-05
6.105e+00 1.488e-05 3.012e-05 2.971e-05
6.147e+00 1.452e-05 2.936e-05 2.897e-05
6.189e+00 1.417e-05 2.861e-05 2.824e-05
6.231e+00 1.382e-05 2.789e-05 2.752e-05
6.274e+00 1.346e-05 2.718e-05 2.680e-05
6.316e+00 1.312e-05 2.647e-05 2.611e-05
6.360e+00 1.278e-05 2.578e-05 2.541e-05
6.403e+00 1.247e-05 2.511e-05 2.472e-05
6.447e+00 1.216e-05 2.445e-05 2.405e-05
6.491e+00 1.186e-05 2.382e-05 2.341e-05
6.535e+00 1.156e-05 2.319e-05 2.281e-05
6.580e+00 1.127e-05 2.257e-05 2.221e-05
6.625e+00 1.098e-05 2.197e-05 2.162e-05
6.670e+00 1.069e-05 2.138e-05 2.103e-05
6.716e+00 1.040e-05 2.081e-05 2.045e-05
6.761e+00 1.012e-05 2.025e-05 1.988e-05
6.808e+00 9.850e-06 1.970e-05 1.932e-05
6.854e+00 9.579e-06 1.915e-05 1.877e-05
6.901e+00 9.307e-06 1.861e-05 1.824e-05
6.948e+00 9.041e-06 1.808e-05 1.772e-05
6.996e+00 8.786e-06 1.756e-05 1.722e-05
7.043e+00 8.539e-06 1.706e-05 1.672e-05
7.092e+00 8.302e-06 1.657e-05 1.624e-05
7.140e+00 8.073e-06 1.608e-05 1.577e-05
7.189e+00 7.848e-06 1.561e-05 1.530e-05
7.238e+00 7.622e-06 1.514e-05 1.484e-05
7.287e+00 7.404e-06 1.470e-05 1.439e-05
7.337e+00 7.193e-06 1.427e-05 1.395e-05
7.387e+00 6.986e-06 1.385e-05 1.352e-05
7.438e+00 6.781e-06 1.342e-05 1.311e-05
7.489e+00 6.581e-06 1.302e-05 1.272e-05
7.540e+00 6.388e-06 1.263e-05 1.232e-05
7.591e+00 6.197e-06 1.225e-05 1.193e-05
7.643e+00 6.009e-06 1.187e-05 1.154e-05
7.695e+00 5.824e-06 1.149e-05 1.117e-05
7.748e+00 5.645e-06 1.112e-05 1.081e-05
7.801e+00 5.471e-06 1.077e-05 1.046e-05
7.854e+00 5.297e-06 1.042e-05 1.011e-05
7.908e+00 5.131e-06 1.007e-05 9.767e-06
7.962e+00 4.980e-06 9.735e-06 9.431e-06
8.016e+00 4.833e-06 9.407e-06 9.111e-06
8.071e+00 4.675e-06 9.089e-06 8.800e-06
8.126e+00 4.523e-06 8.776e-06 8.496e-06
8.182e+00 4.378e-06 8.473e-06 8.202e-06
8.238e+00 4.238e-06 8.180e-06 7.916e-06
8.294e+00 4.099e-06 nan nan
8.351e+00 nan nan nan
8.408e+00 nan nan nan
8.465e+00 nan nan nan
8.523e+00 nan nan nan
8.581e+00 nan nan nan
8.640e+00 nan nan nan
8.699e+00 nan nan nan
8.758e+00 nan nan nan
8.818e+00 nan nan nan
8.878e+00 nan nan nan
8.939e+00 nan nan nan
9.000e+00 nan nan nan
