# e- + H+ + LiH -> H + LiH+ + e-
# Number of initial vibrational states: 6/30
# Dissociative states of D^+:         Max energy = 1,         Box length = 16 Angstrom
# E_in [eV] | xs [Mb]
1.000e-02 3.723e+01 3.064e+01 2.906e+01 3.053e+01 2.883e+01 2.348e+01
1.007e-02 3.698e+01 3.043e+01 2.886e+01 3.033e+01 2.863e+01 2.332e+01
1.014e-02 3.673e+01 3.022e+01 2.866e+01 3.012e+01 2.844e+01 2.316e+01
1.021e-02 3.648e+01 3.001e+01 2.847e+01 2.991e+01 2.824e+01 2.300e+01
1.028e-02 3.623e+01 2.981e+01 2.827e+01 2.971e+01 2.805e+01 2.284e+01
1.035e-02 3.598e+01 2.961e+01 2.808e+01 2.951e+01 2.786e+01 2.269e+01
1.042e-02 3.574e+01 2.940e+01 2.789e+01 2.931e+01 2.767e+01 2.253e+01
1.049e-02 3.549e+01 2.920e+01 2.770e+01 2.911e+01 2.748e+01 2.238e+01
1.056e-02 3.525e+01 2.901e+01 2.751e+01 2.891e+01 2.729e+01 2.222e+01
1.063e-02 3.501e+01 2.881e+01 2.732e+01 2.871e+01 2.711e+01 2.207e+01
1.070e-02 3.477e+01 2.861e+01 2.713e+01 2.851e+01 2.692e+01 2.192e+01
1.078e-02 3.453e+01 2.842e+01 2.695e+01 2.832e+01 2.674e+01 2.177e+01
1.085e-02 3.430e+01 2.822e+01 2.677e+01 2.813e+01 2.656e+01 2.162e+01
1.093e-02 3.407e+01 2.803e+01 2.658e+01 2.793e+01 2.638e+01 2.148e+01
1.100e-02 3.383e+01 2.784e+01 2.640e+01 2.774e+01 2.620e+01 2.133e+01
1.108e-02 3.360e+01 2.765e+01 2.622e+01 2.755e+01 2.602e+01 2.119e+01
1.115e-02 3.337e+01 2.746e+01 2.604e+01 2.737e+01 2.584e+01 2.104e+01
1.123e-02 3.315e+01 2.727e+01 2.586e+01 2.718e+01 2.566e+01 2.090e+01
1.130e-02 3.292e+01 2.709e+01 2.569e+01 2.699e+01 2.549e+01 2.075e+01
1.138e-02 3.269e+01 2.690e+01 2.551e+01 2.681e+01 2.532e+01 2.061e+01
1.146e-02 3.247e+01 2.672e+01 2.534e+01 2.663e+01 2.514e+01 2.047e+01
1.154e-02 3.225e+01 2.654e+01 2.517e+01 2.645e+01 2.497e+01 2.033e+01
1.162e-02 3.203e+01 2.635e+01 2.499e+01 2.627e+01 2.480e+01 2.019e+01
1.170e-02 3.181e+01 2.617e+01 2.482e+01 2.609e+01 2.463e+01 2.006e+01
1.178e-02 3.159e+01 2.600e+01 2.465e+01 2.591e+01 2.446e+01 1.992e+01
1.186e-02 3.138e+01 2.582e+01 2.449e+01 2.573e+01 2.430e+01 1.978e+01
1.194e-02 3.116e+01 2.564e+01 2.432e+01 2.556e+01 2.413e+01 1.965e+01
1.202e-02 3.095e+01 2.547e+01 2.415e+01 2.538e+01 2.397e+01 1.951e+01
1.210e-02 3.074e+01 2.529e+01 2.399e+01 2.521e+01 2.380e+01 1.938e+01
1.218e-02 3.053e+01 2.512e+01 2.382e+01 2.504e+01 2.364e+01 1.925e+01
1.227e-02 3.032e+01 2.495e+01 2.366e+01 2.487e+01 2.348e+01 1.912e+01
1.235e-02 3.012e+01 2.478e+01 2.350e+01 2.470e+01 2.332e+01 1.899e+01
1.243e-02 2.991e+01 2.461e+01 2.334e+01 2.453e+01 2.316e+01 1.886e+01
1.252e-02 2.971e+01 2.444e+01 2.318e+01 2.436e+01 2.300e+01 1.873e+01
1.261e-02 2.950e+01 2.428e+01 2.302e+01 2.419e+01 2.284e+01 1.860e+01
1.269e-02 2.930e+01 2.411e+01 2.287e+01 2.403e+01 2.269e+01 1.847e+01
1.278e-02 2.910e+01 2.395e+01 2.271e+01 2.386e+01 2.253e+01 1.835e+01
1.287e-02 2.890e+01 2.378e+01 2.255e+01 2.370e+01 2.238e+01 1.822e+01
1.295e-02 2.871e+01 2.362e+01 2.240e+01 2.354e+01 2.223e+01 1.810e+01
1.304e-02 2.851e+01 2.346e+01 2.225e+01 2.338e+01 2.207e+01 1.797e+01
1.313e-02 2.831e+01 2.330e+01 2.210e+01 2.322e+01 2.192e+01 1.785e+01
1.322e-02 2.812e+01 2.314e+01 2.194e+01 2.306e+01 2.177e+01 1.773e+01
1.331e-02 2.793e+01 2.298e+01 2.179e+01 2.290e+01 2.163e+01 1.761e+01
1.340e-02 2.774e+01 2.282e+01 2.165e+01 2.275e+01 2.148e+01 1.749e+01
1.349e-02 2.755e+01 2.267e+01 2.150e+01 2.259e+01 2.133e+01 1.737e+01
1.359e-02 2.736e+01 2.251e+01 2.135e+01 2.244e+01 2.119e+01 1.725e+01
1.368e-02 2.717e+01 2.236e+01 2.121e+01 2.228e+01 2.104e+01 1.713e+01
1.377e-02 2.699e+01 2.221e+01 2.106e+01 2.213e+01 2.090e+01 1.702e+01
1.387e-02 2.680e+01 2.205e+01 2.092e+01 2.198e+01 2.075e+01 1.690e+01
1.396e-02 2.662e+01 2.190e+01 2.077e+01 2.183e+01 2.061e+01 1.678e+01
1.406e-02 2.644e+01 2.175e+01 2.063e+01 2.168e+01 2.047e+01 1.667e+01
1.415e-02 2.626e+01 2.161e+01 2.049e+01 2.153e+01 2.033e+01 1.656e+01
1.425e-02 2.608e+01 2.146e+01 2.035e+01 2.139e+01 2.019e+01 1.644e+01
1.435e-02 2.590e+01 2.131e+01 2.021e+01 2.124e+01 2.006e+01 1.633e+01
1.444e-02 2.572e+01 2.117e+01 2.007e+01 2.109e+01 1.992e+01 1.622e+01
1.454e-02 2.555e+01 2.102e+01 1.994e+01 2.095e+01 1.978e+01 1.611e+01
1.464e-02 2.537e+01 2.088e+01 1.980e+01 2.081e+01 1.965e+01 1.600e+01
1.474e-02 2.520e+01 2.074e+01 1.966e+01 2.067e+01 1.951e+01 1.589e+01
1.484e-02 2.503e+01 2.059e+01 1.953e+01 2.052e+01 1.938e+01 1.578e+01
1.494e-02 2.486e+01 2.045e+01 1.940e+01 2.038e+01 1.925e+01 1.567e+01
1.505e-02 2.469e+01 2.031e+01 1.926e+01 2.024e+01 1.912e+01 1.556e+01
1.515e-02 2.452e+01 2.017e+01 1.913e+01 2.011e+01 1.898e+01 1.546e+01
1.525e-02 2.435e+01 2.004e+01 1.900e+01 1.997e+01 1.885e+01 1.535e+01
1.536e-02 2.418e+01 1.990e+01 1.887e+01 1.983e+01 1.873e+01 1.525e+01
1.546e-02 2.402e+01 1.976e+01 1.874e+01 1.970e+01 1.860e+01 1.514e+01
1.557e-02 2.386e+01 1.963e+01 1.862e+01 1.956e+01 1.847e+01 1.504e+01
1.567e-02 2.369e+01 1.949e+01 1.849e+01 1.943e+01 1.834e+01 1.494e+01
1.578e-02 2.353e+01 1.936e+01 1.836e+01 1.930e+01 1.822e+01 1.483e+01
1.589e-02 2.337e+01 1.923e+01 1.824e+01 1.916e+01 1.809e+01 1.473e+01
1.600e-02 2.321e+01 1.910e+01 1.811e+01 1.903e+01 1.797e+01 1.463e+01
1.611e-02 2.305e+01 1.897e+01 1.799e+01 1.890e+01 1.785e+01 1.453e+01
1.622e-02 2.289e+01 1.884e+01 1.786e+01 1.877e+01 1.773e+01 1.443e+01
1.633e-02 2.274e+01 1.871e+01 1.774e+01 1.864e+01 1.760e+01 1.433e+01
1.644e-02 2.258e+01 1.858e+01 1.762e+01 1.852e+01 1.748e+01 1.424e+01
1.655e-02 2.243e+01 1.845e+01 1.750e+01 1.839e+01 1.736e+01 1.414e+01
1.666e-02 2.227e+01 1.833e+01 1.738e+01 1.826e+01 1.725e+01 1.404e+01
1.678e-02 2.212e+01 1.820e+01 1.726e+01 1.814e+01 1.713e+01 1.395e+01
1.689e-02 2.197e+01 1.808e+01 1.714e+01 1.802e+01 1.701e+01 1.385e+01
1.701e-02 2.182e+01 1.795e+01 1.703e+01 1.789e+01 1.689e+01 1.376e+01
1.712e-02 2.167e+01 1.783e+01 1.691e+01 1.777e+01 1.678e+01 1.366e+01
1.724e-02 2.152e+01 1.771e+01 1.679e+01 1.765e+01 1.666e+01 1.357e+01
1.736e-02 2.137e+01 1.759e+01 1.668e+01 1.753e+01 1.655e+01 1.348e+01
1.748e-02 2.123e+01 1.747e+01 1.657e+01 1.741e+01 1.644e+01 1.338e+01
1.760e-02 2.108e+01 1.735e+01 1.645e+01 1.729e+01 1.632e+01 1.329e+01
1.772e-02 2.094e+01 1.723e+01 1.634e+01 1.717e+01 1.621e+01 1.320e+01
1.784e-02 2.080e+01 1.711e+01 1.623e+01 1.705e+01 1.610e+01 1.311e+01
1.796e-02 2.065e+01 1.699e+01 1.612e+01 1.694e+01 1.599e+01 1.302e+01
1.808e-02 2.051e+01 1.688e+01 1.601e+01 1.682e+01 1.588e+01 1.293e+01
1.821e-02 2.037e+01 1.676e+01 1.590e+01 1.671e+01 1.577e+01 1.284e+01
1.833e-02 2.023e+01 1.665e+01 1.579e+01 1.659e+01 1.567e+01 1.276e+01
1.846e-02 2.009e+01 1.653e+01 1.568e+01 1.648e+01 1.556e+01 1.267e+01
1.858e-02 1.996e+01 1.642e+01 1.557e+01 1.636e+01 1.545e+01 1.258e+01
1.871e-02 1.982e+01 1.631e+01 1.547e+01 1.625e+01 1.535e+01 1.250e+01
1.884e-02 1.968e+01 1.620e+01 1.536e+01 1.614e+01 1.524e+01 1.241e+01
1.897e-02 1.955e+01 1.609e+01 1.525e+01 1.603e+01 1.514e+01 1.232e+01
1.910e-02 1.941e+01 1.597e+01 1.515e+01 1.592e+01 1.503e+01 1.224e+01
1.923e-02 1.928e+01 1.587e+01 1.505e+01 1.581e+01 1.493e+01 1.216e+01
1.936e-02 1.915e+01 1.576e+01 1.494e+01 1.570e+01 1.483e+01 1.207e+01
1.949e-02 1.902e+01 1.565e+01 1.484e+01 1.560e+01 1.473e+01 1.199e+01
1.962e-02 1.889e+01 1.554e+01 1.474e+01 1.549e+01 1.463e+01 1.191e+01
1.976e-02 1.876e+01 1.544e+01 1.464e+01 1.538e+01 1.453e+01 1.183e+01
1.989e-02 1.863e+01 1.533e+01 1.454e+01 1.528e+01 1.443e+01 1.175e+01
2.003e-02 1.850e+01 1.522e+01 1.444e+01 1.517e+01 1.433e+01 1.167e+01
2.016e-02 1.838e+01 1.512e+01 1.434e+01 1.507e+01 1.423e+01 1.159e+01
2.030e-02 1.825e+01 1.502e+01 1.424e+01 1.497e+01 1.413e+01 1.151e+01
2.044e-02 1.813e+01 1.491e+01 1.414e+01 1.486e+01 1.403e+01 1.143e+01
2.058e-02 1.800e+01 1.481e+01 1.405e+01 1.476e+01 1.394e+01 1.135e+01
2.072e-02 1.788e+01 1.471e+01 1.395e+01 1.466e+01 1.384e+01 1.127e+01
2.086e-02 1.776e+01 1.461e+01 1.386e+01 1.456e+01 1.375e+01 1.119e+01
2.101e-02 1.763e+01 1.451e+01 1.376e+01 1.446e+01 1.365e+01 1.112e+01
2.115e-02 1.751e+01 1.441e+01 1.367e+01 1.436e+01 1.356e+01 1.104e+01
2.129e-02 1.739e+01 1.431e+01 1.357e+01 1.426e+01 1.347e+01 1.097e+01
2.144e-02 1.727e+01 1.421e+01 1.348e+01 1.416e+01 1.337e+01 1.089e+01
2.159e-02 1.716e+01 1.412e+01 1.339e+01 1.407e+01 1.328e+01 1.082e+01
2.173e-02 1.704e+01 1.402e+01 1.330e+01 1.397e+01 1.319e+01 1.074e+01
2.188e-02 1.692e+01 1.392e+01 1.320e+01 1.388e+01 1.310e+01 1.067e+01
2.203e-02 1.680e+01 1.383e+01 1.311e+01 1.378e+01 1.301e+01 1.059e+01
2.218e-02 1.669e+01 1.373e+01 1.302e+01 1.369e+01 1.292e+01 1.052e+01
2.233e-02 1.657e+01 1.364e+01 1.293e+01 1.359e+01 1.283e+01 1.045e+01
2.249e-02 1.646e+01 1.354e+01 1.285e+01 1.350e+01 1.275e+01 1.038e+01
2.264e-02 1.635e+01 1.345e+01 1.276e+01 1.341e+01 1.266e+01 1.031e+01
2.279e-02 1.624e+01 1.336e+01 1.267e+01 1.331e+01 1.257e+01 1.024e+01
2.295e-02 1.612e+01 1.327e+01 1.258e+01 1.322e+01 1.249e+01 1.017e+01
2.311e-02 1.601e+01 1.318e+01 1.250e+01 1.313e+01 1.240e+01 1.010e+01
2.326e-02 1.590e+01 1.309e+01 1.241e+01 1.304e+01 1.231e+01 1.003e+01
2.342e-02 1.580e+01 1.300e+01 1.233e+01 1.295e+01 1.223e+01 9.958e+00
2.358e-02 1.569e+01 1.291e+01 1.224e+01 1.286e+01 1.215e+01 9.890e+00
2.374e-02 1.558e+01 1.282e+01 1.216e+01 1.278e+01 1.206e+01 9.822e+00
2.391e-02 1.547e+01 1.273e+01 1.207e+01 1.269e+01 1.198e+01 9.755e+00
2.407e-02 1.537e+01 1.264e+01 1.199e+01 1.260e+01 1.190e+01 9.688e+00
2.423e-02 1.526e+01 1.256e+01 1.191e+01 1.251e+01 1.182e+01 9.621e+00
2.440e-02 1.516e+01 1.247e+01 1.183e+01 1.243e+01 1.174e+01 9.555e+00
2.457e-02 1.505e+01 1.238e+01 1.175e+01 1.234e+01 1.165e+01 9.490e+00
2.473e-02 1.495e+01 1.230e+01 1.166e+01 1.226e+01 1.157e+01 9.425e+00
2.490e-02 1.485e+01 1.222e+01 1.158e+01 1.217e+01 1.150e+01 9.360e+00
2.507e-02 1.474e+01 1.213e+01 1.151e+01 1.209e+01 1.142e+01 9.296e+00
2.525e-02 1.464e+01 1.205e+01 1.143e+01 1.201e+01 1.134e+01 9.232e+00
2.542e-02 1.454e+01 1.197e+01 1.135e+01 1.193e+01 1.126e+01 9.168e+00
2.559e-02 1.444e+01 1.188e+01 1.127e+01 1.184e+01 1.118e+01 9.105e+00
2.577e-02 1.434e+01 1.180e+01 1.119e+01 1.176e+01 1.111e+01 9.043e+00
2.594e-02 1.424e+01 1.172e+01 1.112e+01 1.168e+01 1.103e+01 8.981e+00
2.612e-02 1.415e+01 1.164e+01 1.104e+01 1.160e+01 1.095e+01 8.919e+00
2.630e-02 1.405e+01 1.156e+01 1.096e+01 1.152e+01 1.088e+01 8.858e+00
2.648e-02 1.395e+01 1.148e+01 1.089e+01 1.144e+01 1.080e+01 8.797e+00
2.666e-02 1.386e+01 1.140e+01 1.081e+01 1.136e+01 1.073e+01 8.737e+00
2.684e-02 1.376e+01 1.132e+01 1.074e+01 1.129e+01 1.066e+01 8.676e+00
2.702e-02 1.367e+01 1.125e+01 1.067e+01 1.121e+01 1.058e+01 8.617e+00
2.721e-02 1.357e+01 1.117e+01 1.059e+01 1.113e+01 1.051e+01 8.558e+00
2.739e-02 1.348e+01 1.109e+01 1.052e+01 1.105e+01 1.044e+01 8.499e+00
2.758e-02 1.339e+01 1.102e+01 1.045e+01 1.098e+01 1.037e+01 8.440e+00
2.777e-02 1.330e+01 1.094e+01 1.037e+01 1.090e+01 1.029e+01 8.382e+00
2.796e-02 1.320e+01 1.086e+01 1.030e+01 1.083e+01 1.022e+01 8.325e+00
2.815e-02 1.311e+01 1.079e+01 1.023e+01 1.075e+01 1.015e+01 8.267e+00
2.834e-02 1.302e+01 1.072e+01 1.016e+01 1.068e+01 1.008e+01 8.211e+00
2.854e-02 1.293e+01 1.064e+01 1.009e+01 1.061e+01 1.001e+01 8.154e+00
2.873e-02 1.284e+01 1.057e+01 1.002e+01 1.053e+01 9.945e+00 8.098e+00
2.893e-02 1.276e+01 1.050e+01 9.954e+00 1.046e+01 9.877e+00 8.042e+00
2.913e-02 1.267e+01 1.042e+01 9.886e+00 1.039e+01 9.809e+00 7.987e+00
2.932e-02 1.258e+01 1.035e+01 9.818e+00 1.032e+01 9.742e+00 7.932e+00
2.953e-02 1.249e+01 1.028e+01 9.750e+00 1.025e+01 9.675e+00 7.878e+00
2.973e-02 1.241e+01 1.021e+01 9.683e+00 1.018e+01 9.608e+00 7.823e+00
2.993e-02 1.232e+01 1.014e+01 9.616e+00 1.011e+01 9.542e+00 7.769e+00
3.013e-02 1.224e+01 1.007e+01 9.550e+00 1.004e+01 9.476e+00 7.716e+00
3.034e-02 1.215e+01 1.000e+01 9.484e+00 9.967e+00 9.411e+00 7.663e+00
3.055e-02 1.207e+01 9.932e+00 9.419e+00 9.898e+00 9.346e+00 7.610e+00
3.076e-02 1.199e+01 9.863e+00 9.354e+00 9.830e+00 9.282e+00 7.558e+00
3.097e-02 1.190e+01 9.796e+00 9.290e+00 9.762e+00 9.218e+00 7.506e+00
3.118e-02 1.182e+01 9.728e+00 9.226e+00 9.695e+00 9.154e+00 7.454e+00
3.139e-02 1.174e+01 9.661e+00 9.162e+00 9.628e+00 9.091e+00 7.403e+00
3.161e-02 1.166e+01 9.595e+00 9.099e+00 9.562e+00 9.029e+00 7.352e+00
3.182e-02 1.158e+01 9.529e+00 9.037e+00 9.496e+00 8.967e+00 7.301e+00
3.204e-02 1.150e+01 9.463e+00 8.974e+00 9.431e+00 8.905e+00 7.251e+00
3.226e-02 1.142e+01 9.398e+00 8.913e+00 9.366e+00 8.843e+00 7.201e+00
3.248e-02 1.134e+01 9.333e+00 8.851e+00 9.301e+00 8.783e+00 7.151e+00
3.270e-02 1.126e+01 9.269e+00 8.790e+00 9.237e+00 8.722e+00 7.102e+00
3.292e-02 1.119e+01 9.205e+00 8.730e+00 9.174e+00 8.662e+00 7.053e+00
3.315e-02 1.111e+01 9.141e+00 8.669e+00 9.110e+00 8.602e+00 7.004e+00
3.338e-02 1.103e+01 9.078e+00 8.610e+00 9.048e+00 8.543e+00 6.956e+00
3.360e-02 1.096e+01 9.016e+00 8.550e+00 8.985e+00 8.484e+00 6.908e+00
3.383e-02 1.088e+01 8.954e+00 8.491e+00 8.923e+00 8.426e+00 6.861e+00
3.406e-02 1.081e+01 8.892e+00 8.433e+00 8.862e+00 8.367e+00 6.813e+00
3.430e-02 1.073e+01 8.831e+00 8.375e+00 8.801e+00 8.310e+00 6.766e+00
3.453e-02 1.066e+01 8.770e+00 8.317e+00 8.740e+00 8.252e+00 6.720e+00
3.477e-02 1.058e+01 8.709e+00 8.260e+00 8.680e+00 8.196e+00 6.673e+00
3.500e-02 1.051e+01 8.649e+00 8.203e+00 8.620e+00 8.139e+00 6.627e+00
3.524e-02 1.044e+01 8.589e+00 8.146e+00 8.560e+00 8.083e+00 6.581e+00
3.548e-02 1.037e+01 8.530e+00 8.090e+00 8.501e+00 8.027e+00 6.536e+00
3.573e-02 1.030e+01 8.471e+00 8.034e+00 8.443e+00 7.972e+00 6.491e+00
3.597e-02 1.022e+01 8.413e+00 7.978e+00 8.384e+00 7.917e+00 6.446e+00
3.622e-02 1.015e+01 8.355e+00 7.923e+00 8.326e+00 7.862e+00 6.402e+00
3.646e-02 1.008e+01 8.297e+00 7.869e+00 8.269e+00 7.808e+00 6.357e+00
3.671e-02 1.001e+01 8.240e+00 7.814e+00 8.212e+00 7.754e+00 6.314e+00
3.696e-02 9.945e+00 8.183e+00 7.760e+00 8.155e+00 7.700e+00 6.270e+00
3.722e-02 9.876e+00 8.126e+00 7.707e+00 8.099e+00 7.647e+00 6.227e+00
3.747e-02 9.808e+00 8.070e+00 7.654e+00 8.043e+00 7.594e+00 6.184e+00
3.773e-02 9.740e+00 8.015e+00 7.601e+00 7.987e+00 7.542e+00 6.141e+00
3.798e-02 9.673e+00 7.959e+00 7.548e+00 7.932e+00 7.490e+00 6.099e+00
3.824e-02 9.606e+00 7.904e+00 7.496e+00 7.877e+00 7.438e+00 6.056e+00
3.851e-02 9.540e+00 7.850e+00 7.444e+00 7.823e+00 7.387e+00 6.015e+00
3.877e-02 9.474e+00 7.795e+00 7.393e+00 7.769e+00 7.336e+00 5.973e+00
3.903e-02 9.408e+00 7.741e+00 7.342e+00 7.715e+00 7.285e+00 5.932e+00
3.930e-02 9.343e+00 7.688e+00 7.291e+00 7.662e+00 7.235e+00 5.891e+00
3.957e-02 9.279e+00 7.635e+00 7.241e+00 7.609e+00 7.185e+00 5.850e+00
3.984e-02 9.215e+00 7.582e+00 7.191e+00 7.556e+00 7.135e+00 5.810e+00
4.011e-02 9.151e+00 7.530e+00 7.141e+00 7.504e+00 7.086e+00 5.769e+00
4.039e-02 9.088e+00 7.478e+00 7.092e+00 7.452e+00 7.037e+00 5.730e+00
4.066e-02 9.025e+00 7.426e+00 7.042e+00 7.401e+00 6.988e+00 5.690e+00
4.094e-02 8.962e+00 7.374e+00 6.994e+00 7.349e+00 6.940e+00 5.651e+00
4.122e-02 8.900e+00 7.323e+00 6.945e+00 7.299e+00 6.892e+00 5.611e+00
4.150e-02 8.839e+00 7.273e+00 6.897e+00 7.248e+00 6.844e+00 5.573e+00
4.178e-02 8.778e+00 7.222e+00 6.850e+00 7.198e+00 6.796e+00 5.534e+00
4.207e-02 8.717e+00 7.172e+00 6.802e+00 7.148e+00 6.749e+00 5.496e+00
4.236e-02 8.657e+00 7.123e+00 6.755e+00 7.099e+00 6.703e+00 5.458e+00
4.265e-02 8.597e+00 7.073e+00 6.708e+00 7.050e+00 6.656e+00 5.420e+00
4.294e-02 8.537e+00 7.025e+00 6.662e+00 7.001e+00 6.610e+00 5.382e+00
4.323e-02 8.478e+00 6.976e+00 6.616e+00 6.952e+00 6.564e+00 5.345e+00
4.353e-02 8.419e+00 6.928e+00 6.570e+00 6.904e+00 6.519e+00 5.308e+00
4.382e-02 8.361e+00 6.880e+00 6.524e+00 6.856e+00 6.474e+00 5.271e+00
4.412e-02 8.303e+00 6.832e+00 6.479e+00 6.809e+00 6.429e+00 5.235e+00
4.442e-02 8.246e+00 6.785e+00 6.434e+00 6.762e+00 6.384e+00 5.199e+00
4.473e-02 8.188e+00 6.738e+00 6.390e+00 6.715e+00 6.340e+00 5.163e+00
4.503e-02 8.132e+00 6.691e+00 6.345e+00 6.668e+00 6.296e+00 5.127e+00
4.534e-02 8.075e+00 6.645e+00 6.302e+00 6.622e+00 6.253e+00 5.091e+00
4.565e-02 8.019e+00 6.598e+00 6.258e+00 6.576e+00 6.209e+00 5.056e+00
4.596e-02 7.964e+00 6.553e+00 6.214e+00 6.531e+00 6.166e+00 5.021e+00
4.628e-02 7.909e+00 6.507e+00 6.171e+00 6.485e+00 6.124e+00 4.986e+00
4.659e-02 7.854e+00 6.462e+00 6.129e+00 6.440e+00 6.081e+00 4.952e+00
4.691e-02 7.799e+00 6.417e+00 6.086e+00 6.396e+00 6.039e+00 4.917e+00
4.723e-02 7.745e+00 6.373e+00 6.044e+00 6.351e+00 5.997e+00 4.883e+00
4.756e-02 7.691e+00 6.329e+00 6.002e+00 6.307e+00 5.955e+00 4.849e+00
4.788e-02 7.638e+00 6.285e+00 5.960e+00 6.263e+00 5.914e+00 4.816e+00
4.821e-02 7.585e+00 6.241e+00 5.919e+00 6.220e+00 5.873e+00 4.782e+00
4.854e-02 7.532e+00 6.198e+00 5.878e+00 6.177e+00 5.832e+00 4.749e+00
4.887e-02 7.480e+00 6.155e+00 5.837e+00 6.134e+00 5.792e+00 4.716e+00
4.920e-02 7.428e+00 6.112e+00 5.796e+00 6.091e+00 5.752e+00 4.683e+00
4.954e-02 7.377e+00 6.070e+00 5.756e+00 6.049e+00 5.712e+00 4.651e+00
4.988e-02 7.325e+00 6.027e+00 5.716e+00 6.007e+00 5.672e+00 4.618e+00
5.022e-02 7.274e+00 5.985e+00 5.677e+00 5.965e+00 5.633e+00 4.586e+00
5.056e-02 7.224e+00 5.944e+00 5.637e+00 5.924e+00 5.593e+00 4.554e+00
5.091e-02 7.174e+00 5.903e+00 5.598e+00 5.883e+00 5.555e+00 4.523e+00
5.125e-02 7.124e+00 5.862e+00 5.559e+00 5.842e+00 5.516e+00 4.491e+00
5.160e-02 7.074e+00 5.821e+00 5.520e+00 5.801e+00 5.478e+00 4.460e+00
5.196e-02 7.025e+00 5.780e+00 5.482e+00 5.761e+00 5.439e+00 4.429e+00
5.231e-02 6.976e+00 5.740e+00 5.444e+00 5.721e+00 5.402e+00 4.398e+00
5.267e-02 6.928e+00 5.700e+00 5.406e+00 5.681e+00 5.364e+00 4.368e+00
5.303e-02 6.880e+00 5.661e+00 5.368e+00 5.641e+00 5.327e+00 4.337e+00
5.339e-02 6.832e+00 5.621e+00 5.331e+00 5.602e+00 5.290e+00 4.307e+00
5.376e-02 6.784e+00 5.582e+00 5.294e+00 5.563e+00 5.253e+00 4.277e+00
5.412e-02 6.737e+00 5.543e+00 5.257e+00 5.525e+00 5.216e+00 4.247e+00
5.449e-02 6.690e+00 5.505e+00 5.221e+00 5.486e+00 5.180e+00 4.218e+00
5.487e-02 6.643e+00 5.466e+00 5.184e+00 5.448e+00 5.144e+00 4.189e+00
5.524e-02 6.597e+00 5.428e+00 5.148e+00 5.410e+00 5.108e+00 4.159e+00
5.562e-02 6.551e+00 5.390e+00 5.112e+00 5.372e+00 5.073e+00 4.130e+00
5.600e-02 6.506e+00 5.353e+00 5.077e+00 5.335e+00 5.037e+00 4.102e+00
5.638e-02 6.460e+00 5.316e+00 5.041e+00 5.298e+00 5.002e+00 4.073e+00
5.677e-02 6.415e+00 5.279e+00 5.006e+00 5.261e+00 4.967e+00 4.045e+00
5.715e-02 6.371e+00 5.242e+00 4.971e+00 5.224e+00 4.933e+00 4.016e+00
5.754e-02 6.326e+00 5.205e+00 4.937e+00 5.188e+00 4.898e+00 3.988e+00
5.794e-02 6.282e+00 5.169e+00 4.902e+00 5.152e+00 4.864e+00 3.961e+00
5.833e-02 6.238e+00 5.133e+00 4.868e+00 5.116e+00 4.830e+00 3.933e+00
5.873e-02 6.195e+00 5.097e+00 4.834e+00 5.080e+00 4.797e+00 3.906e+00
5.913e-02 6.152e+00 5.062e+00 4.800e+00 5.044e+00 4.763e+00 3.878e+00
5.954e-02 6.109e+00 5.026e+00 4.767e+00 5.009e+00 4.730e+00 3.851e+00
5.994e-02 6.066e+00 4.991e+00 4.734e+00 4.974e+00 4.697e+00 3.824e+00
6.035e-02 6.024e+00 4.956e+00 4.701e+00 4.940e+00 4.664e+00 3.798e+00
6.077e-02 5.982e+00 4.922e+00 4.668e+00 4.905e+00 4.632e+00 3.771e+00
6.118e-02 5.940e+00 4.887e+00 4.635e+00 4.871e+00 4.599e+00 3.745e+00
6.160e-02 5.898e+00 4.853e+00 4.603e+00 4.837e+00 4.567e+00 3.719e+00
6.202e-02 5.857e+00 4.819e+00 4.571e+00 4.803e+00 4.535e+00 3.693e+00
6.244e-02 5.816e+00 4.786e+00 4.539e+00 4.770e+00 4.504e+00 3.667e+00
6.287e-02 5.776e+00 4.752e+00 4.507e+00 4.736e+00 4.472e+00 3.641e+00
6.330e-02 5.735e+00 4.719e+00 4.475e+00 4.703e+00 4.441e+00 3.616e+00
6.373e-02 5.695e+00 4.686e+00 4.444e+00 4.670e+00 4.410e+00 3.591e+00
6.417e-02 5.655e+00 4.653e+00 4.413e+00 4.638e+00 4.379e+00 3.566e+00
6.461e-02 5.616e+00 4.621e+00 4.382e+00 4.605e+00 4.348e+00 3.541e+00
6.505e-02 5.577e+00 4.588e+00 4.352e+00 4.573e+00 4.318e+00 3.516e+00
6.549e-02 5.538e+00 4.556e+00 4.321e+00 4.541e+00 4.288e+00 3.491e+00
6.594e-02 5.499e+00 4.524e+00 4.291e+00 4.509e+00 4.258e+00 3.467e+00
6.639e-02 5.460e+00 4.493e+00 4.261e+00 4.478e+00 4.228e+00 3.443e+00
6.684e-02 5.422e+00 4.461e+00 4.231e+00 4.446e+00 4.198e+00 3.418e+00
6.730e-02 5.384e+00 4.430e+00 4.201e+00 4.415e+00 4.169e+00 3.395e+00
6.776e-02 5.346e+00 4.399e+00 4.172e+00 4.384e+00 4.140e+00 3.371e+00
6.822e-02 5.309e+00 4.368e+00 4.143e+00 4.354e+00 4.111e+00 3.347e+00
6.869e-02 5.272e+00 4.338e+00 4.114e+00 4.323e+00 4.082e+00 3.324e+00
6.916e-02 5.235e+00 4.307e+00 4.085e+00 4.293e+00 4.053e+00 3.300e+00
6.963e-02 5.198e+00 4.277e+00 4.056e+00 4.263e+00 4.025e+00 3.277e+00
7.011e-02 5.162e+00 4.247e+00 4.028e+00 4.233e+00 3.997e+00 3.254e+00
7.059e-02 5.126e+00 4.217e+00 4.000e+00 4.203e+00 3.969e+00 3.231e+00
7.107e-02 5.090e+00 4.188e+00 3.972e+00 4.174e+00 3.941e+00 3.209e+00
7.155e-02 5.054e+00 4.158e+00 3.944e+00 4.144e+00 3.913e+00 3.186e+00
7.204e-02 5.018e+00 4.129e+00 3.916e+00 4.115e+00 3.886e+00 3.164e+00
7.253e-02 4.983e+00 4.100e+00 3.889e+00 4.086e+00 3.858e+00 3.142e+00
7.303e-02 4.948e+00 4.071e+00 3.861e+00 4.058e+00 3.831e+00 3.120e+00
7.353e-02 4.913e+00 4.043e+00 3.834e+00 4.029e+00 3.804e+00 3.098e+00
7.403e-02 4.879e+00 4.014e+00 3.807e+00 4.001e+00 3.778e+00 3.076e+00
7.454e-02 4.845e+00 3.986e+00 3.780e+00 3.973e+00 3.751e+00 3.054e+00
7.505e-02 4.811e+00 3.958e+00 3.754e+00 3.945e+00 3.725e+00 3.033e+00
7.556e-02 4.777e+00 3.930e+00 3.728e+00 3.917e+00 3.699e+00 3.012e+00
7.608e-02 4.743e+00 3.903e+00 3.701e+00 3.890e+00 3.673e+00 2.990e+00
7.660e-02 4.710e+00 3.875e+00 3.675e+00 3.862e+00 3.647e+00 2.969e+00
7.712e-02 4.677e+00 3.848e+00 3.649e+00 3.835e+00 3.621e+00 2.949e+00
7.765e-02 4.644e+00 3.821e+00 3.624e+00 3.808e+00 3.596e+00 2.928e+00
7.818e-02 4.611e+00 3.794e+00 3.598e+00 3.781e+00 3.570e+00 2.907e+00
7.871e-02 4.579e+00 3.767e+00 3.573e+00 3.755e+00 3.545e+00 2.887e+00
7.925e-02 4.547e+00 3.741e+00 3.548e+00 3.728e+00 3.520e+00 2.866e+00
7.979e-02 4.515e+00 3.715e+00 3.523e+00 3.702e+00 3.496e+00 2.846e+00
8.033e-02 4.483e+00 3.688e+00 3.498e+00 3.676e+00 3.471e+00 2.826e+00
8.088e-02 4.451e+00 3.662e+00 3.473e+00 3.650e+00 3.446e+00 2.806e+00
8.144e-02 4.420e+00 3.637e+00 3.449e+00 3.624e+00 3.422e+00 2.787e+00
8.199e-02 4.389e+00 3.611e+00 3.425e+00 3.599e+00 3.398e+00 2.767e+00
8.255e-02 4.358e+00 3.586e+00 3.400e+00 3.573e+00 3.374e+00 2.747e+00
8.312e-02 4.327e+00 3.560e+00 3.376e+00 3.548e+00 3.350e+00 2.728e+00
8.368e-02 4.296e+00 3.535e+00 3.353e+00 3.523e+00 3.327e+00 2.709e+00
8.426e-02 4.266e+00 3.510e+00 3.329e+00 3.498e+00 3.303e+00 2.690e+00
8.483e-02 4.236e+00 3.485e+00 3.306e+00 3.474e+00 3.280e+00 2.671e+00
8.541e-02 4.206e+00 3.461e+00 3.282e+00 3.449e+00 3.257e+00 2.652e+00
8.600e-02 4.176e+00 3.436e+00 3.259e+00 3.425e+00 3.234e+00 2.633e+00
8.658e-02 4.147e+00 3.412e+00 3.236e+00 3.401e+00 3.211e+00 2.614e+00
8.717e-02 4.118e+00 3.388e+00 3.213e+00 3.377e+00 3.188e+00 2.596e+00
8.777e-02 4.089e+00 3.364e+00 3.190e+00 3.353e+00 3.166e+00 2.578e+00
8.837e-02 4.060e+00 3.340e+00 3.168e+00 3.329e+00 3.143e+00 2.559e+00
8.897e-02 4.031e+00 3.317e+00 3.145e+00 3.305e+00 3.121e+00 2.541e+00
8.958e-02 4.002e+00 3.293e+00 3.123e+00 3.282e+00 3.099e+00 2.523e+00
9.019e-02 3.974e+00 3.270e+00 3.101e+00 3.259e+00 3.077e+00 2.506e+00
9.081e-02 3.946e+00 3.247e+00 3.079e+00 3.236e+00 3.055e+00 2.488e+00
9.143e-02 3.918e+00 3.224e+00 3.057e+00 3.213e+00 3.034e+00 2.470e+00
9.205e-02 3.890e+00 3.201e+00 3.036e+00 3.190e+00 3.012e+00 2.453e+00
9.268e-02 3.863e+00 3.178e+00 3.014e+00 3.167e+00 2.991e+00 2.435e+00
9.332e-02 3.835e+00 3.156e+00 2.993e+00 3.145e+00 2.970e+00 2.418e+00
9.395e-02 3.808e+00 3.133e+00 2.972e+00 3.123e+00 2.949e+00 2.401e+00
9.460e-02 3.781e+00 3.111e+00 2.950e+00 3.101e+00 2.928e+00 2.384e+00
9.524e-02 3.754e+00 3.089e+00 2.930e+00 3.079e+00 2.907e+00 2.367e+00
9.589e-02 3.727e+00 3.067e+00 2.909e+00 3.057e+00 2.886e+00 2.350e+00
9.655e-02 3.701e+00 3.045e+00 2.888e+00 3.035e+00 2.866e+00 2.333e+00
9.721e-02 3.675e+00 3.024e+00 2.868e+00 3.013e+00 2.845e+00 2.317e+00
9.787e-02 3.649e+00 3.002e+00 2.847e+00 2.992e+00 2.825e+00 2.300e+00
9.854e-02 3.623e+00 2.981e+00 2.827e+00 2.971e+00 2.805e+00 2.284e+00
9.921e-02 3.597e+00 2.960e+00 2.807e+00 2.950e+00 2.785e+00 2.268e+00
9.989e-02 3.571e+00 2.939e+00 2.787e+00 2.929e+00 2.765e+00 2.252e+00
1.006e-01 3.546e+00 2.918e+00 2.767e+00 2.908e+00 2.746e+00 2.236e+00
1.013e-01 3.521e+00 2.897e+00 2.747e+00 2.887e+00 2.726e+00 2.220e+00
1.020e-01 3.496e+00 2.876e+00 2.728e+00 2.867e+00 2.707e+00 2.204e+00
1.027e-01 3.471e+00 2.856e+00 2.708e+00 2.846e+00 2.687e+00 2.188e+00
1.034e-01 3.446e+00 2.835e+00 2.689e+00 2.826e+00 2.668e+00 2.173e+00
1.041e-01 3.421e+00 2.815e+00 2.670e+00 2.806e+00 2.649e+00 2.157e+00
1.048e-01 3.397e+00 2.795e+00 2.651e+00 2.786e+00 2.630e+00 2.142e+00
1.055e-01 3.373e+00 2.775e+00 2.632e+00 2.766e+00 2.612e+00 2.126e+00
1.062e-01 3.349e+00 2.755e+00 2.613e+00 2.746e+00 2.593e+00 2.111e+00
1.069e-01 3.325e+00 2.736e+00 2.595e+00 2.727e+00 2.574e+00 2.096e+00
1.077e-01 3.301e+00 2.716e+00 2.576e+00 2.707e+00 2.556e+00 2.081e+00
1.084e-01 3.278e+00 2.697e+00 2.558e+00 2.688e+00 2.538e+00 2.066e+00
1.091e-01 3.254e+00 2.678e+00 2.539e+00 2.669e+00 2.520e+00 2.052e+00
1.099e-01 3.231e+00 2.658e+00 2.521e+00 2.649e+00 2.502e+00 2.037e+00
1.106e-01 3.208e+00 2.639e+00 2.503e+00 2.631e+00 2.484e+00 2.022e+00
1.114e-01 3.185e+00 2.621e+00 2.485e+00 2.612e+00 2.466e+00 2.008e+00
1.122e-01 3.162e+00 2.602e+00 2.467e+00 2.593e+00 2.448e+00 1.994e+00
1.129e-01 3.139e+00 2.583e+00 2.450e+00 2.574e+00 2.431e+00 1.979e+00
1.137e-01 3.117e+00 2.565e+00 2.432e+00 2.556e+00 2.413e+00 1.965e+00
1.145e-01 3.095e+00 2.546e+00 2.415e+00 2.538e+00 2.396e+00 1.951e+00
1.152e-01 3.072e+00 2.528e+00 2.398e+00 2.520e+00 2.379e+00 1.937e+00
1.160e-01 3.050e+00 2.510e+00 2.380e+00 2.501e+00 2.362e+00 1.923e+00
1.168e-01 3.029e+00 2.492e+00 2.363e+00 2.484e+00 2.345e+00 1.909e+00
1.176e-01 3.007e+00 2.474e+00 2.346e+00 2.466e+00 2.328e+00 1.896e+00
1.184e-01 2.985e+00 2.456e+00 2.330e+00 2.448e+00 2.312e+00 1.882e+00
1.192e-01 2.964e+00 2.439e+00 2.313e+00 2.430e+00 2.295e+00 1.869e+00
1.201e-01 2.943e+00 2.421e+00 2.296e+00 2.413e+00 2.278e+00 1.855e+00
1.209e-01 2.921e+00 2.404e+00 2.280e+00 2.396e+00 2.262e+00 1.842e+00
1.217e-01 2.901e+00 2.387e+00 2.263e+00 2.379e+00 2.246e+00 1.829e+00
1.225e-01 2.880e+00 2.369e+00 2.247e+00 2.361e+00 2.230e+00 1.816e+00
1.234e-01 2.859e+00 2.352e+00 2.231e+00 2.344e+00 2.214e+00 1.802e+00
1.242e-01 2.838e+00 2.335e+00 2.215e+00 2.328e+00 2.198e+00 1.790e+00
1.251e-01 2.818e+00 2.319e+00 2.199e+00 2.311e+00 2.182e+00 1.777e+00
1.259e-01 2.798e+00 2.302e+00 2.183e+00 2.294e+00 2.166e+00 1.764e+00
1.268e-01 2.778e+00 2.285e+00 2.167e+00 2.278e+00 2.151e+00 1.751e+00
1.276e-01 2.758e+00 2.269e+00 2.152e+00 2.261e+00 2.135e+00 1.739e+00
1.285e-01 2.738e+00 2.253e+00 2.136e+00 2.245e+00 2.120e+00 1.726e+00
1.294e-01 2.718e+00 2.236e+00 2.121e+00 2.229e+00 2.104e+00 1.714e+00
1.303e-01 2.698e+00 2.220e+00 2.106e+00 2.213e+00 2.089e+00 1.701e+00
1.312e-01 2.679e+00 2.204e+00 2.090e+00 2.197e+00 2.074e+00 1.689e+00
1.321e-01 2.660e+00 2.188e+00 2.075e+00 2.181e+00 2.059e+00 1.677e+00
1.330e-01 2.640e+00 2.172e+00 2.060e+00 2.165e+00 2.044e+00 1.665e+00
1.339e-01 2.621e+00 2.157e+00 2.045e+00 2.149e+00 2.030e+00 1.653e+00
1.348e-01 2.602e+00 2.141e+00 2.031e+00 2.134e+00 2.015e+00 1.641e+00
1.357e-01 2.583e+00 2.126e+00 2.016e+00 2.119e+00 2.000e+00 1.629e+00
1.366e-01 2.565e+00 2.110e+00 2.001e+00 2.103e+00 1.986e+00 1.617e+00
1.376e-01 2.546e+00 2.095e+00 1.987e+00 2.088e+00 1.972e+00 1.605e+00
1.385e-01 2.528e+00 2.080e+00 1.973e+00 2.073e+00 1.957e+00 1.594e+00
1.395e-01 2.509e+00 2.065e+00 1.958e+00 2.058e+00 1.943e+00 1.582e+00
1.404e-01 2.491e+00 2.050e+00 1.944e+00 2.043e+00 1.929e+00 1.571e+00
1.414e-01 2.473e+00 2.035e+00 1.930e+00 2.028e+00 1.915e+00 1.559e+00
1.423e-01 2.455e+00 2.020e+00 1.916e+00 2.013e+00 1.901e+00 1.548e+00
1.433e-01 2.437e+00 2.006e+00 1.902e+00 1.999e+00 1.887e+00 1.537e+00
1.443e-01 2.420e+00 1.991e+00 1.888e+00 1.984e+00 1.874e+00 1.526e+00
1.453e-01 2.402e+00 1.977e+00 1.875e+00 1.970e+00 1.860e+00 1.515e+00
1.463e-01 2.385e+00 1.962e+00 1.861e+00 1.956e+00 1.847e+00 1.504e+00
1.473e-01 2.367e+00 1.948e+00 1.847e+00 1.941e+00 1.833e+00 1.493e+00
1.483e-01 2.350e+00 1.934e+00 1.834e+00 1.927e+00 1.820e+00 1.482e+00
1.493e-01 2.333e+00 1.920e+00 1.821e+00 1.913e+00 1.807e+00 1.471e+00
1.503e-01 2.316e+00 1.906e+00 1.807e+00 1.899e+00 1.793e+00 1.460e+00
1.513e-01 2.299e+00 1.892e+00 1.794e+00 1.885e+00 1.780e+00 1.450e+00
1.524e-01 2.283e+00 1.878e+00 1.781e+00 1.872e+00 1.767e+00 1.439e+00
1.534e-01 2.266e+00 1.864e+00 1.768e+00 1.858e+00 1.754e+00 1.429e+00
1.545e-01 2.249e+00 1.851e+00 1.755e+00 1.845e+00 1.742e+00 1.418e+00
1.555e-01 2.233e+00 1.837e+00 1.742e+00 1.831e+00 1.729e+00 1.408e+00
1.566e-01 2.217e+00 1.824e+00 1.730e+00 1.818e+00 1.716e+00 1.398e+00
1.576e-01 2.200e+00 1.811e+00 1.717e+00 1.804e+00 1.704e+00 1.387e+00
1.587e-01 2.184e+00 1.797e+00 1.705e+00 1.791e+00 1.691e+00 1.377e+00
1.598e-01 2.168e+00 1.784e+00 1.692e+00 1.778e+00 1.679e+00 1.367e+00
1.609e-01 2.153e+00 1.771e+00 1.680e+00 1.765e+00 1.667e+00 1.357e+00
1.620e-01 2.137e+00 1.758e+00 1.667e+00 1.752e+00 1.655e+00 1.347e+00
1.631e-01 2.121e+00 1.745e+00 1.655e+00 1.739e+00 1.642e+00 1.337e+00
1.642e-01 2.106e+00 1.733e+00 1.643e+00 1.727e+00 1.630e+00 1.328e+00
1.653e-01 2.090e+00 1.720e+00 1.631e+00 1.714e+00 1.618e+00 1.318e+00
1.665e-01 2.075e+00 1.707e+00 1.619e+00 1.702e+00 1.607e+00 1.308e+00
1.676e-01 2.060e+00 1.695e+00 1.607e+00 1.689e+00 1.595e+00 1.299e+00
1.687e-01 2.045e+00 1.682e+00 1.595e+00 1.677e+00 1.583e+00 1.289e+00
1.699e-01 2.030e+00 1.670e+00 1.584e+00 1.664e+00 1.571e+00 1.280e+00
1.711e-01 2.015e+00 1.658e+00 1.572e+00 1.652e+00 1.560e+00 1.270e+00
1.722e-01 2.000e+00 1.646e+00 1.561e+00 1.640e+00 1.548e+00 1.261e+00
1.734e-01 1.985e+00 1.633e+00 1.549e+00 1.628e+00 1.537e+00 1.252e+00
1.746e-01 1.971e+00 1.621e+00 1.538e+00 1.616e+00 1.526e+00 1.242e+00
1.758e-01 1.956e+00 1.609e+00 1.526e+00 1.604e+00 1.515e+00 1.233e+00
1.770e-01 1.942e+00 1.598e+00 1.515e+00 1.592e+00 1.503e+00 1.224e+00
1.782e-01 1.927e+00 1.586e+00 1.504e+00 1.580e+00 1.492e+00 1.215e+00
1.794e-01 1.913e+00 1.574e+00 1.493e+00 1.569e+00 1.481e+00 1.206e+00
1.806e-01 1.899e+00 1.563e+00 1.482e+00 1.557e+00 1.470e+00 1.197e+00
1.819e-01 1.885e+00 1.551e+00 1.471e+00 1.546e+00 1.460e+00 1.188e+00
1.831e-01 1.871e+00 1.540e+00 1.460e+00 1.534e+00 1.449e+00 1.180e+00
1.844e-01 1.857e+00 1.528e+00 1.449e+00 1.523e+00 1.438e+00 1.171e+00
1.856e-01 1.844e+00 1.517e+00 1.439e+00 1.512e+00 1.427e+00 1.162e+00
1.869e-01 1.830e+00 1.506e+00 1.428e+00 1.501e+00 1.417e+00 1.154e+00
1.882e-01 1.816e+00 1.495e+00 1.417e+00 1.489e+00 1.406e+00 1.145e+00
1.895e-01 1.803e+00 1.483e+00 1.407e+00 1.478e+00 1.396e+00 1.137e+00
1.908e-01 1.790e+00 1.473e+00 1.397e+00 1.468e+00 1.386e+00 1.128e+00
1.921e-01 1.776e+00 1.462e+00 1.386e+00 1.457e+00 1.375e+00 1.120e+00
1.934e-01 1.763e+00 1.451e+00 1.376e+00 1.446e+00 1.365e+00 1.112e+00
1.947e-01 1.750e+00 1.440e+00 1.366e+00 1.435e+00 1.355e+00 1.103e+00
1.960e-01 1.737e+00 1.429e+00 1.356e+00 1.425e+00 1.345e+00 1.095e+00
1.974e-01 1.724e+00 1.419e+00 1.346e+00 1.414e+00 1.335e+00 1.087e+00
1.987e-01 1.712e+00 1.408e+00 1.336e+00 1.404e+00 1.325e+00 1.079e+00
2.001e-01 1.699e+00 1.398e+00 1.326e+00 1.393e+00 1.315e+00 1.071e+00
2.014e-01 1.686e+00 1.387e+00 1.316e+00 1.383e+00 1.306e+00 1.063e+00
2.028e-01 1.674e+00 1.377e+00 1.306e+00 1.372e+00 1.296e+00 1.055e+00
2.042e-01 1.661e+00 1.367e+00 1.296e+00 1.362e+00 1.286e+00 1.047e+00
2.056e-01 1.649e+00 1.357e+00 1.287e+00 1.352e+00 1.277e+00 1.040e+00
2.070e-01 1.637e+00 1.347e+00 1.277e+00 1.342e+00 1.267e+00 1.032e+00
2.084e-01 1.624e+00 1.337e+00 1.268e+00 1.332e+00 1.258e+00 1.024e+00
2.098e-01 1.612e+00 1.327e+00 1.258e+00 1.322e+00 1.248e+00 1.017e+00
2.113e-01 1.600e+00 1.317e+00 1.249e+00 1.312e+00 1.239e+00 1.009e+00
2.127e-01 1.588e+00 1.307e+00 1.239e+00 1.302e+00 1.230e+00 1.001e+00
2.142e-01 1.576e+00 1.297e+00 1.230e+00 1.293e+00 1.221e+00 9.939e-01
2.156e-01 1.565e+00 1.287e+00 1.221e+00 1.283e+00 1.212e+00 9.865e-01
2.171e-01 1.553e+00 1.278e+00 1.212e+00 1.274e+00 1.202e+00 9.791e-01
2.186e-01 1.541e+00 1.268e+00 1.203e+00 1.264e+00 1.193e+00 9.718e-01
2.201e-01 1.530e+00 1.259e+00 1.194e+00 1.255e+00 1.185e+00 9.645e-01
2.216e-01 1.518e+00 1.249e+00 1.185e+00 1.245e+00 1.176e+00 9.573e-01
2.231e-01 1.507e+00 1.240e+00 1.176e+00 1.236e+00 1.167e+00 9.501e-01
2.246e-01 1.496e+00 1.231e+00 1.167e+00 1.227e+00 1.158e+00 9.430e-01
2.262e-01 1.484e+00 1.221e+00 1.158e+00 1.217e+00 1.149e+00 9.359e-01
2.277e-01 1.473e+00 1.212e+00 1.150e+00 1.208e+00 1.141e+00 9.289e-01
2.293e-01 1.462e+00 1.203e+00 1.141e+00 1.199e+00 1.132e+00 9.219e-01
2.308e-01 1.451e+00 1.194e+00 1.132e+00 1.190e+00 1.124e+00 9.150e-01
2.324e-01 1.440e+00 1.185e+00 1.124e+00 1.181e+00 1.115e+00 9.081e-01
2.340e-01 1.430e+00 1.176e+00 1.115e+00 1.172e+00 1.107e+00 9.013e-01
2.356e-01 1.419e+00 1.167e+00 1.107e+00 1.163e+00 1.099e+00 8.945e-01
2.372e-01 1.408e+00 1.159e+00 1.099e+00 1.155e+00 1.090e+00 8.877e-01
2.388e-01 1.397e+00 1.150e+00 1.090e+00 1.146e+00 1.082e+00 8.810e-01
2.404e-01 1.387e+00 1.141e+00 1.082e+00 1.137e+00 1.074e+00 8.744e-01
2.421e-01 1.376e+00 1.133e+00 1.074e+00 1.129e+00 1.066e+00 8.678e-01
2.437e-01 1.366e+00 1.124e+00 1.066e+00 1.120e+00 1.058e+00 8.612e-01
2.454e-01 1.356e+00 1.115e+00 1.058e+00 1.112e+00 1.050e+00 8.547e-01
2.471e-01 1.345e+00 1.107e+00 1.050e+00 1.103e+00 1.042e+00 8.482e-01
2.488e-01 1.335e+00 1.099e+00 1.042e+00 1.095e+00 1.034e+00 8.418e-01
2.505e-01 1.325e+00 1.090e+00 1.034e+00 1.087e+00 1.026e+00 8.354e-01
2.522e-01 1.315e+00 1.082e+00 1.026e+00 1.078e+00 1.018e+00 8.291e-01
2.539e-01 1.305e+00 1.074e+00 1.018e+00 1.070e+00 1.010e+00 8.228e-01
2.556e-01 1.295e+00 1.066e+00 1.011e+00 1.062e+00 1.003e+00 8.165e-01
2.574e-01 1.285e+00 1.058e+00 1.003e+00 1.054e+00 9.952e-01 8.103e-01
2.591e-01 1.275e+00 1.049e+00 9.953e-01 1.046e+00 9.876e-01 8.041e-01
2.609e-01 1.266e+00 1.041e+00 9.877e-01 1.038e+00 9.801e-01 7.980e-01
2.627e-01 1.256e+00 1.034e+00 9.802e-01 1.030e+00 9.726e-01 7.919e-01
2.645e-01 1.247e+00 1.026e+00 9.727e-01 1.022e+00 9.652e-01 7.859e-01
2.663e-01 1.237e+00 1.018e+00 9.653e-01 1.014e+00 9.578e-01 7.799e-01
2.681e-01 1.228e+00 1.010e+00 9.579e-01 1.007e+00 9.505e-01 7.739e-01
2.700e-01 1.218e+00 1.002e+00 9.506e-01 9.990e-01 9.432e-01 7.680e-01
2.718e-01 1.209e+00 9.947e-01 9.433e-01 9.913e-01 9.360e-01 7.622e-01
2.737e-01 1.200e+00 9.871e-01 9.361e-01 9.837e-01 9.288e-01 7.563e-01
2.755e-01 1.190e+00 9.795e-01 9.289e-01 9.762e-01 9.217e-01 7.505e-01
2.774e-01 1.181e+00 9.720e-01 9.218e-01 9.687e-01 9.147e-01 7.448e-01
2.793e-01 1.172e+00 9.645e-01 9.147e-01 9.613e-01 9.076e-01 7.391e-01
2.812e-01 1.163e+00 9.571e-01 9.077e-01 9.539e-01 9.007e-01 7.334e-01
2.831e-01 1.154e+00 9.498e-01 9.007e-01 9.466e-01 8.938e-01 7.277e-01
2.851e-01 1.145e+00 9.425e-01 8.938e-01 9.393e-01 8.869e-01 7.222e-01
2.870e-01 1.137e+00 9.353e-01 8.870e-01 9.321e-01 8.801e-01 7.166e-01
2.890e-01 1.128e+00 9.281e-01 8.802e-01 9.250e-01 8.734e-01 7.112e-01
2.909e-01 1.119e+00 9.210e-01 8.735e-01 9.179e-01 8.667e-01 7.057e-01
2.929e-01 1.111e+00 9.140e-01 8.668e-01 9.109e-01 8.601e-01 7.003e-01
2.949e-01 1.102e+00 9.070e-01 8.601e-01 9.039e-01 8.535e-01 6.950e-01
2.970e-01 1.094e+00 9.000e-01 8.535e-01 8.970e-01 8.469e-01 6.896e-01
2.990e-01 1.085e+00 8.931e-01 8.470e-01 8.901e-01 8.404e-01 6.843e-01
3.010e-01 1.077e+00 8.862e-01 8.405e-01 8.832e-01 8.340e-01 6.791e-01
3.031e-01 1.069e+00 8.794e-01 8.340e-01 8.764e-01 8.276e-01 6.738e-01
3.052e-01 1.061e+00 8.727e-01 8.276e-01 8.697e-01 8.212e-01 6.687e-01
3.072e-01 1.052e+00 8.659e-01 8.212e-01 8.630e-01 8.149e-01 6.635e-01
3.093e-01 1.044e+00 8.593e-01 8.149e-01 8.564e-01 8.086e-01 6.584e-01
3.114e-01 1.036e+00 8.526e-01 8.086e-01 8.497e-01 8.023e-01 6.533e-01
3.136e-01 1.028e+00 8.460e-01 8.024e-01 8.432e-01 7.962e-01 6.483e-01
3.157e-01 1.020e+00 8.395e-01 7.962e-01 8.367e-01 7.900e-01 6.433e-01
3.179e-01 1.012e+00 8.330e-01 7.900e-01 8.302e-01 7.839e-01 6.383e-01
3.200e-01 1.005e+00 8.266e-01 7.839e-01 8.238e-01 7.778e-01 6.333e-01
3.222e-01 9.968e-01 8.202e-01 7.778e-01 8.174e-01 7.718e-01 6.284e-01
3.244e-01 9.891e-01 8.138e-01 7.718e-01 8.111e-01 7.658e-01 6.236e-01
3.267e-01 9.814e-01 8.075e-01 7.658e-01 8.048e-01 7.599e-01 6.187e-01
3.289e-01 9.738e-01 8.012e-01 7.599e-01 7.985e-01 7.540e-01 6.139e-01
3.311e-01 9.662e-01 7.950e-01 7.540e-01 7.923e-01 7.481e-01 6.092e-01
3.334e-01 9.587e-01 7.888e-01 7.481e-01 7.861e-01 7.423e-01 6.044e-01
3.357e-01 9.512e-01 7.827e-01 7.423e-01 7.800e-01 7.365e-01 5.997e-01
3.380e-01 9.438e-01 7.766e-01 7.365e-01 7.739e-01 7.308e-01 5.950e-01
3.403e-01 9.364e-01 7.705e-01 7.307e-01 7.679e-01 7.251e-01 5.904e-01
3.426e-01 9.291e-01 7.645e-01 7.250e-01 7.619e-01 7.194e-01 5.858e-01
3.449e-01 9.219e-01 7.585e-01 7.194e-01 7.560e-01 7.138e-01 5.812e-01
3.473e-01 9.147e-01 7.526e-01 7.137e-01 7.500e-01 7.082e-01 5.767e-01
3.497e-01 9.075e-01 7.467e-01 7.082e-01 7.442e-01 7.027e-01 5.721e-01
3.521e-01 9.004e-01 7.409e-01 7.026e-01 7.383e-01 6.972e-01 5.677e-01
3.545e-01 8.933e-01 7.350e-01 6.971e-01 7.326e-01 6.917e-01 5.632e-01
3.569e-01 8.863e-01 7.293e-01 6.916e-01 7.268e-01 6.863e-01 5.588e-01
3.593e-01 8.793e-01 7.235e-01 6.862e-01 7.211e-01 6.809e-01 5.544e-01
3.618e-01 8.724e-01 7.179e-01 6.808e-01 7.154e-01 6.755e-01 5.500e-01
3.643e-01 8.656e-01 7.122e-01 6.754e-01 7.098e-01 6.702e-01 5.457e-01
3.667e-01 8.587e-01 7.066e-01 6.701e-01 7.042e-01 6.649e-01 5.414e-01
3.692e-01 8.520e-01 7.010e-01 6.648e-01 6.986e-01 6.597e-01 5.371e-01
3.718e-01 8.453e-01 6.955e-01 6.596e-01 6.931e-01 6.545e-01 5.329e-01
3.743e-01 8.386e-01 6.900e-01 6.544e-01 6.877e-01 6.493e-01 5.287e-01
3.769e-01 8.319e-01 6.845e-01 6.492e-01 6.822e-01 6.442e-01 5.245e-01
3.794e-01 8.254e-01 6.791e-01 6.441e-01 6.768e-01 6.391e-01 5.204e-01
3.820e-01 8.188e-01 6.737e-01 6.389e-01 6.714e-01 6.340e-01 5.162e-01
3.846e-01 8.123e-01 6.683e-01 6.338e-01 6.661e-01 6.289e-01 5.121e-01
3.873e-01 8.058e-01 6.630e-01 6.288e-01 6.607e-01 6.239e-01 5.080e-01
3.899e-01 7.993e-01 6.577e-01 6.237e-01 6.555e-01 6.189e-01 5.039e-01
3.926e-01 7.929e-01 6.524e-01 6.187e-01 6.502e-01 6.139e-01 4.999e-01
3.953e-01 7.865e-01 6.472e-01 6.138e-01 6.450e-01 6.090e-01 4.959e-01
3.980e-01 7.802e-01 6.420e-01 6.088e-01 6.398e-01 6.041e-01 4.919e-01
4.007e-01 7.739e-01 6.368e-01 6.039e-01 6.347e-01 5.993e-01 4.879e-01
4.034e-01 7.677e-01 6.317e-01 5.991e-01 6.295e-01 5.944e-01 4.840e-01
4.062e-01 7.615e-01 6.266e-01 5.942e-01 6.245e-01 5.896e-01 4.801e-01
4.090e-01 7.554e-01 6.215e-01 5.895e-01 6.194e-01 5.849e-01 4.762e-01
4.117e-01 7.493e-01 6.165e-01 5.847e-01 6.144e-01 5.802e-01 4.724e-01
4.146e-01 7.432e-01 6.115e-01 5.800e-01 6.095e-01 5.755e-01 4.686e-01
4.174e-01 7.372e-01 6.066e-01 5.753e-01 6.045e-01 5.708e-01 4.648e-01
4.202e-01 7.312e-01 6.017e-01 5.706e-01 5.996e-01 5.662e-01 4.610e-01
4.231e-01 7.253e-01 5.968e-01 5.660e-01 5.948e-01 5.616e-01 4.573e-01
4.260e-01 7.194e-01 5.919e-01 5.614e-01 5.899e-01 5.570e-01 4.536e-01
4.289e-01 7.136e-01 5.871e-01 5.568e-01 5.851e-01 5.525e-01 4.499e-01
4.318e-01 7.078e-01 5.824e-01 5.523e-01 5.804e-01 5.480e-01 4.462e-01
4.348e-01 7.020e-01 5.776e-01 5.478e-01 5.757e-01 5.435e-01 4.426e-01
4.378e-01 6.963e-01 5.729e-01 5.433e-01 5.710e-01 5.391e-01 4.390e-01
4.408e-01 6.906e-01 5.682e-01 5.389e-01 5.663e-01 5.347e-01 4.354e-01
4.438e-01 6.849e-01 5.636e-01 5.345e-01 5.617e-01 5.303e-01 4.318e-01
4.468e-01 6.793e-01 5.590e-01 5.301e-01 5.571e-01 5.260e-01 4.283e-01
4.499e-01 6.738e-01 5.544e-01 5.258e-01 5.525e-01 5.217e-01 4.248e-01
4.529e-01 6.682e-01 5.498e-01 5.214e-01 5.480e-01 5.174e-01 4.213e-01
4.560e-01 6.627e-01 5.453e-01 5.172e-01 5.435e-01 5.132e-01 4.178e-01
4.591e-01 6.573e-01 5.408e-01 5.129e-01 5.390e-01 5.089e-01 4.144e-01
4.623e-01 6.519e-01 5.364e-01 5.087e-01 5.346e-01 5.047e-01 4.110e-01
4.654e-01 6.465e-01 5.319e-01 5.045e-01 5.302e-01 5.006e-01 4.076e-01
4.686e-01 6.412e-01 5.276e-01 5.003e-01 5.258e-01 4.964e-01 4.042e-01
4.718e-01 6.359e-01 5.232e-01 4.962e-01 5.214e-01 4.923e-01 4.009e-01
4.750e-01 6.306e-01 5.189e-01 4.921e-01 5.171e-01 4.883e-01 3.976e-01
4.783e-01 6.254e-01 5.146e-01 4.880e-01 5.128e-01 4.842e-01 3.943e-01
4.816e-01 6.201e-01 5.103e-01 4.839e-01 5.085e-01 4.802e-01 3.910e-01
4.848e-01 6.150e-01 5.060e-01 4.799e-01 5.043e-01 4.762e-01 3.877e-01
4.882e-01 6.098e-01 5.018e-01 4.758e-01 5.001e-01 4.722e-01 3.845e-01
4.915e-01 6.047e-01 4.975e-01 4.719e-01 4.959e-01 4.682e-01 3.812e-01
4.949e-01 5.996e-01 4.934e-01 4.679e-01 4.917e-01 4.643e-01 3.780e-01
4.982e-01 5.945e-01 4.892e-01 4.639e-01 4.875e-01 4.603e-01 3.748e-01
5.016e-01 5.895e-01 4.851e-01 4.600e-01 4.834e-01 4.565e-01 3.717e-01
5.051e-01 5.846e-01 4.810e-01 4.562e-01 4.794e-01 4.526e-01 3.685e-01
5.085e-01 5.796e-01 4.769e-01 4.523e-01 4.753e-01 4.488e-01 3.654e-01
5.120e-01 5.747e-01 4.729e-01 4.485e-01 4.713e-01 4.450e-01 3.623e-01
5.155e-01 5.698e-01 4.689e-01 4.447e-01 4.673e-01 4.412e-01 3.593e-01
5.190e-01 5.650e-01 4.649e-01 4.409e-01 4.633e-01 4.375e-01 3.562e-01
5.226e-01 5.602e-01 4.609e-01 4.371e-01 4.594e-01 4.338e-01 3.532e-01
5.261e-01 5.554e-01 4.570e-01 4.334e-01 4.555e-01 4.301e-01 3.502e-01
5.297e-01 5.507e-01 4.531e-01 4.297e-01 4.516e-01 4.264e-01 3.472e-01
5.333e-01 5.460e-01 4.493e-01 4.261e-01 4.477e-01 4.228e-01 3.442e-01
5.370e-01 5.413e-01 4.454e-01 4.224e-01 4.439e-01 4.191e-01 3.413e-01
5.407e-01 5.367e-01 4.416e-01 4.188e-01 4.401e-01 4.156e-01 3.384e-01
5.443e-01 5.321e-01 4.378e-01 4.152e-01 4.363e-01 4.120e-01 3.355e-01
5.481e-01 5.275e-01 4.341e-01 4.116e-01 4.326e-01 4.085e-01 3.326e-01
5.518e-01 5.230e-01 4.303e-01 4.081e-01 4.289e-01 4.049e-01 3.297e-01
5.556e-01 5.185e-01 4.266e-01 4.046e-01 4.252e-01 4.015e-01 3.269e-01
5.594e-01 5.140e-01 4.229e-01 4.011e-01 4.215e-01 3.980e-01 3.241e-01
5.632e-01 5.096e-01 4.193e-01 3.976e-01 4.179e-01 3.946e-01 3.213e-01
5.670e-01 5.052e-01 4.157e-01 3.942e-01 4.143e-01 3.912e-01 3.185e-01
5.709e-01 5.008e-01 4.121e-01 3.908e-01 4.107e-01 3.878e-01 3.157e-01
5.748e-01 4.965e-01 4.085e-01 3.874e-01 4.071e-01 3.844e-01 3.130e-01
5.788e-01 4.922e-01 4.050e-01 3.841e-01 4.036e-01 3.811e-01 3.103e-01
5.827e-01 4.880e-01 4.015e-01 3.808e-01 4.001e-01 3.778e-01 3.076e-01
5.867e-01 4.838e-01 3.980e-01 3.775e-01 3.967e-01 3.746e-01 3.050e-01
5.907e-01 4.796e-01 3.946e-01 3.742e-01 3.933e-01 3.713e-01 3.024e-01
5.947e-01 4.755e-01 3.912e-01 3.710e-01 3.899e-01 3.681e-01 2.998e-01
5.988e-01 4.714e-01 3.878e-01 3.678e-01 3.865e-01 3.650e-01 2.972e-01
6.029e-01 4.673e-01 3.845e-01 3.646e-01 3.832e-01 3.618e-01 2.946e-01
6.070e-01 4.632e-01 3.812e-01 3.615e-01 3.799e-01 3.587e-01 2.921e-01
6.112e-01 4.592e-01 3.778e-01 3.583e-01 3.766e-01 3.556e-01 2.895e-01
6.153e-01 4.552e-01 3.746e-01 3.552e-01 3.733e-01 3.525e-01 2.870e-01
6.195e-01 4.513e-01 3.713e-01 3.521e-01 3.700e-01 3.494e-01 2.845e-01
6.238e-01 4.473e-01 3.681e-01 3.491e-01 3.668e-01 3.464e-01 2.820e-01
6.280e-01 4.434e-01 3.649e-01 3.460e-01 3.636e-01 3.433e-01 2.796e-01
6.323e-01 4.395e-01 3.617e-01 3.430e-01 3.604e-01 3.403e-01 2.771e-01
6.366e-01 4.357e-01 3.585e-01 3.400e-01 3.573e-01 3.374e-01 2.747e-01
6.410e-01 4.319e-01 3.554e-01 3.370e-01 3.542e-01 3.344e-01 2.723e-01
6.454e-01 4.281e-01 3.522e-01 3.341e-01 3.510e-01 3.315e-01 2.699e-01
6.498e-01 4.243e-01 3.491e-01 3.311e-01 3.480e-01 3.286e-01 2.675e-01
6.542e-01 4.206e-01 3.461e-01 3.282e-01 3.449e-01 3.257e-01 2.652e-01
6.587e-01 4.169e-01 3.430e-01 3.253e-01 3.419e-01 3.228e-01 2.628e-01
6.632e-01 4.132e-01 3.400e-01 3.224e-01 3.388e-01 3.199e-01 2.605e-01
6.677e-01 4.095e-01 3.370e-01 3.196e-01 3.358e-01 3.171e-01 2.582e-01
6.723e-01 4.059e-01 3.340e-01 3.167e-01 3.329e-01 3.143e-01 2.559e-01
6.769e-01 4.023e-01 3.310e-01 3.139e-01 3.299e-01 3.115e-01 2.536e-01
6.815e-01 3.987e-01 3.280e-01 3.111e-01 3.269e-01 3.087e-01 2.514e-01
6.862e-01 3.951e-01 3.251e-01 3.083e-01 3.240e-01 3.059e-01 2.491e-01
6.908e-01 3.916e-01 3.222e-01 3.056e-01 3.211e-01 3.032e-01 2.469e-01
6.956e-01 3.880e-01 3.193e-01 3.028e-01 3.182e-01 3.005e-01 2.447e-01
7.003e-01 3.846e-01 3.164e-01 3.001e-01 3.153e-01 2.978e-01 2.424e-01
7.051e-01 3.811e-01 3.136e-01 2.974e-01 3.125e-01 2.951e-01 2.403e-01
7.099e-01 3.776e-01 3.107e-01 2.947e-01 3.097e-01 2.924e-01 2.381e-01
7.148e-01 3.742e-01 3.079e-01 2.920e-01 3.069e-01 2.898e-01 2.359e-01
7.197e-01 3.708e-01 3.051e-01 2.894e-01 3.041e-01 2.871e-01 2.338e-01
7.246e-01 3.675e-01 3.024e-01 2.867e-01 3.013e-01 2.845e-01 2.317e-01
7.295e-01 3.641e-01 2.996e-01 2.841e-01 2.986e-01 2.819e-01 2.296e-01
7.345e-01 3.608e-01 2.969e-01 2.815e-01 2.959e-01 2.794e-01 2.275e-01
7.395e-01 3.575e-01 2.942e-01 2.790e-01 2.932e-01 2.768e-01 2.254e-01
7.446e-01 3.542e-01 2.915e-01 2.764e-01 2.905e-01 2.743e-01 2.233e-01
7.497e-01 3.510e-01 2.888e-01 2.739e-01 2.878e-01 2.718e-01 2.213e-01
7.548e-01 3.478e-01 2.861e-01 2.714e-01 2.852e-01 2.693e-01 2.193e-01
7.599e-01 3.446e-01 2.835e-01 2.689e-01 2.826e-01 2.668e-01 2.172e-01
7.651e-01 3.414e-01 2.809e-01 2.664e-01 2.800e-01 2.643e-01 2.152e-01
7.704e-01 3.382e-01 2.783e-01 2.639e-01 2.774e-01 2.619e-01 2.133e-01
7.756e-01 3.351e-01 2.758e-01 2.615e-01 2.748e-01 2.595e-01 2.113e-01
7.809e-01 3.321e-01 2.732e-01 2.591e-01 2.723e-01 2.571e-01 2.094e-01
7.863e-01 3.290e-01 2.707e-01 2.567e-01 2.698e-01 2.547e-01 2.074e-01
7.916e-01 3.260e-01 2.682e-01 2.544e-01 2.673e-01 2.524e-01 2.055e-01
7.970e-01 3.229e-01 2.657e-01 2.520e-01 2.648e-01 2.501e-01 2.036e-01
8.025e-01 3.200e-01 2.633e-01 2.497e-01 2.624e-01 2.477e-01 2.017e-01
8.080e-01 3.170e-01 2.608e-01 2.474e-01 2.599e-01 2.454e-01 1.998e-01
8.135e-01 3.140e-01 2.584e-01 2.451e-01 2.575e-01 2.432e-01 1.980e-01
8.190e-01 3.111e-01 2.560e-01 2.428e-01 2.551e-01 2.409e-01 1.961e-01
8.246e-01 3.082e-01 2.536e-01 2.405e-01 2.527e-01 2.386e-01 1.943e-01
8.303e-01 3.053e-01 2.512e-01 2.383e-01 2.504e-01 2.364e-01 1.925e-01
8.359e-01 3.025e-01 2.489e-01 2.360e-01 2.480e-01 2.342e-01 1.907e-01
8.417e-01 2.996e-01 2.465e-01 2.338e-01 2.457e-01 2.320e-01 1.889e-01
8.474e-01 2.968e-01 2.442e-01 2.316e-01 2.434e-01 2.298e-01 1.871e-01
8.532e-01 2.940e-01 2.419e-01 2.294e-01 2.411e-01 2.276e-01 1.854e-01
8.590e-01 2.912e-01 2.396e-01 2.273e-01 2.388e-01 2.255e-01 1.836e-01
8.649e-01 2.885e-01 2.374e-01 2.251e-01 2.366e-01 2.234e-01 1.819e-01
8.708e-01 2.857e-01 2.351e-01 2.230e-01 2.343e-01 2.212e-01 1.801e-01
8.768e-01 2.830e-01 2.329e-01 2.208e-01 2.321e-01 2.191e-01 1.784e-01
8.827e-01 2.803e-01 2.306e-01 2.187e-01 2.298e-01 2.170e-01 1.767e-01
8.888e-01 2.776e-01 2.284e-01 2.166e-01 2.276e-01 2.149e-01 1.750e-01
8.949e-01 2.749e-01 2.262e-01 2.145e-01 2.254e-01 2.129e-01 1.733e-01
9.010e-01 2.723e-01 2.240e-01 2.125e-01 2.233e-01 2.108e-01 1.717e-01
9.071e-01 2.696e-01 2.219e-01 2.104e-01 2.211e-01 2.088e-01 1.700e-01
9.133e-01 2.670e-01 2.197e-01 2.084e-01 2.190e-01 2.068e-01 1.683e-01
9.196e-01 2.644e-01 2.176e-01 2.063e-01 2.168e-01 2.047e-01 1.667e-01
9.258e-01 2.619e-01 2.155e-01 2.043e-01 2.147e-01 2.028e-01 1.651e-01
9.322e-01 2.593e-01 2.134e-01 2.023e-01 2.126e-01 2.008e-01 1.635e-01
9.385e-01 2.568e-01 2.113e-01 2.004e-01 2.106e-01 1.988e-01 1.619e-01
9.450e-01 2.543e-01 2.092e-01 1.984e-01 2.085e-01 1.969e-01 1.603e-01
9.514e-01 2.518e-01 2.072e-01 1.965e-01 2.065e-01 1.949e-01 1.587e-01
9.579e-01 2.493e-01 2.051e-01 1.945e-01 2.044e-01 1.930e-01 1.572e-01
9.645e-01 2.468e-01 2.031e-01 1.926e-01 2.024e-01 1.911e-01 1.556e-01
9.710e-01 2.445e-01 2.011e-01 1.908e-01 2.005e-01 1.893e-01 1.541e-01
9.777e-01 2.421e-01 1.992e-01 1.889e-01 1.985e-01 1.875e-01 1.526e-01
9.844e-01 2.398e-01 1.973e-01 1.871e-01 1.966e-01 1.856e-01 1.512e-01
9.911e-01 2.374e-01 1.954e-01 1.853e-01 1.947e-01 1.838e-01 1.497e-01
9.979e-01 2.351e-01 1.935e-01 1.835e-01 1.928e-01 1.821e-01 1.482e-01
1.005e+00 2.329e-01 1.916e-01 1.817e-01 1.909e-01 1.803e-01 1.468e-01
1.012e+00 2.306e-01 1.897e-01 1.799e-01 1.891e-01 1.785e-01 1.454e-01
1.018e+00 2.283e-01 1.879e-01 1.782e-01 1.872e-01 1.768e-01 1.440e-01
1.025e+00 2.261e-01 1.860e-01 1.764e-01 1.854e-01 1.751e-01 1.426e-01
1.032e+00 2.239e-01 1.842e-01 1.747e-01 1.836e-01 1.734e-01 1.412e-01
1.039e+00 2.217e-01 1.824e-01 1.730e-01 1.818e-01 1.717e-01 1.398e-01
1.047e+00 2.195e-01 1.806e-01 1.713e-01 1.800e-01 1.700e-01 1.384e-01
1.054e+00 2.173e-01 1.788e-01 1.696e-01 1.782e-01 1.683e-01 1.370e-01
1.061e+00 2.152e-01 1.771e-01 1.679e-01 1.765e-01 1.666e-01 1.357e-01
1.068e+00 2.130e-01 1.753e-01 1.662e-01 1.747e-01 1.649e-01 1.343e-01
1.075e+00 2.109e-01 1.735e-01 1.645e-01 1.729e-01 1.633e-01 1.329e-01
1.083e+00 2.087e-01 1.717e-01 1.629e-01 1.712e-01 1.616e-01 1.316e-01
1.090e+00 2.066e-01 1.700e-01 1.612e-01 1.694e-01 1.600e-01 1.302e-01
1.098e+00 2.045e-01 1.682e-01 1.596e-01 1.677e-01 1.583e-01 1.289e-01
1.105e+00 2.024e-01 1.665e-01 1.579e-01 1.660e-01 1.567e-01 1.276e-01
1.113e+00 2.003e-01 1.648e-01 1.563e-01 1.643e-01 1.551e-01 1.263e-01
1.120e+00 1.982e-01 1.631e-01 1.547e-01 1.626e-01 1.535e-01 1.250e-01
1.128e+00 1.962e-01 1.614e-01 1.531e-01 1.609e-01 1.519e-01 1.237e-01
1.136e+00 1.942e-01 1.598e-01 1.515e-01 1.592e-01 1.503e-01 1.224e-01
1.143e+00 1.922e-01 1.581e-01 1.500e-01 1.576e-01 1.488e-01 1.212e-01
1.151e+00 1.902e-01 1.565e-01 1.484e-01 1.559e-01 1.472e-01 1.199e-01
1.159e+00 1.882e-01 1.548e-01 1.468e-01 1.543e-01 1.457e-01 1.186e-01
1.167e+00 1.862e-01 1.532e-01 1.453e-01 1.527e-01 1.442e-01 1.174e-01
1.175e+00 1.843e-01 1.517e-01 1.438e-01 1.511e-01 1.427e-01 1.162e-01
1.183e+00 1.824e-01 1.501e-01 1.423e-01 1.496e-01 1.412e-01 1.150e-01
1.191e+00 1.805e-01 1.485e-01 1.409e-01 1.480e-01 1.398e-01 1.138e-01
1.199e+00 1.786e-01 1.470e-01 1.394e-01 1.465e-01 1.383e-01 1.126e-01
1.207e+00 1.768e-01 1.455e-01 1.379e-01 1.450e-01 1.369e-01 1.115e-01
1.216e+00 1.749e-01 1.439e-01 1.365e-01 1.434e-01 1.354e-01 1.103e-01
1.224e+00 1.731e-01 1.424e-01 1.351e-01 1.419e-01 1.340e-01 1.091e-01
1.232e+00 1.713e-01 1.409e-01 1.337e-01 1.405e-01 1.326e-01 1.080e-01
1.241e+00 1.695e-01 1.394e-01 1.322e-01 1.390e-01 1.312e-01 1.068e-01
1.249e+00 1.677e-01 1.380e-01 1.308e-01 1.375e-01 1.298e-01 1.057e-01
1.258e+00 1.659e-01 1.365e-01 1.295e-01 1.361e-01 1.285e-01 1.046e-01
1.266e+00 1.642e-01 1.351e-01 1.281e-01 1.346e-01 1.271e-01 1.035e-01
1.275e+00 1.624e-01 1.336e-01 1.267e-01 1.332e-01 1.258e-01 1.024e-01
1.284e+00 1.607e-01 1.322e-01 1.254e-01 1.318e-01 1.244e-01 1.013e-01
1.293e+00 1.590e-01 1.308e-01 1.241e-01 1.304e-01 1.231e-01 1.002e-01
1.301e+00 1.573e-01 1.294e-01 1.227e-01 1.290e-01 1.218e-01 9.917e-02
1.310e+00 1.556e-01 1.280e-01 1.214e-01 1.276e-01 1.205e-01 9.811e-02
1.319e+00 1.540e-01 1.267e-01 1.201e-01 1.262e-01 1.192e-01 9.706e-02
1.328e+00 1.523e-01 1.253e-01 1.188e-01 1.249e-01 1.179e-01 9.602e-02
1.337e+00 1.507e-01 1.240e-01 1.176e-01 1.235e-01 1.167e-01 9.499e-02
1.346e+00 1.490e-01 1.226e-01 1.163e-01 1.222e-01 1.154e-01 9.396e-02
1.356e+00 1.474e-01 1.213e-01 1.150e-01 1.209e-01 1.141e-01 9.294e-02
1.365e+00 1.458e-01 1.200e-01 1.138e-01 1.196e-01 1.129e-01 9.192e-02
1.374e+00 1.442e-01 1.186e-01 1.125e-01 1.182e-01 1.117e-01 9.091e-02
1.384e+00 1.426e-01 1.173e-01 1.113e-01 1.169e-01 1.104e-01 8.991e-02
1.393e+00 1.410e-01 1.160e-01 1.101e-01 1.156e-01 1.092e-01 8.892e-02
1.403e+00 1.395e-01 1.148e-01 1.088e-01 1.144e-01 1.080e-01 8.793e-02
1.412e+00 1.379e-01 1.135e-01 1.076e-01 1.131e-01 1.068e-01 8.695e-02
1.422e+00 1.364e-01 1.122e-01 1.064e-01 1.118e-01 1.056e-01 8.598e-02
1.432e+00 1.349e-01 1.110e-01 1.052e-01 1.106e-01 1.044e-01 8.502e-02
1.441e+00 1.333e-01 1.097e-01 1.041e-01 1.093e-01 1.032e-01 8.407e-02
1.451e+00 1.318e-01 1.085e-01 1.029e-01 1.081e-01 1.021e-01 8.313e-02
1.461e+00 1.304e-01 1.073e-01 1.017e-01 1.069e-01 1.010e-01 8.220e-02
1.471e+00 1.289e-01 1.061e-01 1.006e-01 1.057e-01 9.983e-02 8.129e-02
1.481e+00 1.275e-01 1.049e-01 9.949e-02 1.045e-01 9.872e-02 8.038e-02
1.491e+00 1.261e-01 1.037e-01 9.837e-02 1.034e-01 9.761e-02 7.948e-02
1.501e+00 1.247e-01 1.026e-01 9.727e-02 1.022e-01 9.652e-02 7.859e-02
1.512e+00 1.232e-01 1.014e-01 9.618e-02 1.011e-01 9.543e-02 7.770e-02
1.522e+00 1.219e-01 1.003e-01 9.509e-02 9.993e-02 9.435e-02 7.683e-02
1.532e+00 1.205e-01 9.913e-02 9.401e-02 9.880e-02 9.329e-02 7.596e-02
1.543e+00 1.191e-01 9.801e-02 9.295e-02 9.768e-02 9.223e-02 7.510e-02
1.553e+00 1.178e-01 9.690e-02 9.190e-02 9.657e-02 9.119e-02 7.425e-02
1.564e+00 1.164e-01 9.581e-02 9.087e-02 9.549e-02 9.016e-02 7.341e-02
1.575e+00 1.151e-01 9.473e-02 8.984e-02 9.441e-02 8.915e-02 7.259e-02
1.585e+00 1.138e-01 9.366e-02 8.883e-02 9.334e-02 8.814e-02 7.177e-02
1.596e+00 1.125e-01 9.260e-02 8.782e-02 9.229e-02 8.714e-02 7.095e-02
1.607e+00 1.113e-01 9.155e-02 8.682e-02 9.124e-02 8.615e-02 7.015e-02
1.618e+00 1.100e-01 9.050e-02 8.583e-02 9.020e-02 8.517e-02 6.935e-02
1.629e+00 1.087e-01 8.947e-02 8.485e-02 8.917e-02 8.419e-02 6.856e-02
1.640e+00 1.075e-01 8.845e-02 8.388e-02 8.815e-02 8.323e-02 6.777e-02
1.652e+00 1.063e-01 8.742e-02 8.291e-02 8.713e-02 8.227e-02 6.699e-02
1.663e+00 1.050e-01 8.641e-02 8.195e-02 8.612e-02 8.131e-02 6.621e-02
1.674e+00 1.038e-01 8.540e-02 8.099e-02 8.511e-02 8.037e-02 6.544e-02
1.686e+00 1.026e-01 8.441e-02 8.005e-02 8.412e-02 7.943e-02 6.467e-02
1.697e+00 1.014e-01 8.342e-02 7.911e-02 8.313e-02 7.850e-02 6.392e-02
1.709e+00 1.002e-01 8.244e-02 7.818e-02 8.216e-02 7.758e-02 6.317e-02
1.720e+00 9.901e-02 8.147e-02 7.726e-02 8.119e-02 7.666e-02 6.242e-02
1.732e+00 9.784e-02 8.050e-02 7.635e-02 8.023e-02 7.576e-02 6.168e-02
1.744e+00 9.667e-02 7.954e-02 7.544e-02 7.927e-02 7.485e-02 6.095e-02
1.756e+00 9.547e-02 7.855e-02 7.450e-02 7.829e-02 7.392e-02 6.019e-02
1.768e+00 9.428e-02 7.757e-02 7.357e-02 7.731e-02 7.300e-02 5.944e-02
1.780e+00 9.310e-02 7.660e-02 7.265e-02 7.634e-02 7.208e-02 5.869e-02
1.792e+00 9.193e-02 7.564e-02 7.173e-02 7.538e-02 7.118e-02 5.796e-02
1.804e+00 9.077e-02 7.469e-02 7.083e-02 7.443e-02 7.028e-02 5.723e-02
1.817e+00 8.962e-02 7.374e-02 6.993e-02 7.349e-02 6.939e-02 5.650e-02
1.829e+00 8.848e-02 7.281e-02 6.905e-02 7.256e-02 6.851e-02 5.579e-02
1.842e+00 8.737e-02 7.189e-02 6.818e-02 7.165e-02 6.765e-02 5.508e-02
1.854e+00 8.632e-02 7.103e-02 6.736e-02 7.079e-02 6.684e-02 5.442e-02
1.867e+00 8.528e-02 7.017e-02 6.655e-02 6.993e-02 6.603e-02 5.377e-02
1.880e+00 8.425e-02 6.932e-02 6.574e-02 6.909e-02 6.523e-02 5.312e-02
1.893e+00 8.323e-02 6.848e-02 6.495e-02 6.825e-02 6.444e-02 5.247e-02
1.905e+00 8.222e-02 6.765e-02 6.416e-02 6.742e-02 6.366e-02 5.184e-02
1.918e+00 8.122e-02 6.683e-02 6.338e-02 6.660e-02 6.288e-02 5.120e-02
1.932e+00 8.022e-02 6.601e-02 6.260e-02 6.579e-02 6.212e-02 5.058e-02
1.945e+00 7.922e-02 6.518e-02 6.182e-02 6.496e-02 6.134e-02 4.995e-02
1.958e+00 7.821e-02 6.435e-02 6.103e-02 6.414e-02 6.056e-02 4.931e-02
1.971e+00 7.722e-02 6.353e-02 6.025e-02 6.332e-02 5.979e-02 4.868e-02
1.985e+00 7.623e-02 6.272e-02 5.948e-02 6.251e-02 5.902e-02 4.806e-02
1.998e+00 7.525e-02 6.192e-02 5.872e-02 6.171e-02 5.827e-02 4.744e-02
2.012e+00 7.428e-02 6.112e-02 5.797e-02 6.091e-02 5.752e-02 4.683e-02
2.026e+00 7.332e-02 6.033e-02 5.722e-02 6.013e-02 5.677e-02 4.623e-02
2.040e+00 7.237e-02 5.955e-02 5.648e-02 5.935e-02 5.604e-02 4.563e-02
2.054e+00 7.143e-02 5.878e-02 5.574e-02 5.858e-02 5.531e-02 4.504e-02
2.068e+00 7.050e-02 5.801e-02 5.502e-02 5.781e-02 5.459e-02 4.445e-02
2.082e+00 6.958e-02 5.725e-02 5.430e-02 5.706e-02 5.388e-02 4.387e-02
2.096e+00 6.867e-02 5.650e-02 5.358e-02 5.631e-02 5.317e-02 4.329e-02
2.110e+00 6.776e-02 5.576e-02 5.288e-02 5.557e-02 5.247e-02 4.272e-02
2.125e+00 6.687e-02 5.502e-02 5.218e-02 5.484e-02 5.178e-02 4.216e-02
2.139e+00 6.599e-02 5.430e-02 5.150e-02 5.412e-02 5.110e-02 4.161e-02
2.154e+00 6.512e-02 5.359e-02 5.082e-02 5.340e-02 5.043e-02 4.106e-02
2.169e+00 6.426e-02 5.288e-02 5.015e-02 5.270e-02 4.976e-02 4.052e-02
2.183e+00 6.341e-02 5.218e-02 4.948e-02 5.200e-02 4.910e-02 3.998e-02
2.198e+00 6.257e-02 5.148e-02 4.883e-02 5.131e-02 4.845e-02 3.945e-02
2.213e+00 6.174e-02 5.080e-02 4.818e-02 5.063e-02 4.780e-02 3.892e-02
2.229e+00 6.091e-02 5.012e-02 4.753e-02 4.995e-02 4.716e-02 3.840e-02
2.244e+00 6.009e-02 4.944e-02 4.689e-02 4.928e-02 4.653e-02 3.789e-02
2.259e+00 5.928e-02 4.877e-02 4.626e-02 4.861e-02 4.590e-02 3.737e-02
2.275e+00 5.847e-02 4.811e-02 4.563e-02 4.795e-02 4.527e-02 3.687e-02
2.290e+00 5.768e-02 4.746e-02 4.501e-02 4.730e-02 4.466e-02 3.636e-02
2.306e+00 5.689e-02 4.681e-02 4.439e-02 4.665e-02 4.405e-02 3.587e-02
2.321e+00 5.611e-02 4.616e-02 4.378e-02 4.601e-02 4.344e-02 3.537e-02
2.337e+00 5.535e-02 4.554e-02 4.319e-02 4.539e-02 4.286e-02 3.490e-02
2.353e+00 5.463e-02 4.495e-02 4.263e-02 4.480e-02 4.230e-02 3.444e-02
2.369e+00 5.392e-02 4.436e-02 4.207e-02 4.421e-02 4.175e-02 3.399e-02
2.386e+00 5.321e-02 4.378e-02 4.152e-02 4.364e-02 4.120e-02 3.355e-02
2.402e+00 5.251e-02 4.321e-02 4.098e-02 4.306e-02 4.066e-02 3.311e-02
2.418e+00 5.182e-02 4.264e-02 4.044e-02 4.249e-02 4.012e-02 3.267e-02
2.435e+00 5.108e-02 4.203e-02 3.986e-02 4.189e-02 3.955e-02 3.221e-02
2.451e+00 5.035e-02 4.143e-02 3.929e-02 4.129e-02 3.899e-02 3.174e-02
2.468e+00 4.963e-02 4.083e-02 3.873e-02 4.070e-02 3.843e-02 3.129e-02
2.485e+00 4.891e-02 4.024e-02 3.817e-02 4.011e-02 3.787e-02 3.084e-02
2.502e+00 4.820e-02 3.966e-02 3.761e-02 3.953e-02 3.732e-02 3.039e-02
2.519e+00 4.752e-02 3.910e-02 3.708e-02 3.897e-02 3.679e-02 2.996e-02
2.536e+00 4.684e-02 3.854e-02 3.655e-02 3.841e-02 3.627e-02 2.953e-02
2.554e+00 4.618e-02 3.799e-02 3.603e-02 3.787e-02 3.575e-02 2.911e-02
2.571e+00 4.551e-02 3.745e-02 3.552e-02 3.732e-02 3.524e-02 2.870e-02
2.589e+00 4.486e-02 3.691e-02 3.501e-02 3.679e-02 3.473e-02 2.828e-02
2.606e+00 4.421e-02 3.638e-02 3.450e-02 3.626e-02 3.423e-02 2.788e-02
2.624e+00 4.357e-02 3.585e-02 3.400e-02 3.573e-02 3.373e-02 2.747e-02
2.642e+00 4.293e-02 3.532e-02 3.350e-02 3.520e-02 3.324e-02 2.706e-02
2.660e+00 4.230e-02 3.480e-02 3.300e-02 3.468e-02 3.275e-02 2.667e-02
2.678e+00 4.167e-02 3.429e-02 3.252e-02 3.417e-02 3.226e-02 2.627e-02
2.697e+00 4.105e-02 3.378e-02 3.203e-02 3.366e-02 3.179e-02 2.588e-02
2.715e+00 4.048e-02 3.330e-02 3.159e-02 3.319e-02 3.134e-02 2.552e-02
2.734e+00 3.992e-02 3.285e-02 3.115e-02 3.274e-02 3.091e-02 2.517e-02
2.752e+00 3.937e-02 3.240e-02 3.072e-02 3.229e-02 3.049e-02 2.482e-02
2.771e+00 3.883e-02 3.195e-02 3.030e-02 3.184e-02 3.007e-02 2.448e-02
2.790e+00 3.829e-02 3.150e-02 2.988e-02 3.140e-02 2.965e-02 2.414e-02
2.809e+00 3.767e-02 3.100e-02 2.940e-02 3.089e-02 2.917e-02 2.375e-02
2.828e+00 3.707e-02 3.050e-02 2.893e-02 3.040e-02 2.870e-02 2.337e-02
2.848e+00 3.647e-02 3.001e-02 2.846e-02 2.991e-02 2.824e-02 2.299e-02
2.867e+00 3.588e-02 2.952e-02 2.800e-02 2.942e-02 2.778e-02 2.262e-02
2.887e+00 3.535e-02 2.909e-02 2.758e-02 2.899e-02 2.737e-02 2.229e-02
2.906e+00 3.483e-02 2.866e-02 2.718e-02 2.856e-02 2.697e-02 2.196e-02
2.926e+00 3.432e-02 2.824e-02 2.678e-02 2.814e-02 2.657e-02 2.164e-02
2.946e+00 3.381e-02 2.782e-02 2.638e-02 2.773e-02 2.618e-02 2.132e-02
2.966e+00 3.331e-02 2.741e-02 2.599e-02 2.731e-02 2.579e-02 2.100e-02
2.987e+00 3.281e-02 2.700e-02 2.560e-02 2.691e-02 2.541e-02 2.069e-02
3.007e+00 3.232e-02 2.659e-02 2.522e-02 2.650e-02 2.502e-02 2.038e-02
3.028e+00 3.183e-02 2.619e-02 2.484e-02 2.610e-02 2.465e-02 2.007e-02
3.048e+00 3.135e-02 2.580e-02 2.447e-02 2.571e-02 2.428e-02 1.977e-02
3.069e+00 3.088e-02 2.541e-02 2.410e-02 2.533e-02 2.391e-02 1.947e-02
3.090e+00 3.043e-02 2.504e-02 2.374e-02 2.495e-02 2.356e-02 1.918e-02
3.111e+00 2.997e-02 2.466e-02 2.339e-02 2.458e-02 2.321e-02 1.890e-02
3.132e+00 2.953e-02 2.430e-02 2.304e-02 2.421e-02 2.286e-02 1.862e-02
3.154e+00 2.908e-02 2.393e-02 2.269e-02 2.385e-02 2.252e-02 1.833e-02
3.175e+00 2.863e-02 2.356e-02 2.234e-02 2.348e-02 2.217e-02 1.805e-02
3.197e+00 2.819e-02 2.320e-02 2.200e-02 2.312e-02 2.183e-02 1.777e-02
3.219e+00 2.775e-02 2.284e-02 2.166e-02 2.276e-02 2.149e-02 1.750e-02
3.241e+00 2.729e-02 2.246e-02 2.130e-02 2.238e-02 2.113e-02 1.721e-02
3.263e+00 2.681e-02 2.206e-02 2.092e-02 2.198e-02 2.076e-02 1.690e-02
3.285e+00 2.633e-02 2.166e-02 2.054e-02 2.159e-02 2.038e-02 1.660e-02
3.308e+00 2.585e-02 2.127e-02 2.017e-02 2.120e-02 2.002e-02 1.630e-02
3.330e+00 2.544e-02 2.093e-02 1.985e-02 2.086e-02 1.970e-02 1.604e-02
3.353e+00 2.504e-02 2.061e-02 1.954e-02 2.054e-02 1.939e-02 1.579e-02
3.376e+00 2.466e-02 2.029e-02 1.924e-02 2.022e-02 1.909e-02 1.555e-02
3.399e+00 2.427e-02 1.997e-02 1.894e-02 1.990e-02 1.879e-02 1.530e-02
3.422e+00 2.389e-02 1.966e-02 1.864e-02 1.959e-02 1.850e-02 1.506e-02
3.446e+00 2.351e-02 1.935e-02 1.835e-02 1.928e-02 1.821e-02 1.482e-02
3.469e+00 2.314e-02 1.904e-02 1.806e-02 1.898e-02 1.792e-02 1.459e-02
3.493e+00 2.277e-02 1.874e-02 1.777e-02 1.867e-02 1.763e-02 1.436e-02
3.517e+00 2.240e-02 1.843e-02 1.748e-02 1.837e-02 1.734e-02 1.412e-02
3.541e+00 2.202e-02 1.812e-02 1.719e-02 1.806e-02 1.705e-02 1.389e-02
3.565e+00 2.165e-02 1.781e-02 1.690e-02 1.775e-02 1.676e-02 1.365e-02
3.589e+00 2.128e-02 1.751e-02 1.661e-02 1.745e-02 1.648e-02 1.342e-02
3.614e+00 2.092e-02 1.721e-02 1.632e-02 1.716e-02 1.620e-02 1.319e-02
3.639e+00 2.056e-02 1.692e-02 1.604e-02 1.686e-02 1.592e-02 1.296e-02
3.663e+00 2.021e-02 1.663e-02 1.577e-02 1.657e-02 1.565e-02 1.274e-02
3.688e+00 1.986e-02 1.634e-02 1.549e-02 1.628e-02 1.537e-02 1.252e-02
3.714e+00 1.950e-02 1.604e-02 1.521e-02 1.599e-02 1.510e-02 1.229e-02
3.739e+00 1.914e-02 1.575e-02 1.494e-02 1.570e-02 1.482e-02 1.207e-02
3.765e+00 1.879e-02 1.546e-02 1.466e-02 1.541e-02 1.455e-02 1.185e-02
3.790e+00 1.845e-02 1.518e-02 1.440e-02 1.513e-02 1.429e-02 1.163e-02
3.816e+00 1.815e-02 1.493e-02 1.416e-02 1.488e-02 1.405e-02 1.144e-02
3.842e+00 1.785e-02 1.469e-02 1.393e-02 1.464e-02 1.382e-02 1.125e-02
3.869e+00 1.755e-02 1.444e-02 1.370e-02 1.439e-02 1.359e-02 1.107e-02
3.895e+00 1.726e-02 1.420e-02 1.347e-02 1.416e-02 1.337e-02 1.088e-02
3.922e+00 1.696e-02 1.395e-02 1.323e-02 1.390e-02 1.313e-02 1.069e-02
3.948e+00 1.665e-02 1.370e-02 1.299e-02 1.366e-02 1.289e-02 1.050e-02
3.975e+00 1.635e-02 1.346e-02 1.276e-02 1.341e-02 1.266e-02 1.031e-02
4.003e+00 1.606e-02 1.322e-02 1.254e-02 1.317e-02 1.244e-02 1.013e-02
4.030e+00 1.578e-02 1.299e-02 1.231e-02 1.294e-02 1.222e-02 9.950e-03
4.057e+00 1.550e-02 1.276e-02 1.210e-02 1.271e-02 1.200e-02 9.774e-03
4.085e+00 1.523e-02 1.253e-02 1.188e-02 1.249e-02 1.179e-02 9.601e-03
4.113e+00 nan nan nan nan nan nan
4.141e+00 nan nan nan nan nan nan
4.169e+00 nan nan nan nan nan nan
4.198e+00 nan nan nan nan nan nan
4.227e+00 nan nan nan nan nan nan
4.255e+00 nan nan nan nan nan nan
4.285e+00 nan nan nan nan nan nan
4.314e+00 nan nan nan nan nan nan
4.343e+00 nan nan nan nan nan nan
4.373e+00 nan nan nan nan nan nan
4.403e+00 nan nan nan nan nan nan
4.433e+00 nan nan nan nan nan nan
4.463e+00 nan nan nan nan nan nan
4.494e+00 nan nan nan nan nan nan
4.524e+00 nan nan nan nan nan nan
4.555e+00 nan nan nan nan nan nan
4.586e+00 nan nan nan nan nan nan
4.618e+00 nan nan nan nan nan nan
4.649e+00 nan nan nan nan nan nan
4.681e+00 nan nan nan nan nan nan
4.713e+00 nan nan nan nan nan nan
4.745e+00 nan nan nan nan nan nan
4.778e+00 nan nan nan nan nan nan
4.810e+00 nan nan nan nan nan nan
4.843e+00 nan nan nan nan nan nan
4.876e+00 nan nan nan nan nan nan
4.910e+00 nan nan nan nan nan nan
4.943e+00 nan nan nan nan nan nan
4.977e+00 nan nan nan nan nan nan
5.011e+00 nan nan nan nan nan nan
5.045e+00 nan nan nan nan nan nan
5.080e+00 nan nan nan nan nan nan
5.114e+00 nan nan nan nan nan nan
5.149e+00 nan nan nan nan nan nan
5.185e+00 nan nan nan nan nan nan
5.220e+00 nan nan nan nan nan nan
5.256e+00 nan nan nan nan nan nan
5.292e+00 nan nan nan nan nan nan
5.328e+00 nan nan nan nan nan nan
5.364e+00 nan nan nan nan nan nan
5.401e+00 nan nan nan nan nan nan
5.438e+00 nan nan nan nan nan nan
5.475e+00 nan nan nan nan nan nan
5.512e+00 nan nan nan nan nan nan
5.550e+00 nan nan nan nan nan nan
5.588e+00 nan nan nan nan nan nan
5.626e+00 nan nan nan nan nan nan
5.664e+00 nan nan nan nan nan nan
5.703e+00 nan nan nan nan nan nan
5.742e+00 nan nan nan nan nan nan
5.781e+00 nan nan nan nan nan nan
5.821e+00 nan nan nan nan nan nan
5.861e+00 nan nan nan nan nan nan
5.901e+00 nan nan nan nan nan nan
5.941e+00 nan nan nan nan nan nan
5.982e+00 nan nan nan nan nan nan
6.022e+00 nan nan nan nan nan nan
6.064e+00 nan nan nan nan nan nan
6.105e+00 nan nan nan nan nan nan
6.147e+00 nan nan nan nan nan nan
6.189e+00 nan nan nan nan nan nan
6.231e+00 nan nan nan nan nan nan
6.274e+00 nan nan nan nan nan nan
6.316e+00 nan nan nan nan nan nan
6.360e+00 nan nan nan nan nan nan
6.403e+00 nan nan nan nan nan nan
6.447e+00 nan nan nan nan nan nan
6.491e+00 nan nan nan nan nan nan
6.535e+00 nan nan nan nan nan nan
6.580e+00 nan nan nan nan nan nan
6.625e+00 nan nan nan nan nan nan
6.670e+00 nan nan nan nan nan nan
6.716e+00 nan nan nan nan nan nan
6.761e+00 nan nan nan nan nan nan
6.808e+00 nan nan nan nan nan nan
6.854e+00 nan nan nan nan nan nan
6.901e+00 nan nan nan nan nan nan
6.948e+00 nan nan nan nan nan nan
6.996e+00 nan nan nan nan nan nan
7.043e+00 nan nan nan nan nan nan
7.092e+00 nan nan nan nan nan nan
7.140e+00 nan nan nan nan nan nan
7.189e+00 nan nan nan nan nan nan
7.238e+00 nan nan nan nan nan nan
7.287e+00 nan nan nan nan nan nan
7.337e+00 nan nan nan nan nan nan
7.387e+00 nan nan nan nan nan nan
7.438e+00 nan nan nan nan nan nan
7.489e+00 nan nan nan nan nan nan
7.540e+00 nan nan nan nan nan nan
7.591e+00 nan nan nan nan nan nan
7.643e+00 nan nan nan nan nan nan
7.695e+00 nan nan nan nan nan nan
7.748e+00 nan nan nan nan nan nan
7.801e+00 nan nan nan nan nan nan
7.854e+00 nan nan nan nan nan nan
7.908e+00 nan nan nan nan nan nan
7.962e+00 nan nan nan nan nan nan
8.016e+00 nan nan nan nan nan nan
8.071e+00 nan nan nan nan nan nan
8.126e+00 nan nan nan nan nan nan
8.182e+00 nan nan nan nan nan nan
8.238e+00 nan nan nan nan nan nan
8.294e+00 nan nan nan nan nan nan
8.351e+00 nan nan nan nan nan nan
8.408e+00 nan nan nan nan nan nan
8.465e+00 nan nan nan nan nan nan
8.523e+00 nan nan nan nan nan nan
8.581e+00 nan nan nan nan nan nan
8.640e+00 nan nan nan nan nan nan
8.699e+00 nan nan nan nan nan nan
8.758e+00 nan nan nan nan nan nan
8.818e+00 nan nan nan nan nan nan
8.878e+00 nan nan nan nan nan nan
8.939e+00 nan nan nan nan nan nan
9.000e+00 nan nan nan nan nan nan
