# e- + H+ + LiH -> H + LiH+ + e-
# Number of initial vibrational states: 3
# Number of final vibrational states: 7
# 
1.000e-02 3.606e+01 7.919e+01 8.194e+01
1.007e-02 3.582e+01 7.864e+01 8.137e+01
1.014e-02 3.557e+01 7.810e+01 8.081e+01
1.021e-02 3.532e+01 7.756e+01 8.025e+01
1.028e-02 3.508e+01 7.702e+01 7.969e+01
1.035e-02 3.483e+01 7.649e+01 7.914e+01
1.042e-02 3.459e+01 7.596e+01 7.859e+01
1.050e-02 3.435e+01 7.543e+01 7.805e+01
1.057e-02 3.411e+01 7.491e+01 7.751e+01
1.064e-02 3.388e+01 7.439e+01 7.697e+01
1.072e-02 3.364e+01 7.387e+01 7.644e+01
1.079e-02 3.341e+01 7.336e+01 7.591e+01
1.087e-02 3.318e+01 7.285e+01 7.538e+01
1.094e-02 3.295e+01 7.235e+01 7.486e+01
1.102e-02 3.272e+01 7.185e+01 7.434e+01
1.109e-02 3.249e+01 7.135e+01 7.383e+01
1.117e-02 3.227e+01 7.085e+01 7.331e+01
1.125e-02 3.204e+01 7.036e+01 7.281e+01
1.133e-02 3.182e+01 6.987e+01 7.230e+01
1.140e-02 3.160e+01 6.939e+01 7.180e+01
1.148e-02 3.138e+01 6.891e+01 7.130e+01
1.156e-02 3.117e+01 6.843e+01 7.081e+01
1.164e-02 3.095e+01 6.796e+01 7.032e+01
1.172e-02 3.074e+01 6.749e+01 6.983e+01
1.181e-02 3.052e+01 6.702e+01 6.935e+01
1.189e-02 3.031e+01 6.655e+01 6.887e+01
1.197e-02 3.010e+01 6.609e+01 6.839e+01
1.205e-02 2.989e+01 6.563e+01 6.791e+01
1.214e-02 2.968e+01 6.518e+01 6.744e+01
1.222e-02 2.948e+01 6.473e+01 6.698e+01
1.231e-02 2.927e+01 6.428e+01 6.651e+01
1.239e-02 2.907e+01 6.383e+01 6.605e+01
1.248e-02 2.887e+01 6.339e+01 6.559e+01
1.256e-02 2.867e+01 6.295e+01 6.514e+01
1.265e-02 2.847e+01 6.251e+01 6.469e+01
1.274e-02 2.827e+01 6.208e+01 6.424e+01
1.283e-02 2.808e+01 6.165e+01 6.379e+01
1.292e-02 2.788e+01 6.122e+01 6.335e+01
1.301e-02 2.769e+01 6.080e+01 6.291e+01
1.310e-02 2.750e+01 6.037e+01 6.247e+01
1.319e-02 2.731e+01 5.995e+01 6.204e+01
1.328e-02 2.712e+01 5.954e+01 6.161e+01
1.337e-02 2.693e+01 5.913e+01 6.118e+01
1.346e-02 2.674e+01 5.871e+01 6.076e+01
1.356e-02 2.656e+01 5.831e+01 6.034e+01
1.365e-02 2.637e+01 5.790e+01 5.992e+01
1.374e-02 2.619e+01 5.750e+01 5.950e+01
1.384e-02 2.601e+01 5.710e+01 5.909e+01
1.394e-02 2.583e+01 5.671e+01 5.868e+01
1.403e-02 2.565e+01 5.631e+01 5.827e+01
1.413e-02 2.547e+01 5.592e+01 5.787e+01
1.423e-02 2.529e+01 5.553e+01 5.747e+01
1.433e-02 2.512e+01 5.515e+01 5.707e+01
1.443e-02 2.494e+01 5.476e+01 5.667e+01
1.453e-02 2.477e+01 5.438e+01 5.628e+01
1.463e-02 2.460e+01 5.401e+01 5.589e+01
1.473e-02 2.443e+01 5.363e+01 5.550e+01
1.483e-02 2.426e+01 5.326e+01 5.511e+01
1.493e-02 2.409e+01 5.289e+01 5.473e+01
1.504e-02 2.392e+01 5.252e+01 5.435e+01
1.514e-02 2.376e+01 5.216e+01 5.397e+01
1.525e-02 2.359e+01 5.179e+01 5.360e+01
1.535e-02 2.343e+01 5.143e+01 5.323e+01
1.546e-02 2.326e+01 5.108e+01 5.286e+01
1.557e-02 2.310e+01 5.072e+01 5.249e+01
1.567e-02 2.294e+01 5.037e+01 5.213e+01
1.578e-02 2.278e+01 5.002e+01 5.176e+01
1.589e-02 2.262e+01 4.967e+01 5.140e+01
1.600e-02 2.247e+01 4.933e+01 5.105e+01
1.611e-02 2.231e+01 4.898e+01 5.069e+01
1.623e-02 2.216e+01 4.864e+01 5.034e+01
1.634e-02 2.200e+01 4.831e+01 4.999e+01
1.645e-02 2.185e+01 4.797e+01 4.964e+01
1.657e-02 2.170e+01 4.764e+01 4.930e+01
1.668e-02 2.155e+01 4.731e+01 4.896e+01
1.680e-02 2.140e+01 4.698e+01 4.862e+01
1.691e-02 2.125e+01 4.665e+01 4.828e+01
1.703e-02 2.110e+01 4.633e+01 4.794e+01
1.715e-02 2.095e+01 4.600e+01 4.761e+01
1.727e-02 2.081e+01 4.568e+01 4.728e+01
1.739e-02 2.066e+01 4.537e+01 4.695e+01
1.751e-02 2.052e+01 4.505e+01 4.662e+01
1.763e-02 2.038e+01 4.474e+01 4.630e+01
1.775e-02 2.024e+01 4.443e+01 4.598e+01
1.788e-02 2.010e+01 4.412e+01 4.566e+01
1.800e-02 1.996e+01 4.381e+01 4.534e+01
1.812e-02 1.982e+01 4.351e+01 4.503e+01
1.825e-02 1.968e+01 4.320e+01 4.471e+01
1.838e-02 1.954e+01 4.290e+01 4.440e+01
1.850e-02 1.941e+01 4.260e+01 4.409e+01
1.863e-02 1.927e+01 4.231e+01 4.379e+01
1.876e-02 1.914e+01 4.201e+01 4.348e+01
1.889e-02 1.900e+01 4.172e+01 4.318e+01
1.902e-02 1.887e+01 4.143e+01 4.288e+01
1.916e-02 1.874e+01 4.114e+01 4.258e+01
1.929e-02 1.861e+01 4.086e+01 4.228e+01
1.942e-02 1.848e+01 4.057e+01 4.199e+01
1.956e-02 1.835e+01 4.029e+01 4.170e+01
1.969e-02 1.822e+01 4.001e+01 4.141e+01
1.983e-02 1.810e+01 3.973e+01 4.112e+01
1.997e-02 1.797e+01 3.945e+01 4.083e+01
2.010e-02 1.785e+01 3.918e+01 4.055e+01
2.024e-02 1.772e+01 3.891e+01 4.027e+01
2.038e-02 1.760e+01 3.863e+01 3.999e+01
2.053e-02 1.748e+01 3.836e+01 3.971e+01
2.067e-02 1.735e+01 3.810e+01 3.943e+01
2.081e-02 1.723e+01 3.783e+01 3.916e+01
2.096e-02 1.711e+01 3.757e+01 3.888e+01
2.110e-02 1.699e+01 3.731e+01 3.861e+01
2.125e-02 1.688e+01 3.705e+01 3.834e+01
2.140e-02 1.676e+01 3.679e+01 3.808e+01
2.154e-02 1.664e+01 3.653e+01 3.781e+01
2.169e-02 1.653e+01 3.628e+01 3.755e+01
2.184e-02 1.641e+01 3.602e+01 3.729e+01
2.200e-02 1.630e+01 3.577e+01 3.703e+01
2.215e-02 1.618e+01 3.552e+01 3.677e+01
2.230e-02 1.607e+01 3.528e+01 3.651e+01
2.246e-02 1.596e+01 3.503e+01 3.626e+01
2.261e-02 1.585e+01 3.479e+01 3.601e+01
2.277e-02 1.574e+01 3.454e+01 3.576e+01
2.293e-02 1.563e+01 3.430e+01 3.551e+01
2.309e-02 1.552e+01 3.406e+01 3.526e+01
2.325e-02 1.541e+01 3.383e+01 3.501e+01
2.341e-02 1.530e+01 3.359e+01 3.477e+01
2.357e-02 1.520e+01 3.336e+01 3.453e+01
2.373e-02 1.509e+01 3.312e+01 3.429e+01
2.390e-02 1.498e+01 3.289e+01 3.405e+01
2.406e-02 1.488e+01 3.266e+01 3.381e+01
2.423e-02 1.478e+01 3.243e+01 3.357e+01
2.440e-02 1.467e+01 3.221e+01 3.334e+01
2.457e-02 1.457e+01 3.198e+01 3.311e+01
2.474e-02 1.447e+01 3.176e+01 3.288e+01
2.491e-02 1.437e+01 3.154e+01 3.265e+01
2.508e-02 1.427e+01 3.132e+01 3.242e+01
2.526e-02 1.417e+01 3.110e+01 3.219e+01
2.543e-02 1.407e+01 3.088e+01 3.197e+01
2.561e-02 1.397e+01 3.067e+01 3.174e+01
2.579e-02 1.387e+01 3.045e+01 3.152e+01
2.597e-02 1.378e+01 3.024e+01 3.130e+01
2.615e-02 1.368e+01 3.003e+01 3.108e+01
2.633e-02 1.359e+01 2.982e+01 3.087e+01
2.651e-02 1.349e+01 2.961e+01 3.065e+01
2.669e-02 1.340e+01 2.940e+01 3.044e+01
2.688e-02 1.330e+01 2.920e+01 3.022e+01
2.707e-02 1.321e+01 2.899e+01 3.001e+01
2.725e-02 1.312e+01 2.879e+01 2.980e+01
2.744e-02 1.303e+01 2.859e+01 2.960e+01
2.763e-02 1.293e+01 2.839e+01 2.939e+01
2.783e-02 1.284e+01 2.819e+01 2.918e+01
2.802e-02 1.275e+01 2.799e+01 2.898e+01
2.821e-02 1.267e+01 2.780e+01 2.878e+01
2.841e-02 1.258e+01 2.760e+01 2.858e+01
2.861e-02 1.249e+01 2.741e+01 2.838e+01
2.880e-02 1.240e+01 2.722e+01 2.818e+01
2.900e-02 1.231e+01 2.703e+01 2.798e+01
2.921e-02 1.223e+01 2.684e+01 2.779e+01
2.941e-02 1.214e+01 2.665e+01 2.759e+01
2.961e-02 1.206e+01 2.647e+01 2.740e+01
2.982e-02 1.197e+01 2.628e+01 2.721e+01
3.002e-02 1.189e+01 2.610e+01 2.702e+01
3.023e-02 1.181e+01 2.591e+01 2.683e+01
3.044e-02 1.172e+01 2.573e+01 2.664e+01
3.065e-02 1.164e+01 2.555e+01 2.645e+01
3.087e-02 1.156e+01 2.537e+01 2.627e+01
3.108e-02 1.148e+01 2.520e+01 2.608e+01
3.130e-02 1.140e+01 2.502e+01 2.590e+01
3.151e-02 1.132e+01 2.484e+01 2.572e+01
3.173e-02 1.124e+01 2.467e+01 2.554e+01
3.195e-02 1.116e+01 2.450e+01 2.536e+01
3.217e-02 1.108e+01 2.432e+01 2.518e+01
3.240e-02 1.101e+01 2.415e+01 2.501e+01
3.262e-02 1.093e+01 2.399e+01 2.483e+01
3.285e-02 1.085e+01 2.382e+01 2.466e+01
3.308e-02 1.078e+01 2.365e+01 2.449e+01
3.331e-02 1.070e+01 2.348e+01 2.431e+01
3.354e-02 1.063e+01 2.332e+01 2.414e+01
3.377e-02 1.055e+01 2.316e+01 2.397e+01
3.400e-02 1.048e+01 2.299e+01 2.381e+01
3.424e-02 1.040e+01 2.283e+01 2.364e+01
3.448e-02 1.033e+01 2.267e+01 2.347e+01
3.472e-02 1.026e+01 2.251e+01 2.331e+01
3.496e-02 1.019e+01 2.236e+01 2.315e+01
3.520e-02 1.012e+01 2.220e+01 2.298e+01
3.544e-02 1.004e+01 2.204e+01 2.282e+01
3.569e-02 9.974e+00 2.189e+01 2.266e+01
3.594e-02 9.904e+00 2.173e+01 2.250e+01
3.619e-02 9.834e+00 2.158e+01 2.235e+01
3.644e-02 9.765e+00 2.143e+01 2.219e+01
3.669e-02 9.697e+00 2.128e+01 2.203e+01
3.695e-02 9.629e+00 2.113e+01 2.188e+01
3.720e-02 9.561e+00 2.098e+01 2.172e+01
3.746e-02 9.494e+00 2.083e+01 2.157e+01
3.772e-02 9.427e+00 2.069e+01 2.142e+01
3.798e-02 9.361e+00 2.054e+01 2.127e+01
3.825e-02 9.296e+00 2.040e+01 2.112e+01
3.851e-02 9.230e+00 2.025e+01 2.097e+01
3.878e-02 9.165e+00 2.011e+01 2.083e+01
3.905e-02 9.101e+00 1.997e+01 2.068e+01
3.932e-02 9.037e+00 1.983e+01 2.053e+01
3.959e-02 8.973e+00 1.969e+01 2.039e+01
3.987e-02 8.910e+00 1.955e+01 2.025e+01
4.014e-02 8.848e+00 1.942e+01 2.010e+01
4.042e-02 8.786e+00 1.928e+01 1.996e+01
4.070e-02 8.724e+00 1.914e+01 1.982e+01
4.098e-02 8.662e+00 1.901e+01 1.968e+01
4.127e-02 8.601e+00 1.887e+01 1.954e+01
4.155e-02 8.541e+00 1.874e+01 1.941e+01
4.184e-02 8.481e+00 1.861e+01 1.927e+01
4.213e-02 8.421e+00 1.848e+01 1.913e+01
4.243e-02 8.362e+00 1.835e+01 1.900e+01
4.272e-02 8.303e+00 1.822e+01 1.887e+01
4.302e-02 8.245e+00 1.809e+01 1.873e+01
4.331e-02 8.187e+00 1.796e+01 1.860e+01
4.362e-02 8.129e+00 1.784e+01 1.847e+01
4.392e-02 8.072e+00 1.771e+01 1.834e+01
4.422e-02 8.015e+00 1.759e+01 1.821e+01
4.453e-02 7.958e+00 1.746e+01 1.808e+01
4.484e-02 7.902e+00 1.734e+01 1.796e+01
4.515e-02 7.847e+00 1.722e+01 1.783e+01
4.546e-02 7.791e+00 1.710e+01 1.770e+01
4.578e-02 7.736e+00 1.697e+01 1.758e+01
4.610e-02 7.682e+00 1.686e+01 1.745e+01
4.642e-02 7.628e+00 1.674e+01 1.733e+01
4.674e-02 7.574e+00 1.662e+01 1.721e+01
4.706e-02 7.520e+00 1.650e+01 1.709e+01
4.739e-02 7.467e+00 1.638e+01 1.697e+01
4.772e-02 7.415e+00 1.627e+01 1.685e+01
4.805e-02 7.362e+00 1.615e+01 1.673e+01
4.838e-02 7.310e+00 1.604e+01 1.661e+01
4.872e-02 7.259e+00 1.593e+01 1.649e+01
4.906e-02 7.207e+00 1.581e+01 1.638e+01
4.940e-02 7.157e+00 1.570e+01 1.626e+01
4.974e-02 7.106e+00 1.559e+01 1.615e+01
5.008e-02 7.056e+00 1.548e+01 1.603e+01
5.043e-02 7.006e+00 1.537e+01 1.592e+01
5.078e-02 6.956e+00 1.526e+01 1.581e+01
5.113e-02 6.907e+00 1.515e+01 1.569e+01
5.149e-02 6.858e+00 1.505e+01 1.558e+01
5.185e-02 6.810e+00 1.494e+01 1.547e+01
5.221e-02 6.762e+00 1.483e+01 1.536e+01
5.257e-02 6.714e+00 1.473e+01 1.526e+01
5.293e-02 6.666e+00 1.463e+01 1.515e+01
5.330e-02 6.619e+00 1.452e+01 1.504e+01
5.367e-02 6.572e+00 1.442e+01 1.493e+01
5.404e-02 6.526e+00 1.432e+01 1.483e+01
5.442e-02 6.480e+00 1.422e+01 1.472e+01
5.479e-02 6.434e+00 1.411e+01 1.462e+01
5.517e-02 6.388e+00 1.401e+01 1.452e+01
5.556e-02 6.343e+00 1.392e+01 1.441e+01
5.594e-02 6.298e+00 1.382e+01 1.431e+01
5.633e-02 6.253e+00 1.372e+01 1.421e+01
5.672e-02 6.209e+00 1.362e+01 1.411e+01
5.712e-02 6.165e+00 1.352e+01 1.401e+01
5.751e-02 6.121e+00 1.343e+01 1.391e+01
5.791e-02 6.078e+00 1.333e+01 1.381e+01
5.831e-02 6.035e+00 1.324e+01 1.371e+01
5.872e-02 5.992e+00 1.314e+01 1.362e+01
5.913e-02 5.949e+00 1.305e+01 1.352e+01
5.954e-02 5.907e+00 1.296e+01 1.342e+01
5.995e-02 5.865e+00 1.287e+01 1.333e+01
6.036e-02 5.824e+00 1.277e+01 1.323e+01
6.078e-02 5.782e+00 1.268e+01 1.314e+01
6.120e-02 5.741e+00 1.259e+01 1.305e+01
6.163e-02 5.700e+00 1.250e+01 1.295e+01
6.206e-02 5.660e+00 1.242e+01 1.286e+01
6.249e-02 5.620e+00 1.233e+01 1.277e+01
6.292e-02 5.580e+00 1.224e+01 1.268e+01
6.336e-02 5.540e+00 1.215e+01 1.259e+01
6.380e-02 5.501e+00 1.207e+01 1.250e+01
6.424e-02 5.462e+00 1.198e+01 1.241e+01
6.469e-02 5.423e+00 1.189e+01 1.232e+01
6.513e-02 5.384e+00 1.181e+01 1.223e+01
6.559e-02 5.346e+00 1.173e+01 1.215e+01
6.604e-02 5.308e+00 1.164e+01 1.206e+01
6.650e-02 5.270e+00 1.156e+01 1.197e+01
6.696e-02 5.232e+00 1.148e+01 1.189e+01
6.743e-02 5.195e+00 1.139e+01 1.180e+01
6.789e-02 5.158e+00 1.131e+01 1.172e+01
6.837e-02 5.121e+00 1.123e+01 1.164e+01
6.884e-02 5.085e+00 1.115e+01 1.155e+01
6.932e-02 5.048e+00 1.107e+01 1.147e+01
6.980e-02 5.012e+00 1.099e+01 1.139e+01
7.028e-02 4.977e+00 1.092e+01 1.131e+01
7.077e-02 4.941e+00 1.084e+01 1.123e+01
7.126e-02 4.906e+00 1.076e+01 1.115e+01
7.176e-02 4.871e+00 1.068e+01 1.107e+01
7.225e-02 4.836e+00 1.061e+01 1.099e+01
7.275e-02 4.802e+00 1.053e+01 1.091e+01
7.326e-02 4.767e+00 1.046e+01 1.083e+01
7.377e-02 4.733e+00 1.038e+01 1.076e+01
7.428e-02 4.699e+00 1.031e+01 1.068e+01
7.480e-02 4.666e+00 1.023e+01 1.060e+01
7.531e-02 4.632e+00 1.016e+01 1.053e+01
7.584e-02 4.599e+00 1.009e+01 1.045e+01
7.636e-02 4.566e+00 1.001e+01 1.038e+01
7.689e-02 4.534e+00 9.942e+00 1.030e+01
7.743e-02 4.501e+00 9.871e+00 1.023e+01
7.796e-02 4.469e+00 9.800e+00 1.016e+01
7.850e-02 4.437e+00 9.730e+00 1.008e+01
7.905e-02 4.405e+00 9.660e+00 1.001e+01
7.960e-02 4.373e+00 9.591e+00 9.938e+00
8.015e-02 4.342e+00 9.522e+00 9.867e+00
8.071e-02 4.311e+00 9.453e+00 9.796e+00
8.127e-02 4.280e+00 9.385e+00 9.726e+00
8.183e-02 4.249e+00 9.318e+00 9.656e+00
8.240e-02 4.219e+00 9.251e+00 9.587e+00
8.297e-02 4.189e+00 9.185e+00 9.518e+00
8.355e-02 4.158e+00 9.119e+00 9.450e+00
8.412e-02 4.129e+00 9.053e+00 9.382e+00
8.471e-02 4.099e+00 8.988e+00 9.315e+00
8.530e-02 4.069e+00 8.923e+00 9.248e+00
8.589e-02 4.040e+00 8.859e+00 9.181e+00
8.648e-02 4.011e+00 8.795e+00 9.115e+00
8.708e-02 3.982e+00 8.732e+00 9.050e+00
8.769e-02 3.954e+00 8.669e+00 8.985e+00
8.830e-02 3.925e+00 8.606e+00 8.920e+00
8.891e-02 3.897e+00 8.544e+00 8.856e+00
8.953e-02 3.869e+00 8.483e+00 8.792e+00
9.015e-02 3.841e+00 8.421e+00 8.729e+00
9.077e-02 3.813e+00 8.361e+00 8.666e+00
9.140e-02 3.786e+00 8.300e+00 8.603e+00
9.204e-02 3.759e+00 8.240e+00 8.541e+00
9.268e-02 3.731e+00 8.181e+00 8.480e+00
9.332e-02 3.705e+00 8.122e+00 8.419e+00
9.397e-02 3.678e+00 8.063e+00 8.358e+00
9.462e-02 3.651e+00 8.005e+00 8.297e+00
9.527e-02 3.625e+00 7.947e+00 8.238e+00
9.594e-02 3.599e+00 7.889e+00 8.178e+00
9.660e-02 3.573e+00 7.832e+00 8.119e+00
9.727e-02 3.547e+00 7.775e+00 8.060e+00
9.795e-02 3.521e+00 7.719e+00 8.002e+00
9.863e-02 3.496e+00 7.663e+00 7.944e+00
9.931e-02 3.470e+00 7.608e+00 7.887e+00
1.000e-01 3.445e+00 7.552e+00 7.830e+00
1.007e-01 3.420e+00 7.498e+00 7.773e+00
1.014e-01 3.395e+00 7.443e+00 7.717e+00
1.021e-01 3.371e+00 7.389e+00 7.661e+00
1.028e-01 3.346e+00 7.336e+00 7.605e+00
1.035e-01 3.322e+00 7.282e+00 7.550e+00
1.042e-01 3.298e+00 7.230e+00 7.495e+00
1.050e-01 3.274e+00 7.177e+00 7.441e+00
1.057e-01 3.250e+00 7.125e+00 7.387e+00
1.064e-01 3.226e+00 7.073e+00 7.333e+00
1.072e-01 3.203e+00 7.022e+00 7.280e+00
1.079e-01 3.180e+00 6.970e+00 7.227e+00
1.087e-01 3.156e+00 6.920e+00 7.175e+00
1.094e-01 3.133e+00 6.869e+00 7.123e+00
1.102e-01 3.111e+00 6.819e+00 7.071e+00
1.109e-01 3.088e+00 6.770e+00 7.019e+00
1.117e-01 3.065e+00 6.720e+00 6.968e+00
1.125e-01 3.043e+00 6.671e+00 6.918e+00
1.133e-01 3.021e+00 6.623e+00 6.867e+00
1.140e-01 2.999e+00 6.574e+00 6.817e+00
1.148e-01 2.977e+00 6.526e+00 6.767e+00
1.156e-01 2.955e+00 6.479e+00 6.718e+00
1.164e-01 2.933e+00 6.431e+00 6.669e+00
1.172e-01 2.912e+00 6.384e+00 6.620e+00
1.181e-01 2.891e+00 6.337e+00 6.572e+00
1.189e-01 2.869e+00 6.291e+00 6.524e+00
1.197e-01 2.848e+00 6.245e+00 6.477e+00
1.205e-01 2.827e+00 6.199e+00 6.429e+00
1.214e-01 2.807e+00 6.154e+00 6.382e+00
1.222e-01 2.786e+00 6.109e+00 6.336e+00
1.231e-01 2.766e+00 6.064e+00 6.289e+00
1.239e-01 2.745e+00 6.020e+00 6.243e+00
1.248e-01 2.725e+00 5.975e+00 6.197e+00
1.256e-01 2.705e+00 5.932e+00 6.152e+00
1.265e-01 2.685e+00 5.888e+00 6.107e+00
1.274e-01 2.665e+00 5.845e+00 6.062e+00
1.283e-01 2.646e+00 5.802e+00 6.018e+00
1.292e-01 2.626e+00 5.759e+00 5.974e+00
1.301e-01 2.607e+00 5.717e+00 5.930e+00
1.310e-01 2.588e+00 5.675e+00 5.886e+00
1.319e-01 2.569e+00 5.633e+00 5.843e+00
1.328e-01 2.550e+00 5.591e+00 5.800e+00
1.337e-01 2.531e+00 5.550e+00 5.757e+00
1.346e-01 2.512e+00 5.509e+00 5.715e+00
1.356e-01 2.494e+00 5.469e+00 5.673e+00
1.365e-01 2.475e+00 5.428e+00 5.631e+00
1.374e-01 2.457e+00 5.388e+00 5.590e+00
1.384e-01 2.439e+00 5.348e+00 5.549e+00
1.394e-01 2.421e+00 5.309e+00 5.508e+00
1.403e-01 2.403e+00 5.270e+00 5.467e+00
1.413e-01 2.385e+00 5.231e+00 5.427e+00
1.423e-01 2.367e+00 5.192e+00 5.387e+00
1.433e-01 2.350e+00 5.153e+00 5.347e+00
1.443e-01 2.332e+00 5.115e+00 5.307e+00
1.453e-01 2.315e+00 5.077e+00 5.268e+00
1.463e-01 2.298e+00 5.040e+00 5.229e+00
1.473e-01 2.281e+00 5.002e+00 5.190e+00
1.483e-01 2.264e+00 4.965e+00 5.151e+00
1.493e-01 2.247e+00 4.928e+00 5.113e+00
1.504e-01 2.230e+00 4.892e+00 5.075e+00
1.514e-01 2.214e+00 4.855e+00 5.037e+00
1.525e-01 2.197e+00 4.819e+00 4.999e+00
1.535e-01 2.181e+00 4.783e+00 4.961e+00
1.546e-01 2.165e+00 4.748e+00 4.924e+00
1.557e-01 2.149e+00 4.712e+00 4.887e+00
1.567e-01 2.133e+00 4.677e+00 4.851e+00
1.578e-01 2.117e+00 4.642e+00 4.814e+00
1.589e-01 2.101e+00 4.608e+00 4.778e+00
1.600e-01 2.085e+00 4.573e+00 4.742e+00
1.611e-01 2.070e+00 4.539e+00 4.706e+00
1.623e-01 2.054e+00 4.505e+00 4.671e+00
1.634e-01 2.039e+00 4.472e+00 4.636e+00
1.645e-01 2.024e+00 4.438e+00 4.601e+00
1.657e-01 2.008e+00 4.405e+00 4.566e+00
1.668e-01 1.993e+00 4.372e+00 4.532e+00
1.680e-01 1.978e+00 4.339e+00 4.497e+00
1.691e-01 1.964e+00 4.307e+00 4.463e+00
1.703e-01 1.949e+00 4.274e+00 4.430e+00
1.715e-01 1.934e+00 4.242e+00 4.396e+00
1.727e-01 1.920e+00 4.210e+00 4.363e+00
1.739e-01 1.905e+00 4.179e+00 4.330e+00
1.751e-01 1.891e+00 4.147e+00 4.297e+00
1.763e-01 1.877e+00 4.116e+00 4.264e+00
1.775e-01 1.863e+00 4.085e+00 4.232e+00
1.788e-01 1.849e+00 4.054e+00 4.200e+00
1.800e-01 1.835e+00 4.024e+00 4.168e+00
1.812e-01 1.821e+00 3.993e+00 4.136e+00
1.825e-01 1.807e+00 3.963e+00 4.105e+00
1.838e-01 1.794e+00 3.933e+00 4.074e+00
1.850e-01 1.780e+00 3.903e+00 4.043e+00
1.863e-01 1.767e+00 3.874e+00 4.012e+00
1.876e-01 1.753e+00 3.845e+00 3.981e+00
1.889e-01 1.740e+00 3.816e+00 3.951e+00
1.902e-01 1.727e+00 3.787e+00 3.921e+00
1.916e-01 1.714e+00 3.758e+00 3.891e+00
1.929e-01 1.701e+00 3.730e+00 3.861e+00
1.942e-01 1.688e+00 3.701e+00 3.831e+00
1.956e-01 1.675e+00 3.673e+00 3.802e+00
1.969e-01 1.662e+00 3.645e+00 3.773e+00
1.983e-01 1.650e+00 3.618e+00 3.744e+00
1.997e-01 1.637e+00 3.590e+00 3.715e+00
2.010e-01 1.625e+00 3.563e+00 3.686e+00
2.024e-01 1.612e+00 3.536e+00 3.658e+00
2.038e-01 1.600e+00 3.509e+00 3.630e+00
2.053e-01 1.588e+00 3.482e+00 3.602e+00
2.067e-01 1.576e+00 3.456e+00 3.574e+00
2.081e-01 1.564e+00 3.429e+00 3.547e+00
2.096e-01 1.552e+00 3.403e+00 3.519e+00
2.110e-01 1.540e+00 3.377e+00 3.492e+00
2.125e-01 1.528e+00 3.351e+00 3.465e+00
2.140e-01 1.516e+00 3.326e+00 3.438e+00
2.154e-01 1.505e+00 3.300e+00 3.412e+00
2.169e-01 1.493e+00 3.275e+00 3.385e+00
2.184e-01 1.482e+00 3.250e+00 3.359e+00
2.200e-01 1.470e+00 3.225e+00 3.333e+00
2.215e-01 1.459e+00 3.200e+00 3.307e+00
2.230e-01 1.448e+00 3.175e+00 3.281e+00
2.246e-01 1.437e+00 3.151e+00 3.256e+00
2.261e-01 1.426e+00 3.127e+00 3.231e+00
2.277e-01 1.415e+00 3.103e+00 3.205e+00
2.293e-01 1.404e+00 3.079e+00 3.180e+00
2.309e-01 1.393e+00 3.055e+00 3.156e+00
2.325e-01 1.382e+00 3.031e+00 3.131e+00
2.341e-01 1.372e+00 3.008e+00 3.106e+00
2.357e-01 1.361e+00 2.985e+00 3.082e+00
2.373e-01 1.350e+00 2.962e+00 3.058e+00
2.390e-01 1.340e+00 2.939e+00 3.034e+00
2.406e-01 1.330e+00 2.916e+00 3.010e+00
2.423e-01 1.319e+00 2.893e+00 2.987e+00
2.440e-01 1.309e+00 2.871e+00 2.963e+00
2.457e-01 1.299e+00 2.848e+00 2.940e+00
2.474e-01 1.289e+00 2.826e+00 2.917e+00
2.491e-01 1.279e+00 2.804e+00 2.894e+00
2.508e-01 1.269e+00 2.782e+00 2.871e+00
2.526e-01 1.259e+00 2.761e+00 2.848e+00
2.543e-01 1.249e+00 2.739e+00 2.826e+00
2.561e-01 1.239e+00 2.718e+00 2.803e+00
2.579e-01 1.230e+00 2.696e+00 2.781e+00
2.597e-01 1.220e+00 2.675e+00 2.759e+00
2.615e-01 1.210e+00 2.654e+00 2.737e+00
2.633e-01 1.201e+00 2.633e+00 2.716e+00
2.651e-01 1.192e+00 2.613e+00 2.694e+00
2.669e-01 1.182e+00 2.592e+00 2.673e+00
2.688e-01 1.173e+00 2.572e+00 2.651e+00
2.707e-01 1.164e+00 2.551e+00 2.630e+00
2.725e-01 1.155e+00 2.531e+00 2.609e+00
2.744e-01 1.145e+00 2.511e+00 2.589e+00
2.763e-01 1.136e+00 2.492e+00 2.568e+00
2.783e-01 1.127e+00 2.472e+00 2.547e+00
2.802e-01 1.119e+00 2.452e+00 2.527e+00
2.821e-01 1.110e+00 2.433e+00 2.507e+00
2.841e-01 1.101e+00 2.414e+00 2.487e+00
2.861e-01 1.092e+00 2.395e+00 2.467e+00
2.880e-01 1.084e+00 2.376e+00 2.447e+00
2.900e-01 1.075e+00 2.357e+00 2.427e+00
2.921e-01 1.067e+00 2.338e+00 2.408e+00
2.941e-01 1.058e+00 2.319e+00 2.388e+00
2.961e-01 1.050e+00 2.301e+00 2.369e+00
2.982e-01 1.041e+00 2.282e+00 2.350e+00
3.002e-01 1.033e+00 2.264e+00 2.331e+00
3.023e-01 1.025e+00 2.246e+00 2.313e+00
3.044e-01 1.017e+00 2.228e+00 2.294e+00
3.065e-01 1.009e+00 2.210e+00 2.276e+00
3.087e-01 1.001e+00 2.193e+00 2.258e+00
3.108e-01 9.926e-01 2.175e+00 2.240e+00
3.130e-01 9.847e-01 2.158e+00 2.222e+00
3.151e-01 9.768e-01 2.140e+00 2.204e+00
3.173e-01 9.690e-01 2.123e+00 2.186e+00
3.195e-01 9.612e-01 2.106e+00 2.168e+00
3.217e-01 9.535e-01 2.089e+00 2.151e+00
3.240e-01 9.458e-01 2.072e+00 2.134e+00
3.262e-01 9.382e-01 2.056e+00 2.116e+00
3.285e-01 9.307e-01 2.039e+00 2.099e+00
3.308e-01 9.232e-01 2.023e+00 2.082e+00
3.331e-01 9.158e-01 2.007e+00 2.065e+00
3.354e-01 9.084e-01 1.990e+00 2.049e+00
3.377e-01 9.010e-01 1.974e+00 2.032e+00
3.400e-01 8.938e-01 1.958e+00 2.015e+00
3.424e-01 8.865e-01 1.942e+00 1.999e+00
3.448e-01 8.793e-01 1.927e+00 1.983e+00
3.472e-01 8.722e-01 1.911e+00 1.967e+00
3.496e-01 8.651e-01 1.896e+00 1.951e+00
3.520e-01 8.581e-01 1.880e+00 1.935e+00
3.544e-01 8.511e-01 1.865e+00 1.919e+00
3.569e-01 8.442e-01 1.850e+00 1.903e+00
3.594e-01 8.373e-01 1.835e+00 1.887e+00
3.619e-01 8.305e-01 1.820e+00 1.872e+00
3.644e-01 8.237e-01 1.805e+00 1.857e+00
3.669e-01 8.170e-01 1.790e+00 1.841e+00
3.695e-01 8.103e-01 1.775e+00 1.826e+00
3.720e-01 8.036e-01 1.761e+00 1.811e+00
3.746e-01 7.970e-01 1.746e+00 1.796e+00
3.772e-01 7.905e-01 1.732e+00 1.781e+00
3.798e-01 7.840e-01 1.718e+00 1.766e+00
3.825e-01 7.775e-01 1.704e+00 1.752e+00
3.851e-01 7.711e-01 1.690e+00 1.737e+00
3.878e-01 7.647e-01 1.676e+00 1.723e+00
3.905e-01 7.584e-01 1.662e+00 1.709e+00
3.932e-01 7.522e-01 1.648e+00 1.694e+00
3.959e-01 7.460e-01 1.635e+00 1.680e+00
3.987e-01 7.398e-01 1.621e+00 1.666e+00
4.014e-01 7.337e-01 1.608e+00 1.652e+00
4.042e-01 7.276e-01 1.595e+00 1.638e+00
4.070e-01 7.216e-01 1.582e+00 1.625e+00
4.098e-01 7.156e-01 1.568e+00 1.611e+00
4.127e-01 7.096e-01 1.555e+00 1.598e+00
4.155e-01 7.037e-01 1.542e+00 1.584e+00
4.184e-01 6.978e-01 1.530e+00 1.571e+00
4.213e-01 6.920e-01 1.517e+00 1.558e+00
4.243e-01 6.862e-01 1.504e+00 1.544e+00
4.272e-01 6.805e-01 1.492e+00 1.531e+00
4.302e-01 6.748e-01 1.479e+00 1.518e+00
4.331e-01 6.692e-01 1.467e+00 1.506e+00
4.362e-01 6.636e-01 1.455e+00 1.493e+00
4.392e-01 6.581e-01 1.442e+00 1.480e+00
4.422e-01 6.526e-01 1.430e+00 1.467e+00
4.453e-01 6.471e-01 1.418e+00 1.455e+00
4.484e-01 6.417e-01 1.406e+00 1.443e+00
4.515e-01 6.363e-01 1.394e+00 1.430e+00
4.546e-01 6.310e-01 1.383e+00 1.418e+00
4.578e-01 6.256e-01 1.371e+00 1.406e+00
4.610e-01 6.204e-01 1.359e+00 1.394e+00
4.642e-01 6.151e-01 1.348e+00 1.382e+00
4.674e-01 6.100e-01 1.336e+00 1.371e+00
4.706e-01 6.048e-01 1.325e+00 1.359e+00
4.739e-01 5.997e-01 1.314e+00 1.347e+00
4.772e-01 5.946e-01 1.303e+00 1.336e+00
4.805e-01 5.895e-01 1.291e+00 1.324e+00
4.838e-01 5.845e-01 1.280e+00 1.313e+00
4.872e-01 5.796e-01 1.269e+00 1.301e+00
4.906e-01 5.746e-01 1.259e+00 1.290e+00
4.940e-01 5.697e-01 1.248e+00 1.279e+00
4.974e-01 5.648e-01 1.237e+00 1.268e+00
5.008e-01 5.600e-01 1.226e+00 1.257e+00
5.043e-01 5.552e-01 1.216e+00 1.246e+00
5.078e-01 5.505e-01 1.205e+00 1.235e+00
5.113e-01 5.457e-01 1.195e+00 1.225e+00
5.149e-01 5.410e-01 1.185e+00 1.214e+00
5.185e-01 5.364e-01 1.174e+00 1.203e+00
5.221e-01 5.317e-01 1.164e+00 1.193e+00
5.257e-01 5.271e-01 1.154e+00 1.182e+00
5.293e-01 5.226e-01 1.144e+00 1.172e+00
5.330e-01 5.181e-01 1.134e+00 1.162e+00
5.367e-01 5.137e-01 1.124e+00 1.151e+00
5.404e-01 5.092e-01 1.114e+00 1.141e+00
5.442e-01 5.048e-01 1.104e+00 1.131e+00
5.479e-01 5.004e-01 1.095e+00 1.121e+00
5.517e-01 4.961e-01 1.085e+00 1.111e+00
5.556e-01 4.918e-01 1.075e+00 1.102e+00
5.594e-01 4.875e-01 1.066e+00 1.092e+00
5.633e-01 4.833e-01 1.056e+00 1.082e+00
5.672e-01 4.791e-01 1.047e+00 1.072e+00
5.712e-01 4.749e-01 1.038e+00 1.063e+00
5.751e-01 4.707e-01 1.029e+00 1.053e+00
5.791e-01 4.665e-01 1.019e+00 1.044e+00
5.831e-01 4.623e-01 1.010e+00 1.035e+00
5.872e-01 4.582e-01 1.001e+00 1.025e+00
5.913e-01 4.540e-01 9.923e-01 1.016e+00
5.954e-01 4.500e-01 9.834e-01 1.007e+00
5.995e-01 4.459e-01 9.745e-01 9.979e-01
6.036e-01 4.419e-01 9.658e-01 9.888e-01
6.078e-01 4.379e-01 9.571e-01 9.798e-01
6.120e-01 4.339e-01 9.484e-01 9.709e-01
6.163e-01 4.299e-01 9.398e-01 9.620e-01
6.206e-01 4.260e-01 9.313e-01 9.532e-01
6.249e-01 4.221e-01 9.228e-01 9.445e-01
6.292e-01 4.183e-01 9.145e-01 9.359e-01
6.336e-01 4.144e-01 9.061e-01 9.273e-01
6.380e-01 4.106e-01 8.979e-01 9.187e-01
6.424e-01 4.069e-01 8.897e-01 9.103e-01
6.469e-01 4.031e-01 8.815e-01 9.018e-01
6.513e-01 3.994e-01 8.734e-01 8.935e-01
6.559e-01 3.957e-01 8.654e-01 8.852e-01
6.604e-01 3.921e-01 8.574e-01 8.770e-01
6.650e-01 3.885e-01 8.495e-01 8.688e-01
6.696e-01 3.849e-01 8.416e-01 8.607e-01
6.743e-01 3.813e-01 8.338e-01 8.527e-01
6.789e-01 3.778e-01 8.261e-01 8.447e-01
6.837e-01 3.743e-01 8.184e-01 8.368e-01
6.884e-01 3.708e-01 8.108e-01 8.289e-01
6.932e-01 3.673e-01 8.032e-01 8.211e-01
6.980e-01 3.639e-01 7.957e-01 8.134e-01
7.028e-01 3.605e-01 7.883e-01 8.057e-01
7.077e-01 3.572e-01 7.809e-01 7.981e-01
7.126e-01 3.539e-01 7.735e-01 7.905e-01
7.176e-01 3.507e-01 7.662e-01 7.830e-01
7.225e-01 3.475e-01 7.590e-01 7.756e-01
7.275e-01 3.443e-01 7.518e-01 7.682e-01
7.326e-01 3.411e-01 7.447e-01 7.608e-01
7.377e-01 3.380e-01 7.377e-01 7.535e-01
7.428e-01 3.349e-01 7.307e-01 7.463e-01
7.480e-01 3.318e-01 7.238e-01 7.391e-01
7.531e-01 3.287e-01 7.170e-01 7.321e-01
7.584e-01 3.257e-01 7.101e-01 7.251e-01
7.636e-01 3.227e-01 7.034e-01 7.181e-01
7.689e-01 3.197e-01 6.967e-01 7.112e-01
7.743e-01 3.167e-01 6.900e-01 7.043e-01
7.796e-01 3.137e-01 6.834e-01 6.975e-01
7.850e-01 3.108e-01 6.768e-01 6.908e-01
7.905e-01 3.079e-01 6.703e-01 6.841e-01
7.960e-01 3.050e-01 6.639e-01 6.774e-01
8.015e-01 3.020e-01 6.575e-01 6.708e-01
8.071e-01 2.991e-01 6.512e-01 6.643e-01
8.127e-01 2.963e-01 6.449e-01 6.578e-01
8.183e-01 2.934e-01 6.387e-01 6.513e-01
8.240e-01 2.906e-01 6.325e-01 6.449e-01
8.297e-01 2.878e-01 6.264e-01 6.386e-01
8.355e-01 2.850e-01 6.203e-01 6.323e-01
8.412e-01 2.822e-01 6.143e-01 6.260e-01
8.471e-01 2.795e-01 6.083e-01 6.198e-01
8.530e-01 2.767e-01 6.023e-01 6.137e-01
8.589e-01 2.740e-01 5.964e-01 6.075e-01
8.648e-01 2.713e-01 5.906e-01 6.015e-01
8.708e-01 2.686e-01 5.848e-01 5.955e-01
8.769e-01 2.659e-01 5.789e-01 5.895e-01
8.830e-01 2.632e-01 5.732e-01 5.836e-01
8.891e-01 2.606e-01 5.674e-01 5.777e-01
8.953e-01 2.580e-01 5.617e-01 5.719e-01
9.015e-01 2.554e-01 5.561e-01 5.661e-01
9.077e-01 2.528e-01 5.504e-01 5.604e-01
9.140e-01 2.503e-01 5.449e-01 5.548e-01
9.204e-01 2.478e-01 5.394e-01 5.491e-01
9.268e-01 2.453e-01 5.339e-01 5.436e-01
9.332e-01 2.428e-01 5.284e-01 5.380e-01
9.397e-01 2.403e-01 5.230e-01 5.325e-01
9.462e-01 2.379e-01 5.177e-01 5.271e-01
9.527e-01 2.356e-01 5.124e-01 5.217e-01
9.594e-01 2.332e-01 5.071e-01 5.163e-01
9.660e-01 2.308e-01 5.019e-01 5.110e-01
9.727e-01 2.285e-01 4.967e-01 5.057e-01
9.795e-01 2.262e-01 4.915e-01 5.005e-01
9.863e-01 2.239e-01 4.864e-01 4.953e-01
9.931e-01 2.216e-01 4.814e-01 4.902e-01
1.000e+00 2.193e-01 4.763e-01 4.851e-01
1.007e+00 2.170e-01 4.713e-01 4.800e-01
1.014e+00 2.148e-01 4.664e-01 4.750e-01
1.021e+00 2.126e-01 4.616e-01 4.700e-01
1.028e+00 2.104e-01 4.568e-01 4.651e-01
1.035e+00 2.082e-01 4.521e-01 4.601e-01
1.042e+00 2.060e-01 4.474e-01 4.553e-01
1.050e+00 2.038e-01 4.427e-01 4.505e-01
1.057e+00 2.017e-01 4.381e-01 4.457e-01
1.064e+00 1.996e-01 4.335e-01 4.409e-01
1.072e+00 1.975e-01 4.290e-01 4.362e-01
1.079e+00 1.954e-01 4.245e-01 4.315e-01
1.087e+00 1.933e-01 4.200e-01 4.269e-01
1.094e+00 1.913e-01 4.156e-01 4.223e-01
1.102e+00 1.892e-01 4.112e-01 4.177e-01
1.109e+00 1.872e-01 4.069e-01 4.132e-01
1.117e+00 1.852e-01 4.026e-01 4.087e-01
1.125e+00 1.832e-01 3.983e-01 4.042e-01
1.133e+00 1.812e-01 3.940e-01 3.998e-01
1.140e+00 1.793e-01 3.898e-01 3.954e-01
1.148e+00 1.773e-01 3.857e-01 3.911e-01
1.156e+00 1.754e-01 3.815e-01 3.867e-01
1.164e+00 1.735e-01 3.773e-01 3.825e-01
1.172e+00 1.716e-01 3.731e-01 3.782e-01
1.181e+00 1.697e-01 3.690e-01 3.740e-01
1.189e+00 1.678e-01 3.649e-01 3.699e-01
1.197e+00 1.659e-01 3.609e-01 3.657e-01
1.205e+00 1.641e-01 3.569e-01 3.616e-01
1.214e+00 1.623e-01 3.529e-01 3.575e-01
1.222e+00 1.605e-01 3.489e-01 3.535e-01
1.231e+00 1.587e-01 3.450e-01 3.495e-01
1.239e+00 1.570e-01 3.411e-01 3.456e-01
1.248e+00 1.552e-01 3.373e-01 3.416e-01
1.256e+00 1.535e-01 3.334e-01 3.377e-01
1.265e+00 1.518e-01 3.296e-01 3.339e-01
1.274e+00 1.501e-01 3.259e-01 3.300e-01
1.283e+00 1.484e-01 3.221e-01 3.262e-01
1.292e+00 1.468e-01 3.185e-01 3.225e-01
1.301e+00 1.451e-01 3.148e-01 3.187e-01
1.310e+00 1.435e-01 3.112e-01 3.151e-01
1.319e+00 1.419e-01 3.077e-01 3.114e-01
1.328e+00 1.403e-01 3.041e-01 3.078e-01
1.337e+00 1.387e-01 3.006e-01 3.042e-01
1.346e+00 1.371e-01 2.972e-01 3.006e-01
1.356e+00 1.356e-01 2.937e-01 2.971e-01
1.365e+00 1.340e-01 2.902e-01 2.937e-01
1.374e+00 1.325e-01 2.868e-01 2.902e-01
1.384e+00 1.310e-01 2.834e-01 2.869e-01
1.394e+00 1.294e-01 2.800e-01 2.835e-01
1.403e+00 1.280e-01 2.767e-01 2.802e-01
1.413e+00 1.265e-01 2.734e-01 2.769e-01
1.423e+00 1.250e-01 2.701e-01 2.736e-01
1.433e+00 1.236e-01 2.669e-01 2.704e-01
1.443e+00 1.222e-01 2.636e-01 2.672e-01
1.453e+00 1.207e-01 2.604e-01 2.640e-01
1.463e+00 1.193e-01 2.573e-01 2.609e-01
1.473e+00 1.179e-01 2.542e-01 2.577e-01
1.483e+00 1.166e-01 2.511e-01 2.546e-01
1.493e+00 1.152e-01 2.480e-01 2.516e-01
1.504e+00 1.138e-01 2.450e-01 2.485e-01
1.514e+00 1.125e-01 2.421e-01 2.455e-01
1.525e+00 1.112e-01 2.392e-01 2.425e-01
1.535e+00 1.099e-01 2.363e-01 2.395e-01
1.546e+00 1.086e-01 2.335e-01 2.365e-01
1.557e+00 1.073e-01 2.307e-01 2.336e-01
1.567e+00 1.060e-01 2.279e-01 2.307e-01
1.578e+00 1.048e-01 2.251e-01 2.278e-01
1.589e+00 1.035e-01 2.224e-01 2.250e-01
1.600e+00 1.023e-01 2.197e-01 2.221e-01
1.611e+00 1.011e-01 2.170e-01 2.194e-01
1.623e+00 9.984e-02 2.143e-01 2.166e-01
1.634e+00 9.863e-02 2.117e-01 2.138e-01
1.645e+00 9.744e-02 2.091e-01 2.111e-01
1.657e+00 9.625e-02 2.065e-01 2.085e-01
1.668e+00 9.508e-02 2.039e-01 2.058e-01
1.680e+00 9.391e-02 2.014e-01 2.032e-01
1.691e+00 9.275e-02 1.988e-01 2.007e-01
1.703e+00 9.160e-02 1.963e-01 1.981e-01
1.715e+00 9.046e-02 1.939e-01 1.956e-01
1.727e+00 8.933e-02 1.914e-01 1.931e-01
1.739e+00 8.821e-02 1.890e-01 1.906e-01
1.751e+00 8.710e-02 1.866e-01 1.881e-01
1.763e+00 8.600e-02 1.842e-01 1.857e-01
1.775e+00 8.490e-02 1.818e-01 1.833e-01
1.788e+00 8.380e-02 1.795e-01 1.809e-01
1.800e+00 8.272e-02 1.771e-01 1.785e-01
1.812e+00 8.164e-02 1.748e-01 1.762e-01
1.825e+00 8.058e-02 1.724e-01 1.740e-01
1.838e+00 7.952e-02 1.702e-01 1.717e-01
1.850e+00 7.848e-02 1.679e-01 1.695e-01
1.863e+00 7.745e-02 1.657e-01 1.673e-01
1.876e+00 7.642e-02 1.635e-01 1.651e-01
1.889e+00 7.541e-02 1.613e-01 1.629e-01
1.902e+00 7.441e-02 1.591e-01 1.608e-01
1.916e+00 7.342e-02 1.570e-01 1.587e-01
1.929e+00 7.245e-02 1.549e-01 1.566e-01
1.942e+00 7.150e-02 1.528e-01 1.545e-01
1.956e+00 7.055e-02 1.508e-01 1.524e-01
1.969e+00 6.962e-02 1.488e-01 1.503e-01
1.983e+00 6.870e-02 1.468e-01 1.483e-01
1.997e+00 6.778e-02 1.448e-01 1.462e-01
2.010e+00 6.687e-02 1.428e-01 1.442e-01
2.024e+00 6.598e-02 1.409e-01 1.422e-01
2.038e+00 6.509e-02 1.389e-01 1.402e-01
2.053e+00 6.421e-02 1.370e-01 1.383e-01
2.067e+00 6.334e-02 1.351e-01 1.363e-01
2.081e+00 6.247e-02 1.332e-01 1.344e-01
2.096e+00 6.161e-02 1.313e-01 1.325e-01
2.110e+00 6.076e-02 1.295e-01 1.306e-01
2.125e+00 5.989e-02 1.277e-01 1.288e-01
2.140e+00 5.904e-02 1.259e-01 1.270e-01
2.154e+00 5.819e-02 1.241e-01 1.252e-01
2.169e+00 5.736e-02 1.224e-01 1.234e-01
2.184e+00 5.653e-02 1.207e-01 1.217e-01
2.200e+00 5.571e-02 1.190e-01 1.200e-01
2.215e+00 5.490e-02 1.173e-01 1.182e-01
2.230e+00 5.412e-02 1.156e-01 1.165e-01
2.246e+00 5.336e-02 1.140e-01 1.149e-01
2.261e+00 5.263e-02 1.124e-01 1.132e-01
2.277e+00 5.190e-02 1.108e-01 1.116e-01
2.293e+00 5.119e-02 1.092e-01 1.099e-01
2.309e+00 5.047e-02 1.076e-01 1.083e-01
2.325e+00 4.977e-02 1.060e-01 1.068e-01
2.341e+00 4.908e-02 1.044e-01 1.052e-01
2.357e+00 4.838e-02 1.029e-01 1.036e-01
2.373e+00 4.768e-02 1.014e-01 1.021e-01
2.390e+00 4.698e-02 9.985e-02 1.006e-01
2.406e+00 4.629e-02 9.835e-02 9.910e-02
2.423e+00 4.561e-02 9.688e-02 9.767e-02
2.440e+00 4.493e-02 9.542e-02 9.625e-02
2.457e+00 4.426e-02 9.399e-02 9.485e-02
2.474e+00 4.362e-02 9.256e-02 9.346e-02
2.491e+00 4.299e-02 9.116e-02 9.209e-02
2.508e+00 4.237e-02 8.979e-02 9.074e-02
2.526e+00 4.175e-02 8.843e-02 8.940e-02
2.543e+00 4.113e-02 8.709e-02 8.807e-02
2.561e+00 4.053e-02 8.579e-02 8.675e-02
2.579e+00 3.992e-02 8.451e-02 8.541e-02
2.597e+00 3.933e-02 8.324e-02 8.409e-02
2.615e+00 3.874e-02 8.199e-02 8.279e-02
2.633e+00 3.816e-02 8.075e-02 8.150e-02
2.651e+00 3.759e-02 7.951e-02 8.023e-02
2.669e+00 3.702e-02 7.828e-02 7.897e-02
2.688e+00 3.646e-02 7.706e-02 7.773e-02
2.707e+00 3.590e-02 7.585e-02 7.650e-02
2.725e+00 3.535e-02 7.466e-02 7.531e-02
2.744e+00 3.480e-02 7.349e-02 7.413e-02
2.763e+00 3.425e-02 7.233e-02 7.297e-02
2.783e+00 3.370e-02 7.119e-02 7.182e-02
2.802e+00 3.315e-02 7.007e-02 7.068e-02
2.821e+00 3.262e-02 6.896e-02 6.956e-02
2.841e+00 3.209e-02 6.787e-02 6.845e-02
2.861e+00 3.157e-02 6.679e-02 6.735e-02
2.880e+00 3.106e-02 6.572e-02 6.629e-02
2.900e+00 3.055e-02 6.466e-02 6.524e-02
2.921e+00 3.006e-02 6.362e-02 6.420e-02
2.941e+00 2.957e-02 6.259e-02 6.318e-02
2.961e+00 2.909e-02 6.158e-02 6.216e-02
2.982e+00 2.862e-02 6.058e-02 6.117e-02
3.002e+00 2.815e-02 5.960e-02 6.018e-02
3.023e+00 2.769e-02 5.862e-02 5.919e-02
3.044e+00 2.724e-02 5.766e-02 5.821e-02
3.065e+00 2.680e-02 5.672e-02 5.725e-02
3.087e+00 2.636e-02 5.579e-02 5.629e-02
3.108e+00 2.593e-02 5.487e-02 5.535e-02
3.130e+00 2.550e-02 5.398e-02 5.442e-02
3.151e+00 2.508e-02 5.309e-02 5.350e-02
3.173e+00 2.467e-02 5.222e-02 5.262e-02
3.195e+00 2.426e-02 5.135e-02 5.176e-02
3.217e+00 2.387e-02 5.050e-02 5.091e-02
3.240e+00 2.347e-02 4.966e-02 5.008e-02
3.262e+00 2.308e-02 4.882e-02 4.925e-02
3.285e+00 2.270e-02 4.800e-02 4.843e-02
3.308e+00 2.232e-02 4.718e-02 4.763e-02
3.331e+00 2.195e-02 4.638e-02 4.681e-02
3.354e+00 2.159e-02 4.557e-02 4.600e-02
3.377e+00 2.122e-02 4.478e-02 4.521e-02
3.400e+00 2.087e-02 4.401e-02 4.442e-02
3.424e+00 2.051e-02 4.324e-02 4.364e-02
3.448e+00 2.016e-02 4.248e-02 4.287e-02
3.472e+00 1.980e-02 4.173e-02 4.212e-02
3.496e+00 1.945e-02 4.101e-02 4.137e-02
3.520e+00 1.910e-02 4.029e-02 4.063e-02
3.544e+00 1.876e-02 3.958e-02 3.990e-02
3.569e+00 1.842e-02 3.888e-02 3.918e-02
3.594e+00 1.810e-02 3.819e-02 3.847e-02
3.619e+00 1.778e-02 3.751e-02 3.776e-02
3.644e+00 1.746e-02 3.683e-02 3.703e-02
3.669e+00 1.716e-02 3.617e-02 3.631e-02
3.695e+00 1.685e-02 3.552e-02 3.560e-02
3.720e+00 1.655e-02 3.489e-02 3.490e-02
3.746e+00 1.626e-02 3.427e-02 3.421e-02
3.772e+00 1.597e-02 3.364e-02 3.355e-02
3.798e+00 1.569e-02 3.303e-02 3.292e-02
3.825e+00 1.540e-02 3.241e-02 3.230e-02
3.851e+00 1.512e-02 3.179e-02 3.169e-02
3.878e+00 1.484e-02 3.118e-02 3.108e-02
3.905e+00 1.456e-02 3.058e-02 3.049e-02
3.932e+00 1.429e-02 3.000e-02 2.991e-02
3.959e+00 1.402e-02 2.942e-02 2.934e-02
3.987e+00 1.376e-02 2.885e-02 2.877e-02
4.014e+00 1.351e-02 2.829e-02 2.822e-02
4.042e+00 1.326e-02 2.774e-02 2.767e-02
4.070e+00 1.301e-02 2.719e-02 2.713e-02
4.098e+00 1.277e-02 2.666e-02 2.660e-02
4.127e+00 1.253e-02 2.614e-02 2.608e-02
4.155e+00 1.229e-02 2.563e-02 2.556e-02
4.184e+00 1.204e-02 2.513e-02 2.505e-02
4.213e+00 1.180e-02 2.464e-02 2.455e-02
4.243e+00 1.155e-02 2.415e-02 2.407e-02
4.272e+00 1.131e-02 2.367e-02 2.360e-02
4.302e+00 1.109e-02 2.319e-02 2.314e-02
4.331e+00 1.087e-02 2.272e-02 2.268e-02
4.362e+00 1.066e-02 2.225e-02 2.223e-02
4.392e+00 1.045e-02 2.180e-02 2.177e-02
4.422e+00 1.024e-02 2.135e-02 2.132e-02
4.453e+00 1.004e-02 2.091e-02 2.087e-02
4.484e+00 9.838e-03 2.049e-02 2.043e-02
4.515e+00 9.644e-03 2.007e-02 2.000e-02
4.546e+00 9.453e-03 1.966e-02 1.959e-02
4.578e+00 9.266e-03 1.925e-02 1.919e-02
4.610e+00 9.081e-03 1.886e-02 1.879e-02
4.642e+00 8.902e-03 1.846e-02 1.840e-02
4.674e+00 8.725e-03 1.808e-02 1.802e-02
4.706e+00 8.549e-03 1.769e-02 1.764e-02
4.739e+00 8.374e-03 1.731e-02 1.727e-02
4.772e+00 8.198e-03 1.694e-02 1.690e-02
4.805e+00 8.024e-03 1.658e-02 1.654e-02
4.838e+00 7.855e-03 1.623e-02 1.619e-02
4.872e+00 7.693e-03 1.588e-02 1.583e-02
4.906e+00 7.531e-03 1.555e-02 1.548e-02
4.940e+00 7.371e-03 1.522e-02 1.514e-02
4.974e+00 7.213e-03 1.490e-02 1.480e-02
5.008e+00 7.057e-03 1.458e-02 1.447e-02
5.043e+00 6.907e-03 1.426e-02 1.414e-02
5.078e+00 6.760e-03 1.395e-02 1.382e-02
5.113e+00 6.615e-03 1.364e-02 1.350e-02
5.149e+00 6.473e-03 1.333e-02 1.320e-02
5.185e+00 6.337e-03 1.303e-02 1.290e-02
5.221e+00 6.205e-03 1.274e-02 1.261e-02
5.257e+00 6.074e-03 1.245e-02 1.232e-02
5.293e+00 5.942e-03 1.217e-02 1.204e-02
5.330e+00 5.806e-03 1.189e-02 1.177e-02
5.367e+00 5.671e-03 1.162e-02 1.150e-02
5.404e+00 5.538e-03 1.135e-02 1.124e-02
5.442e+00 5.408e-03 1.108e-02 1.097e-02
5.479e+00 5.282e-03 1.082e-02 1.071e-02
5.517e+00 5.159e-03 1.056e-02 1.046e-02
5.556e+00 5.041e-03 1.031e-02 1.020e-02
5.594e+00 4.928e-03 1.007e-02 9.957e-03
5.633e+00 4.817e-03 9.828e-03 9.714e-03
5.672e+00 4.708e-03 9.589e-03 9.476e-03
5.712e+00 4.600e-03 9.355e-03 9.242e-03
5.751e+00 4.494e-03 9.122e-03 9.018e-03
5.791e+00 4.389e-03 8.900e-03 8.800e-03
5.831e+00 4.284e-03 8.685e-03 8.585e-03
5.872e+00 4.180e-03 8.475e-03 8.374e-03
5.913e+00 4.078e-03 8.268e-03 8.165e-03
5.954e+00 3.979e-03 8.064e-03 7.959e-03
5.995e+00 3.884e-03 7.863e-03 7.756e-03
6.036e+00 3.787e-03 7.667e-03 7.560e-03
6.078e+00 3.692e-03 7.473e-03 7.371e-03
6.120e+00 3.601e-03 7.283e-03 7.186e-03
6.163e+00 3.512e-03 7.095e-03 7.004e-03
6.206e+00 3.424e-03 6.913e-03 6.822e-03
6.249e+00 3.336e-03 6.735e-03 6.644e-03
6.292e+00 3.249e-03 6.560e-03 6.469e-03
6.336e+00 3.165e-03 6.386e-03 6.297e-03
6.380e+00 3.084e-03 6.217e-03 6.125e-03
6.424e+00 3.008e-03 6.052e-03 5.957e-03
6.469e+00 2.932e-03 5.893e-03 5.792e-03
6.513e+00 2.858e-03 5.736e-03 5.640e-03
6.559e+00 2.784e-03 5.581e-03 5.491e-03
6.604e+00 2.712e-03 5.430e-03 5.345e-03
6.650e+00 2.640e-03 5.283e-03 5.198e-03
6.696e+00 2.569e-03 5.140e-03 5.052e-03
6.743e+00 2.499e-03 5.000e-03 4.909e-03
6.789e+00 2.431e-03 4.863e-03 4.770e-03
6.837e+00 2.364e-03 4.727e-03 4.634e-03
6.884e+00 2.296e-03 4.592e-03 4.500e-03
6.932e+00 2.230e-03 4.458e-03 4.370e-03
6.980e+00 2.165e-03 4.328e-03 4.244e-03
7.028e+00 2.104e-03 4.203e-03 4.121e-03
7.077e+00 2.044e-03 4.081e-03 4.000e-03
7.126e+00 1.987e-03 3.960e-03 3.882e-03
7.176e+00 1.931e-03 3.841e-03 3.766e-03
7.225e+00 1.875e-03 3.726e-03 3.653e-03
7.275e+00 1.820e-03 3.614e-03 3.540e-03
7.326e+00 1.767e-03 3.507e-03 3.429e-03
7.377e+00 1.716e-03 3.402e-03 3.321e-03
7.428e+00 1.665e-03 3.297e-03 3.220e-03
7.480e+00 1.615e-03 3.196e-03 3.121e-03
7.531e+00 1.567e-03 3.098e-03 3.024e-03
7.584e+00 1.520e-03 3.004e-03 2.926e-03
7.636e+00 1.473e-03 2.910e-03 2.830e-03
7.689e+00 1.427e-03 2.816e-03 2.737e-03
7.743e+00 1.383e-03 2.725e-03 2.647e-03
7.796e+00 1.339e-03 2.636e-03 2.560e-03
7.850e+00 1.296e-03 2.550e-03 2.474e-03
7.905e+00 1.255e-03 2.464e-03 2.389e-03
7.960e+00 1.217e-03 2.380e-03 2.306e-03
8.015e+00 1.181e-03 2.298e-03 2.226e-03
8.071e+00 1.142e-03 2.220e-03 2.149e-03
8.127e+00 1.104e-03 2.142e-03 2.074e-03
8.183e+00 1.068e-03 2.067e-03 2.001e-03
8.240e+00 1.033e-03 1.994e-03 1.930e-03
8.297e+00 9.989e-04 nan nan
8.355e+00 nan nan nan
8.412e+00 nan nan nan
8.471e+00 nan nan nan
8.530e+00 nan nan nan
8.589e+00 nan nan nan
8.648e+00 nan nan nan
8.708e+00 nan nan nan
8.769e+00 nan nan nan
8.830e+00 nan nan nan
8.891e+00 nan nan nan
8.953e+00 nan nan nan
9.015e+00 nan nan nan
9.077e+00 nan nan nan
9.140e+00 nan nan nan
9.204e+00 nan nan nan
9.268e+00 nan nan nan
9.332e+00 nan nan nan
9.397e+00 nan nan nan
9.462e+00 nan nan nan
9.527e+00 nan nan nan
9.594e+00 nan nan nan
9.660e+00 nan nan nan
9.727e+00 nan nan nan
9.795e+00 nan nan nan
9.863e+00 nan nan nan
9.931e+00 nan nan nan
1.000e+01 nan nan nan
