# e- + H+ + LiH -> H + LiH+ + e-
# Number of initial vibrational states: 3
# 
1.000e-02 4.950e+00 1.153e+01 1.297e+01
1.007e-02 4.917e+00 1.146e+01 1.288e+01
1.014e-02 4.883e+00 1.138e+01 1.279e+01
1.021e-02 4.850e+00 1.130e+01 1.271e+01
1.028e-02 4.817e+00 1.122e+01 1.262e+01
1.035e-02 4.784e+00 1.115e+01 1.253e+01
1.042e-02 4.751e+00 1.107e+01 1.245e+01
1.049e-02 4.719e+00 1.099e+01 1.236e+01
1.056e-02 4.687e+00 1.092e+01 1.228e+01
1.063e-02 4.655e+00 1.085e+01 1.219e+01
1.070e-02 4.623e+00 1.077e+01 1.211e+01
1.078e-02 4.591e+00 1.070e+01 1.203e+01
1.085e-02 4.560e+00 1.062e+01 1.195e+01
1.093e-02 4.529e+00 1.055e+01 1.187e+01
1.100e-02 4.498e+00 1.048e+01 1.178e+01
1.108e-02 4.467e+00 1.041e+01 1.170e+01
1.115e-02 4.437e+00 1.034e+01 1.162e+01
1.123e-02 4.407e+00 1.027e+01 1.154e+01
1.130e-02 4.377e+00 1.020e+01 1.147e+01
1.138e-02 4.347e+00 1.013e+01 1.139e+01
1.146e-02 4.317e+00 1.006e+01 1.131e+01
1.154e-02 4.288e+00 9.990e+00 1.123e+01
1.162e-02 4.258e+00 9.922e+00 1.116e+01
1.170e-02 4.229e+00 9.854e+00 1.108e+01
1.178e-02 4.200e+00 9.787e+00 1.100e+01
1.186e-02 4.172e+00 9.720e+00 1.093e+01
1.194e-02 4.143e+00 9.654e+00 1.085e+01
1.202e-02 4.115e+00 9.588e+00 1.078e+01
1.210e-02 4.087e+00 9.522e+00 1.071e+01
1.218e-02 4.059e+00 9.457e+00 1.063e+01
1.227e-02 4.031e+00 9.393e+00 1.056e+01
1.235e-02 4.004e+00 9.329e+00 1.049e+01
1.243e-02 3.977e+00 9.265e+00 1.042e+01
1.252e-02 3.949e+00 9.202e+00 1.035e+01
1.261e-02 3.922e+00 9.139e+00 1.028e+01
1.269e-02 3.896e+00 9.077e+00 1.021e+01
1.278e-02 3.869e+00 9.015e+00 1.014e+01
1.287e-02 3.843e+00 8.953e+00 1.007e+01
1.295e-02 3.816e+00 8.892e+00 9.998e+00
1.304e-02 3.790e+00 8.831e+00 9.930e+00
1.313e-02 3.764e+00 8.771e+00 9.862e+00
1.322e-02 3.739e+00 8.711e+00 9.795e+00
1.331e-02 3.713e+00 8.652e+00 9.728e+00
1.340e-02 3.688e+00 8.593e+00 9.662e+00
1.349e-02 3.663e+00 8.534e+00 9.596e+00
1.359e-02 3.638e+00 8.476e+00 9.530e+00
1.368e-02 3.613e+00 8.418e+00 9.465e+00
1.377e-02 3.588e+00 8.360e+00 9.400e+00
1.387e-02 3.564e+00 8.303e+00 9.336e+00
1.396e-02 3.539e+00 8.246e+00 9.272e+00
1.406e-02 3.515e+00 8.190e+00 9.209e+00
1.415e-02 3.491e+00 8.134e+00 9.146e+00
1.425e-02 3.467e+00 8.079e+00 9.084e+00
1.435e-02 3.444e+00 8.023e+00 9.022e+00
1.444e-02 3.420e+00 7.969e+00 8.960e+00
1.454e-02 3.397e+00 7.914e+00 8.899e+00
1.464e-02 3.373e+00 7.860e+00 8.838e+00
1.474e-02 3.350e+00 7.806e+00 8.777e+00
1.484e-02 3.328e+00 7.753e+00 8.718e+00
1.494e-02 3.305e+00 7.700e+00 8.658e+00
1.505e-02 3.282e+00 7.647e+00 8.599e+00
1.515e-02 3.260e+00 7.595e+00 8.540e+00
1.525e-02 3.237e+00 7.543e+00 8.482e+00
1.536e-02 3.215e+00 7.492e+00 8.424e+00
1.546e-02 3.193e+00 7.440e+00 8.366e+00
1.557e-02 3.172e+00 7.390e+00 8.309e+00
1.567e-02 3.150e+00 7.339e+00 8.252e+00
1.578e-02 3.128e+00 7.289e+00 8.196e+00
1.589e-02 3.107e+00 7.239e+00 8.140e+00
1.600e-02 3.086e+00 7.190e+00 8.084e+00
1.611e-02 3.065e+00 7.140e+00 8.029e+00
1.622e-02 3.044e+00 7.092e+00 7.974e+00
1.633e-02 3.023e+00 7.043e+00 7.919e+00
1.644e-02 3.002e+00 6.995e+00 7.865e+00
1.655e-02 2.982e+00 6.947e+00 7.811e+00
1.666e-02 2.961e+00 6.900e+00 7.758e+00
1.678e-02 2.941e+00 6.852e+00 7.705e+00
1.689e-02 2.921e+00 6.805e+00 7.652e+00
1.701e-02 2.901e+00 6.759e+00 7.600e+00
1.712e-02 2.881e+00 6.713e+00 7.548e+00
1.724e-02 2.861e+00 6.667e+00 7.496e+00
1.736e-02 2.842e+00 6.621e+00 7.445e+00
1.748e-02 2.822e+00 6.576e+00 7.394e+00
1.760e-02 2.803e+00 6.531e+00 7.343e+00
1.772e-02 2.784e+00 6.486e+00 7.293e+00
1.784e-02 2.765e+00 6.442e+00 7.243e+00
1.796e-02 2.746e+00 6.398e+00 7.194e+00
1.808e-02 2.727e+00 6.354e+00 7.144e+00
1.821e-02 2.708e+00 6.310e+00 7.095e+00
1.833e-02 2.690e+00 6.267e+00 7.047e+00
1.846e-02 2.671e+00 6.224e+00 6.999e+00
1.858e-02 2.653e+00 6.182e+00 6.951e+00
1.871e-02 2.635e+00 6.139e+00 6.903e+00
1.884e-02 2.617e+00 6.097e+00 6.856e+00
1.897e-02 2.599e+00 6.056e+00 6.809e+00
1.910e-02 2.581e+00 6.014e+00 6.762e+00
1.923e-02 2.564e+00 5.973e+00 6.716e+00
1.936e-02 2.546e+00 5.932e+00 6.670e+00
1.949e-02 2.529e+00 5.891e+00 6.624e+00
1.962e-02 2.511e+00 5.851e+00 6.579e+00
1.976e-02 2.494e+00 5.811e+00 6.534e+00
1.989e-02 2.477e+00 5.771e+00 6.489e+00
2.003e-02 2.460e+00 5.732e+00 6.445e+00
2.016e-02 2.443e+00 5.692e+00 6.401e+00
2.030e-02 2.426e+00 5.653e+00 6.357e+00
2.044e-02 2.410e+00 5.615e+00 6.313e+00
2.058e-02 2.393e+00 5.576e+00 6.270e+00
2.072e-02 2.377e+00 5.538e+00 6.227e+00
2.086e-02 2.361e+00 5.500e+00 6.184e+00
2.101e-02 2.344e+00 5.462e+00 6.142e+00
2.115e-02 2.328e+00 5.425e+00 6.100e+00
2.129e-02 2.312e+00 5.388e+00 6.058e+00
2.144e-02 2.297e+00 5.351e+00 6.016e+00
2.159e-02 2.281e+00 5.314e+00 5.975e+00
2.173e-02 2.265e+00 5.278e+00 5.934e+00
2.188e-02 2.250e+00 5.241e+00 5.894e+00
2.203e-02 2.234e+00 5.206e+00 5.853e+00
2.218e-02 2.219e+00 5.170e+00 5.813e+00
2.233e-02 2.204e+00 5.134e+00 5.773e+00
2.249e-02 2.189e+00 5.099e+00 5.734e+00
2.264e-02 2.174e+00 5.064e+00 5.694e+00
2.279e-02 2.159e+00 5.029e+00 5.655e+00
2.295e-02 2.144e+00 4.995e+00 5.616e+00
2.311e-02 2.129e+00 4.961e+00 5.578e+00
2.326e-02 2.115e+00 4.927e+00 5.540e+00
2.342e-02 2.100e+00 4.893e+00 5.502e+00
2.358e-02 2.086e+00 4.859e+00 5.464e+00
2.374e-02 2.071e+00 4.826e+00 5.426e+00
2.391e-02 2.057e+00 4.793e+00 5.389e+00
2.407e-02 2.043e+00 4.760e+00 5.352e+00
2.423e-02 2.029e+00 4.727e+00 5.315e+00
2.440e-02 2.015e+00 4.695e+00 5.279e+00
2.457e-02 2.001e+00 4.663e+00 5.243e+00
2.473e-02 1.987e+00 4.631e+00 5.207e+00
2.490e-02 1.974e+00 4.599e+00 5.171e+00
2.507e-02 1.960e+00 4.567e+00 5.135e+00
2.525e-02 1.947e+00 4.536e+00 5.100e+00
2.542e-02 1.933e+00 4.505e+00 5.065e+00
2.559e-02 1.920e+00 4.474e+00 5.030e+00
2.577e-02 1.907e+00 4.443e+00 4.996e+00
2.594e-02 1.894e+00 4.413e+00 4.962e+00
2.612e-02 1.881e+00 4.382e+00 4.927e+00
2.630e-02 1.868e+00 4.352e+00 4.894e+00
2.648e-02 1.855e+00 4.322e+00 4.860e+00
2.666e-02 1.842e+00 4.293e+00 4.827e+00
2.684e-02 1.830e+00 4.263e+00 4.793e+00
2.702e-02 1.817e+00 4.234e+00 4.760e+00
2.721e-02 1.805e+00 4.205e+00 4.728e+00
2.739e-02 1.792e+00 4.176e+00 4.695e+00
2.758e-02 1.780e+00 4.147e+00 4.663e+00
2.777e-02 1.768e+00 4.119e+00 4.631e+00
2.796e-02 1.755e+00 4.090e+00 4.599e+00
2.815e-02 1.743e+00 4.062e+00 4.567e+00
2.834e-02 1.731e+00 4.034e+00 4.536e+00
2.854e-02 1.720e+00 4.006e+00 4.505e+00
2.873e-02 1.708e+00 3.979e+00 4.474e+00
2.893e-02 1.696e+00 3.951e+00 4.443e+00
2.913e-02 1.684e+00 3.924e+00 4.412e+00
2.932e-02 1.673e+00 3.897e+00 4.382e+00
2.953e-02 1.661e+00 3.870e+00 4.352e+00
2.973e-02 1.650e+00 3.844e+00 4.322e+00
2.993e-02 1.638e+00 3.817e+00 4.292e+00
3.013e-02 1.627e+00 3.791e+00 4.263e+00
3.034e-02 1.616e+00 3.765e+00 4.233e+00
3.055e-02 1.605e+00 3.739e+00 4.204e+00
3.076e-02 1.594e+00 3.713e+00 4.175e+00
3.097e-02 1.583e+00 3.688e+00 4.147e+00
3.118e-02 1.572e+00 3.662e+00 4.118e+00
3.139e-02 1.561e+00 3.637e+00 4.090e+00
3.161e-02 1.550e+00 3.612e+00 4.062e+00
3.182e-02 1.540e+00 3.587e+00 4.034e+00
3.204e-02 1.529e+00 3.563e+00 4.006e+00
3.226e-02 1.518e+00 3.538e+00 3.978e+00
3.248e-02 1.508e+00 3.514e+00 3.951e+00
3.270e-02 1.498e+00 3.489e+00 3.924e+00
3.292e-02 1.487e+00 3.465e+00 3.896e+00
3.315e-02 1.477e+00 3.441e+00 3.870e+00
3.338e-02 1.467e+00 3.418e+00 3.843e+00
3.360e-02 1.457e+00 3.394e+00 3.816e+00
3.383e-02 1.447e+00 3.371e+00 3.790e+00
3.406e-02 1.437e+00 3.348e+00 3.764e+00
3.430e-02 1.427e+00 3.324e+00 3.738e+00
3.453e-02 1.417e+00 3.302e+00 3.712e+00
3.477e-02 1.407e+00 3.279e+00 3.687e+00
3.500e-02 1.398e+00 3.256e+00 3.661e+00
3.524e-02 1.388e+00 3.234e+00 3.636e+00
3.548e-02 1.378e+00 3.211e+00 3.611e+00
3.573e-02 1.369e+00 3.189e+00 3.586e+00
3.597e-02 1.359e+00 3.167e+00 3.561e+00
3.622e-02 1.350e+00 3.145e+00 3.537e+00
3.646e-02 1.341e+00 3.124e+00 3.512e+00
3.671e-02 1.331e+00 3.102e+00 3.488e+00
3.696e-02 1.322e+00 3.081e+00 3.464e+00
3.722e-02 1.313e+00 3.059e+00 3.440e+00
3.747e-02 1.304e+00 3.038e+00 3.416e+00
3.773e-02 1.295e+00 3.017e+00 3.393e+00
3.798e-02 1.286e+00 2.996e+00 3.369e+00
3.824e-02 1.277e+00 2.976e+00 3.346e+00
3.851e-02 1.268e+00 2.955e+00 3.323e+00
3.877e-02 1.260e+00 2.935e+00 3.300e+00
3.903e-02 1.251e+00 2.914e+00 3.277e+00
3.930e-02 1.242e+00 2.894e+00 3.254e+00
3.957e-02 1.234e+00 2.874e+00 3.232e+00
3.984e-02 1.225e+00 2.854e+00 3.210e+00
4.011e-02 1.217e+00 2.835e+00 3.187e+00
4.039e-02 1.208e+00 2.815e+00 3.165e+00
4.066e-02 1.200e+00 2.796e+00 3.143e+00
4.094e-02 1.192e+00 2.776e+00 3.122e+00
4.122e-02 1.183e+00 2.757e+00 3.100e+00
4.150e-02 1.175e+00 2.738e+00 3.079e+00
4.178e-02 1.167e+00 2.719e+00 3.057e+00
4.207e-02 1.159e+00 2.700e+00 3.036e+00
4.236e-02 1.151e+00 2.682e+00 3.015e+00
4.265e-02 1.143e+00 2.663e+00 2.994e+00
4.294e-02 1.135e+00 2.645e+00 2.974e+00
4.323e-02 1.127e+00 2.626e+00 2.953e+00
4.353e-02 1.119e+00 2.608e+00 2.933e+00
4.382e-02 1.112e+00 2.590e+00 2.912e+00
4.412e-02 1.104e+00 2.572e+00 2.892e+00
4.442e-02 1.096e+00 2.554e+00 2.872e+00
4.473e-02 1.089e+00 2.537e+00 2.852e+00
4.503e-02 1.081e+00 2.519e+00 2.832e+00
4.534e-02 1.074e+00 2.501e+00 2.813e+00
4.565e-02 1.066e+00 2.484e+00 2.793e+00
4.596e-02 1.059e+00 2.467e+00 2.774e+00
4.628e-02 1.051e+00 2.450e+00 2.755e+00
4.659e-02 1.044e+00 2.433e+00 2.735e+00
4.691e-02 1.037e+00 2.416e+00 2.717e+00
4.723e-02 1.030e+00 2.399e+00 2.698e+00
4.756e-02 1.023e+00 2.383e+00 2.679e+00
4.788e-02 1.015e+00 2.366e+00 2.660e+00
4.821e-02 1.008e+00 2.350e+00 2.642e+00
4.854e-02 1.001e+00 2.333e+00 2.624e+00
4.887e-02 9.945e-01 2.317e+00 2.605e+00
4.920e-02 9.876e-01 2.301e+00 2.587e+00
4.954e-02 9.807e-01 2.285e+00 2.569e+00
4.988e-02 9.739e-01 2.269e+00 2.551e+00
5.022e-02 9.671e-01 2.253e+00 2.534e+00
5.056e-02 9.604e-01 2.238e+00 2.516e+00
5.091e-02 9.537e-01 2.222e+00 2.499e+00
5.125e-02 9.471e-01 2.207e+00 2.481e+00
5.160e-02 9.405e-01 2.191e+00 2.464e+00
5.196e-02 9.340e-01 2.176e+00 2.447e+00
5.231e-02 9.275e-01 2.161e+00 2.430e+00
5.267e-02 9.211e-01 2.146e+00 2.413e+00
5.303e-02 9.146e-01 2.131e+00 2.396e+00
5.339e-02 9.083e-01 2.116e+00 2.380e+00
5.376e-02 9.020e-01 2.102e+00 2.363e+00
5.412e-02 8.957e-01 2.087e+00 2.347e+00
5.449e-02 8.895e-01 2.072e+00 2.330e+00
5.487e-02 8.833e-01 2.058e+00 2.314e+00
5.524e-02 8.771e-01 2.044e+00 2.298e+00
5.562e-02 8.710e-01 2.029e+00 2.282e+00
5.600e-02 8.649e-01 2.015e+00 2.266e+00
5.638e-02 8.589e-01 2.001e+00 2.250e+00
5.677e-02 8.529e-01 1.987e+00 2.234e+00
5.715e-02 8.470e-01 1.973e+00 2.219e+00
5.754e-02 8.411e-01 1.960e+00 2.203e+00
5.794e-02 8.352e-01 1.946e+00 2.188e+00
5.833e-02 8.294e-01 1.932e+00 2.173e+00
5.873e-02 8.236e-01 1.919e+00 2.158e+00
5.913e-02 8.179e-01 1.906e+00 2.143e+00
5.954e-02 8.122e-01 1.892e+00 2.128e+00
5.994e-02 8.065e-01 1.879e+00 2.113e+00
6.035e-02 8.009e-01 1.866e+00 2.098e+00
6.077e-02 7.953e-01 1.853e+00 2.083e+00
6.118e-02 7.897e-01 1.840e+00 2.069e+00
6.160e-02 7.842e-01 1.827e+00 2.054e+00
6.202e-02 7.787e-01 1.814e+00 2.040e+00
6.244e-02 7.733e-01 1.802e+00 2.026e+00
6.287e-02 7.679e-01 1.789e+00 2.012e+00
6.330e-02 7.625e-01 1.777e+00 1.998e+00
6.373e-02 7.572e-01 1.764e+00 1.984e+00
6.417e-02 7.519e-01 1.752e+00 1.970e+00
6.461e-02 7.466e-01 1.740e+00 1.956e+00
6.505e-02 7.414e-01 1.727e+00 1.942e+00
6.549e-02 7.362e-01 1.715e+00 1.929e+00
6.594e-02 7.311e-01 1.703e+00 1.915e+00
6.639e-02 7.260e-01 1.691e+00 1.902e+00
6.684e-02 7.209e-01 1.680e+00 1.889e+00
6.730e-02 7.158e-01 1.668e+00 1.875e+00
6.776e-02 7.108e-01 1.656e+00 1.862e+00
6.822e-02 7.058e-01 1.645e+00 1.849e+00
6.869e-02 7.009e-01 1.633e+00 1.836e+00
6.916e-02 6.960e-01 1.622e+00 1.823e+00
6.963e-02 6.911e-01 1.610e+00 1.811e+00
7.011e-02 6.863e-01 1.599e+00 1.798e+00
7.059e-02 6.814e-01 1.588e+00 1.785e+00
7.107e-02 6.767e-01 1.577e+00 1.773e+00
7.155e-02 6.719e-01 1.566e+00 1.760e+00
7.204e-02 6.672e-01 1.555e+00 1.748e+00
7.253e-02 6.625e-01 1.544e+00 1.736e+00
7.303e-02 6.579e-01 1.533e+00 1.723e+00
7.353e-02 6.533e-01 1.522e+00 1.711e+00
7.403e-02 6.487e-01 1.511e+00 1.699e+00
7.454e-02 6.441e-01 1.501e+00 1.687e+00
7.505e-02 6.396e-01 1.490e+00 1.676e+00
7.556e-02 6.351e-01 1.480e+00 1.664e+00
7.608e-02 6.306e-01 1.469e+00 1.652e+00
7.660e-02 6.262e-01 1.459e+00 1.640e+00
7.712e-02 6.218e-01 1.449e+00 1.629e+00
7.765e-02 6.174e-01 1.439e+00 1.617e+00
7.818e-02 6.131e-01 1.428e+00 1.606e+00
7.871e-02 6.088e-01 1.418e+00 1.595e+00
7.925e-02 6.045e-01 1.408e+00 1.584e+00
7.979e-02 6.002e-01 1.398e+00 1.572e+00
8.033e-02 5.960e-01 1.389e+00 1.561e+00
8.088e-02 5.918e-01 1.379e+00 1.550e+00
8.144e-02 5.876e-01 1.369e+00 1.539e+00
8.199e-02 5.835e-01 1.359e+00 1.529e+00
8.255e-02 5.794e-01 1.350e+00 1.518e+00
8.312e-02 5.753e-01 1.340e+00 1.507e+00
8.368e-02 5.712e-01 1.331e+00 1.496e+00
8.426e-02 5.672e-01 1.322e+00 1.486e+00
8.483e-02 5.632e-01 1.312e+00 1.475e+00
8.541e-02 5.592e-01 1.303e+00 1.465e+00
8.600e-02 5.553e-01 1.294e+00 1.455e+00
8.658e-02 5.513e-01 1.285e+00 1.444e+00
8.717e-02 5.474e-01 1.276e+00 1.434e+00
8.777e-02 5.436e-01 1.266e+00 1.424e+00
8.837e-02 5.397e-01 1.258e+00 1.414e+00
8.897e-02 5.359e-01 1.249e+00 1.404e+00
8.958e-02 5.321e-01 1.240e+00 1.394e+00
9.019e-02 5.284e-01 1.231e+00 1.384e+00
9.081e-02 5.246e-01 1.222e+00 1.374e+00
9.143e-02 5.209e-01 1.214e+00 1.365e+00
9.205e-02 5.172e-01 1.205e+00 1.355e+00
9.268e-02 5.135e-01 1.197e+00 1.345e+00
9.332e-02 5.099e-01 1.188e+00 1.336e+00
9.395e-02 5.063e-01 1.180e+00 1.326e+00
9.460e-02 5.027e-01 1.171e+00 1.317e+00
9.524e-02 4.991e-01 1.163e+00 1.308e+00
9.589e-02 4.956e-01 1.155e+00 1.298e+00
9.655e-02 4.921e-01 1.146e+00 1.289e+00
9.721e-02 4.886e-01 1.138e+00 1.280e+00
9.787e-02 4.851e-01 1.130e+00 1.271e+00
9.854e-02 4.816e-01 1.122e+00 1.262e+00
9.921e-02 4.782e-01 1.114e+00 1.253e+00
9.989e-02 4.748e-01 1.106e+00 1.244e+00
1.006e-01 4.714e-01 1.098e+00 1.235e+00
1.013e-01 4.681e-01 1.091e+00 1.226e+00
1.020e-01 4.647e-01 1.083e+00 1.218e+00
1.027e-01 4.614e-01 1.075e+00 1.209e+00
1.034e-01 4.582e-01 1.067e+00 1.200e+00
1.041e-01 4.549e-01 1.060e+00 1.192e+00
1.048e-01 4.516e-01 1.052e+00 1.183e+00
1.055e-01 4.484e-01 1.045e+00 1.175e+00
1.062e-01 4.452e-01 1.037e+00 1.166e+00
1.069e-01 4.420e-01 1.030e+00 1.158e+00
1.077e-01 4.389e-01 1.023e+00 1.150e+00
1.084e-01 4.358e-01 1.015e+00 1.142e+00
1.091e-01 4.326e-01 1.008e+00 1.133e+00
1.099e-01 4.296e-01 1.001e+00 1.125e+00
1.106e-01 4.265e-01 9.937e-01 1.117e+00
1.114e-01 4.234e-01 9.866e-01 1.109e+00
1.122e-01 4.204e-01 9.795e-01 1.101e+00
1.129e-01 4.174e-01 9.725e-01 1.093e+00
1.137e-01 4.144e-01 9.655e-01 1.086e+00
1.145e-01 4.114e-01 9.586e-01 1.078e+00
1.152e-01 4.085e-01 9.518e-01 1.070e+00
1.160e-01 4.056e-01 9.449e-01 1.063e+00
1.168e-01 4.027e-01 9.382e-01 1.055e+00
1.176e-01 3.998e-01 9.314e-01 1.047e+00
1.184e-01 3.969e-01 9.248e-01 1.040e+00
1.192e-01 3.941e-01 9.181e-01 1.032e+00
1.201e-01 3.912e-01 9.115e-01 1.025e+00
1.209e-01 3.884e-01 9.050e-01 1.018e+00
1.217e-01 3.856e-01 8.985e-01 1.010e+00
1.225e-01 3.829e-01 8.920e-01 1.003e+00
1.234e-01 3.801e-01 8.856e-01 9.958e-01
1.242e-01 3.774e-01 8.792e-01 9.886e-01
1.251e-01 3.747e-01 8.729e-01 9.815e-01
1.259e-01 3.720e-01 8.666e-01 9.745e-01
1.268e-01 3.693e-01 8.604e-01 9.674e-01
1.276e-01 3.666e-01 8.542e-01 9.605e-01
1.285e-01 3.640e-01 8.480e-01 9.535e-01
1.294e-01 3.614e-01 8.419e-01 9.467e-01
1.303e-01 3.587e-01 8.359e-01 9.398e-01
1.312e-01 3.562e-01 8.298e-01 9.331e-01
1.321e-01 3.536e-01 8.238e-01 9.263e-01
1.330e-01 3.510e-01 8.179e-01 9.196e-01
1.339e-01 3.485e-01 8.120e-01 9.130e-01
1.348e-01 3.460e-01 8.061e-01 9.064e-01
1.357e-01 3.435e-01 8.003e-01 8.998e-01
1.366e-01 3.410e-01 7.945e-01 8.933e-01
1.376e-01 3.385e-01 7.887e-01 8.869e-01
1.385e-01 3.361e-01 7.830e-01 8.804e-01
1.395e-01 3.336e-01 7.774e-01 8.741e-01
1.404e-01 3.312e-01 7.717e-01 8.677e-01
1.414e-01 3.288e-01 7.661e-01 8.614e-01
1.423e-01 3.264e-01 7.606e-01 8.552e-01
1.433e-01 3.241e-01 7.551e-01 8.490e-01
1.443e-01 3.217e-01 7.496e-01 8.428e-01
1.453e-01 3.194e-01 7.441e-01 8.367e-01
1.463e-01 3.171e-01 7.387e-01 8.306e-01
1.473e-01 3.148e-01 7.334e-01 8.246e-01
1.483e-01 3.125e-01 7.280e-01 8.186e-01
1.493e-01 3.102e-01 7.227e-01 8.126e-01
1.503e-01 3.079e-01 7.175e-01 8.067e-01
1.513e-01 3.057e-01 7.122e-01 8.009e-01
1.524e-01 3.035e-01 7.071e-01 7.950e-01
1.534e-01 3.013e-01 7.019e-01 7.892e-01
1.545e-01 2.991e-01 6.968e-01 7.835e-01
1.555e-01 2.969e-01 6.917e-01 7.778e-01
1.566e-01 2.947e-01 6.867e-01 7.721e-01
1.576e-01 2.926e-01 6.816e-01 7.664e-01
1.587e-01 2.904e-01 6.767e-01 7.608e-01
1.598e-01 2.883e-01 6.717e-01 7.553e-01
1.609e-01 2.862e-01 6.668e-01 7.498e-01
1.620e-01 2.841e-01 6.619e-01 7.443e-01
1.631e-01 2.820e-01 6.571e-01 7.388e-01
1.642e-01 2.800e-01 6.523e-01 7.334e-01
1.653e-01 2.779e-01 6.475e-01 7.280e-01
1.665e-01 2.759e-01 6.427e-01 7.227e-01
1.676e-01 2.738e-01 6.380e-01 7.174e-01
1.687e-01 2.718e-01 6.333e-01 7.121e-01
1.699e-01 2.698e-01 6.287e-01 7.069e-01
1.711e-01 2.679e-01 6.241e-01 7.017e-01
1.722e-01 2.659e-01 6.195e-01 6.966e-01
1.734e-01 2.639e-01 6.149e-01 6.914e-01
1.746e-01 2.620e-01 6.104e-01 6.864e-01
1.758e-01 2.601e-01 6.059e-01 6.813e-01
1.770e-01 2.581e-01 6.015e-01 6.763e-01
1.782e-01 2.562e-01 5.970e-01 6.713e-01
1.794e-01 2.544e-01 5.926e-01 6.664e-01
1.806e-01 2.525e-01 5.883e-01 6.614e-01
1.819e-01 2.506e-01 5.839e-01 6.566e-01
1.831e-01 2.488e-01 5.796e-01 6.517e-01
1.844e-01 2.469e-01 5.753e-01 6.469e-01
1.856e-01 2.451e-01 5.711e-01 6.421e-01
1.869e-01 2.433e-01 5.668e-01 6.374e-01
1.882e-01 2.415e-01 5.627e-01 6.327e-01
1.895e-01 2.397e-01 5.585e-01 6.280e-01
1.908e-01 2.379e-01 5.544e-01 6.233e-01
1.921e-01 2.362e-01 5.503e-01 6.187e-01
1.934e-01 2.344e-01 5.462e-01 6.141e-01
1.947e-01 2.327e-01 5.421e-01 6.096e-01
1.960e-01 2.310e-01 5.381e-01 6.051e-01
1.974e-01 2.293e-01 5.341e-01 6.006e-01
1.987e-01 2.276e-01 5.302e-01 5.961e-01
2.001e-01 2.259e-01 5.262e-01 5.917e-01
2.014e-01 2.242e-01 5.223e-01 5.873e-01
2.028e-01 2.225e-01 5.185e-01 5.830e-01
2.042e-01 2.209e-01 5.146e-01 5.786e-01
2.056e-01 2.192e-01 5.108e-01 5.743e-01
2.070e-01 2.176e-01 5.070e-01 5.700e-01
2.084e-01 2.160e-01 5.032e-01 5.658e-01
2.098e-01 2.144e-01 4.994e-01 5.616e-01
2.113e-01 2.128e-01 4.957e-01 5.574e-01
2.127e-01 2.112e-01 4.920e-01 5.532e-01
2.142e-01 2.096e-01 4.883e-01 5.491e-01
2.156e-01 2.080e-01 4.847e-01 5.450e-01
2.171e-01 2.065e-01 4.811e-01 5.409e-01
2.186e-01 2.049e-01 4.775e-01 5.369e-01
2.201e-01 2.034e-01 4.739e-01 5.329e-01
2.216e-01 2.019e-01 4.703e-01 5.289e-01
2.231e-01 2.004e-01 4.668e-01 5.249e-01
2.246e-01 1.989e-01 4.633e-01 5.210e-01
2.262e-01 1.974e-01 4.598e-01 5.171e-01
2.277e-01 1.959e-01 4.564e-01 5.132e-01
2.293e-01 1.944e-01 4.530e-01 5.093e-01
2.308e-01 1.929e-01 4.496e-01 5.055e-01
2.324e-01 1.915e-01 4.462e-01 5.017e-01
2.340e-01 1.901e-01 4.428e-01 4.979e-01
2.356e-01 1.886e-01 4.395e-01 4.942e-01
2.372e-01 1.872e-01 4.362e-01 4.904e-01
2.388e-01 1.858e-01 4.329e-01 4.867e-01
2.404e-01 1.844e-01 4.296e-01 4.831e-01
2.421e-01 1.830e-01 4.264e-01 4.794e-01
2.437e-01 1.816e-01 4.231e-01 4.758e-01
2.454e-01 1.802e-01 4.199e-01 4.722e-01
2.471e-01 1.789e-01 4.168e-01 4.686e-01
2.488e-01 1.775e-01 4.136e-01 4.651e-01
2.505e-01 1.762e-01 4.105e-01 4.615e-01
2.522e-01 1.748e-01 4.073e-01 4.580e-01
2.539e-01 1.735e-01 4.043e-01 4.545e-01
2.556e-01 1.722e-01 4.012e-01 4.511e-01
2.574e-01 1.709e-01 3.981e-01 4.477e-01
2.591e-01 1.696e-01 3.951e-01 4.443e-01
2.609e-01 1.683e-01 3.921e-01 4.409e-01
2.627e-01 1.670e-01 3.891e-01 4.375e-01
2.645e-01 1.657e-01 3.861e-01 4.342e-01
2.663e-01 1.645e-01 3.832e-01 4.309e-01
2.681e-01 1.632e-01 3.803e-01 4.276e-01
2.700e-01 1.620e-01 3.774e-01 4.243e-01
2.718e-01 1.607e-01 3.745e-01 4.211e-01
2.737e-01 1.595e-01 3.716e-01 4.178e-01
2.755e-01 1.583e-01 3.688e-01 4.146e-01
2.774e-01 1.571e-01 3.659e-01 4.115e-01
2.793e-01 1.558e-01 3.631e-01 4.083e-01
2.812e-01 1.547e-01 3.603e-01 4.052e-01
2.831e-01 1.535e-01 3.576e-01 4.020e-01
2.851e-01 1.523e-01 3.548e-01 3.990e-01
2.870e-01 1.511e-01 3.521e-01 3.959e-01
2.890e-01 1.500e-01 3.494e-01 3.929e-01
2.909e-01 1.488e-01 3.467e-01 3.899e-01
2.929e-01 1.477e-01 3.441e-01 3.869e-01
2.949e-01 1.465e-01 3.414e-01 3.839e-01
2.970e-01 1.454e-01 3.388e-01 3.810e-01
2.990e-01 1.443e-01 3.362e-01 3.781e-01
3.010e-01 1.432e-01 3.336e-01 3.752e-01
3.031e-01 1.421e-01 3.311e-01 3.723e-01
3.052e-01 1.410e-01 3.285e-01 3.694e-01
3.072e-01 1.399e-01 3.260e-01 3.666e-01
3.093e-01 1.388e-01 3.235e-01 3.637e-01
3.114e-01 1.378e-01 3.210e-01 3.609e-01
3.136e-01 1.367e-01 3.185e-01 3.581e-01
3.157e-01 1.356e-01 3.161e-01 3.554e-01
3.179e-01 1.346e-01 3.136e-01 3.526e-01
3.200e-01 1.336e-01 3.112e-01 3.499e-01
3.222e-01 1.325e-01 3.088e-01 3.472e-01
3.244e-01 1.315e-01 3.064e-01 3.445e-01
3.267e-01 1.305e-01 3.040e-01 3.418e-01
3.289e-01 1.295e-01 3.016e-01 3.392e-01
3.311e-01 1.285e-01 2.993e-01 3.365e-01
3.334e-01 1.275e-01 2.970e-01 3.339e-01
3.357e-01 1.265e-01 2.947e-01 3.313e-01
3.380e-01 1.255e-01 2.924e-01 3.287e-01
3.403e-01 1.245e-01 2.901e-01 3.262e-01
3.426e-01 1.235e-01 2.878e-01 3.236e-01
3.449e-01 1.226e-01 2.856e-01 3.211e-01
3.473e-01 1.216e-01 2.833e-01 3.186e-01
3.497e-01 1.207e-01 2.811e-01 3.161e-01
3.521e-01 1.197e-01 2.789e-01 3.136e-01
3.545e-01 1.188e-01 2.767e-01 3.112e-01
3.569e-01 1.178e-01 2.746e-01 3.087e-01
3.593e-01 1.169e-01 2.724e-01 3.063e-01
3.618e-01 1.160e-01 2.703e-01 3.039e-01
3.643e-01 1.151e-01 2.681e-01 3.015e-01
3.667e-01 1.142e-01 2.660e-01 2.991e-01
3.692e-01 1.133e-01 2.639e-01 2.967e-01
3.718e-01 1.124e-01 2.618e-01 2.944e-01
3.743e-01 1.115e-01 2.598e-01 2.921e-01
3.769e-01 1.106e-01 2.577e-01 2.898e-01
3.794e-01 1.097e-01 2.557e-01 2.875e-01
3.820e-01 1.089e-01 2.536e-01 2.852e-01
3.846e-01 1.080e-01 2.516e-01 2.829e-01
3.873e-01 1.071e-01 2.496e-01 2.807e-01
3.899e-01 1.063e-01 2.476e-01 2.784e-01
3.926e-01 1.054e-01 2.456e-01 2.762e-01
3.953e-01 1.046e-01 2.436e-01 2.740e-01
3.980e-01 1.037e-01 2.417e-01 2.718e-01
4.007e-01 1.029e-01 2.397e-01 2.696e-01
4.034e-01 1.021e-01 2.378e-01 2.674e-01
4.062e-01 1.012e-01 2.359e-01 2.652e-01
4.090e-01 1.004e-01 2.340e-01 2.631e-01
4.117e-01 9.962e-02 2.321e-01 2.610e-01
4.146e-01 9.881e-02 2.302e-01 2.589e-01
4.174e-01 9.801e-02 2.284e-01 2.568e-01
4.202e-01 9.722e-02 2.265e-01 2.547e-01
4.231e-01 9.643e-02 2.247e-01 2.526e-01
4.260e-01 9.565e-02 2.229e-01 2.506e-01
4.289e-01 9.487e-02 2.210e-01 2.485e-01
4.318e-01 9.410e-02 2.192e-01 2.465e-01
4.348e-01 9.333e-02 2.175e-01 2.445e-01
4.378e-01 9.257e-02 2.157e-01 2.425e-01
4.408e-01 9.181e-02 2.139e-01 2.405e-01
4.438e-01 9.106e-02 2.122e-01 2.386e-01
4.468e-01 9.032e-02 2.104e-01 2.366e-01
4.499e-01 8.958e-02 2.087e-01 2.347e-01
4.529e-01 8.884e-02 2.070e-01 2.327e-01
4.560e-01 8.811e-02 2.053e-01 2.308e-01
4.591e-01 8.739e-02 2.036e-01 2.289e-01
4.623e-01 8.667e-02 2.019e-01 2.271e-01
4.654e-01 8.595e-02 2.003e-01 2.252e-01
4.686e-01 8.524e-02 1.986e-01 2.233e-01
4.718e-01 8.454e-02 1.970e-01 2.215e-01
4.750e-01 8.384e-02 1.953e-01 2.196e-01
4.783e-01 8.314e-02 1.937e-01 2.178e-01
4.816e-01 8.245e-02 1.921e-01 2.160e-01
4.848e-01 8.176e-02 1.905e-01 2.142e-01
4.882e-01 8.107e-02 1.889e-01 2.124e-01
4.915e-01 8.039e-02 1.873e-01 2.106e-01
4.949e-01 7.972e-02 1.857e-01 2.088e-01
4.982e-01 7.905e-02 1.842e-01 2.071e-01
5.016e-01 7.838e-02 1.826e-01 2.053e-01
5.051e-01 7.772e-02 1.811e-01 2.036e-01
5.085e-01 7.706e-02 1.795e-01 2.019e-01
5.120e-01 7.641e-02 1.780e-01 2.002e-01
5.155e-01 7.576e-02 1.765e-01 1.985e-01
5.190e-01 7.512e-02 1.750e-01 1.968e-01
5.226e-01 7.448e-02 1.735e-01 1.951e-01
5.261e-01 7.384e-02 1.721e-01 1.935e-01
5.297e-01 7.322e-02 1.706e-01 1.918e-01
5.333e-01 7.259e-02 1.691e-01 1.902e-01
5.370e-01 7.197e-02 1.677e-01 1.885e-01
5.407e-01 7.135e-02 1.663e-01 1.869e-01
5.443e-01 7.074e-02 1.648e-01 1.853e-01
5.481e-01 7.013e-02 1.634e-01 1.837e-01
5.518e-01 6.953e-02 1.620e-01 1.822e-01
5.556e-01 6.893e-02 1.606e-01 1.806e-01
5.594e-01 6.834e-02 1.592e-01 1.790e-01
5.632e-01 6.775e-02 1.579e-01 1.775e-01
5.670e-01 6.716e-02 1.565e-01 1.760e-01
5.709e-01 6.658e-02 1.551e-01 1.744e-01
5.748e-01 6.600e-02 1.538e-01 1.729e-01
5.788e-01 6.544e-02 1.525e-01 1.714e-01
5.827e-01 6.488e-02 1.512e-01 1.700e-01
5.867e-01 6.432e-02 1.499e-01 1.685e-01
5.907e-01 6.376e-02 1.486e-01 1.670e-01
5.947e-01 6.321e-02 1.473e-01 1.656e-01
5.988e-01 6.267e-02 1.460e-01 1.642e-01
6.029e-01 6.213e-02 1.447e-01 1.628e-01
6.070e-01 6.159e-02 1.435e-01 1.613e-01
6.112e-01 6.105e-02 1.422e-01 1.599e-01
6.153e-01 6.052e-02 1.410e-01 1.586e-01
6.195e-01 6.000e-02 1.398e-01 1.572e-01
6.238e-01 5.947e-02 1.386e-01 1.558e-01
6.280e-01 5.895e-02 1.374e-01 1.544e-01
6.323e-01 5.844e-02 1.362e-01 1.531e-01
6.366e-01 5.793e-02 1.350e-01 1.518e-01
6.410e-01 5.742e-02 1.338e-01 1.504e-01
6.454e-01 5.691e-02 1.326e-01 1.491e-01
6.498e-01 5.641e-02 1.314e-01 1.478e-01
6.542e-01 5.592e-02 1.303e-01 1.465e-01
6.587e-01 5.542e-02 1.291e-01 1.452e-01
6.632e-01 5.493e-02 1.280e-01 1.439e-01
6.677e-01 5.445e-02 1.269e-01 1.426e-01
6.723e-01 5.397e-02 1.257e-01 1.414e-01
6.769e-01 5.348e-02 1.246e-01 1.401e-01
6.815e-01 5.301e-02 1.235e-01 1.389e-01
6.862e-01 5.253e-02 1.224e-01 1.376e-01
6.908e-01 5.206e-02 1.213e-01 1.364e-01
6.956e-01 5.159e-02 1.202e-01 1.352e-01
7.003e-01 5.113e-02 1.191e-01 1.339e-01
7.051e-01 5.067e-02 1.180e-01 1.327e-01
7.099e-01 5.021e-02 1.170e-01 1.315e-01
7.148e-01 4.975e-02 1.159e-01 1.303e-01
7.197e-01 4.930e-02 1.149e-01 1.292e-01
7.246e-01 4.885e-02 1.138e-01 1.280e-01
7.295e-01 4.841e-02 1.128e-01 1.268e-01
7.345e-01 4.797e-02 1.118e-01 1.257e-01
7.395e-01 4.753e-02 1.107e-01 1.245e-01
7.446e-01 4.710e-02 1.097e-01 1.234e-01
7.497e-01 4.666e-02 1.087e-01 1.223e-01
7.548e-01 4.624e-02 1.077e-01 1.211e-01
7.599e-01 4.581e-02 1.067e-01 1.200e-01
7.651e-01 4.539e-02 1.058e-01 1.189e-01
7.704e-01 4.497e-02 1.048e-01 1.178e-01
7.756e-01 4.456e-02 1.038e-01 1.167e-01
7.809e-01 4.415e-02 1.029e-01 1.157e-01
7.863e-01 4.374e-02 1.019e-01 1.146e-01
7.916e-01 4.334e-02 1.010e-01 1.135e-01
7.970e-01 4.294e-02 1.000e-01 1.125e-01
8.025e-01 4.254e-02 9.911e-02 1.114e-01
8.080e-01 4.214e-02 9.819e-02 1.104e-01
8.135e-01 4.175e-02 9.728e-02 1.094e-01
8.190e-01 4.136e-02 9.637e-02 1.084e-01
8.246e-01 4.098e-02 9.547e-02 1.074e-01
8.303e-01 4.059e-02 9.458e-02 1.063e-01
8.359e-01 4.021e-02 9.369e-02 1.054e-01
8.417e-01 3.984e-02 9.281e-02 1.044e-01
8.474e-01 3.946e-02 9.194e-02 1.034e-01
8.532e-01 3.909e-02 9.108e-02 1.024e-01
8.590e-01 3.872e-02 9.022e-02 1.014e-01
8.649e-01 3.835e-02 8.936e-02 1.005e-01
8.708e-01 3.799e-02 8.851e-02 9.952e-02
8.768e-01 3.762e-02 8.766e-02 9.857e-02
8.827e-01 3.726e-02 8.682e-02 9.762e-02
8.888e-01 3.691e-02 8.599e-02 9.669e-02
8.949e-01 3.655e-02 8.516e-02 9.576e-02
9.010e-01 3.620e-02 8.434e-02 9.483e-02
9.071e-01 3.585e-02 8.352e-02 9.391e-02
9.133e-01 3.550e-02 8.271e-02 9.300e-02
9.196e-01 3.516e-02 8.191e-02 9.210e-02
9.258e-01 3.481e-02 8.111e-02 9.121e-02
9.322e-01 3.447e-02 8.032e-02 9.032e-02
9.385e-01 3.414e-02 7.954e-02 8.943e-02
9.450e-01 3.380e-02 7.876e-02 8.856e-02
9.514e-01 3.347e-02 7.799e-02 8.769e-02
9.579e-01 3.314e-02 7.722e-02 8.683e-02
9.645e-01 3.282e-02 7.646e-02 8.597e-02
9.710e-01 3.250e-02 7.572e-02 8.515e-02
9.777e-01 3.219e-02 7.499e-02 8.432e-02
9.844e-01 3.188e-02 7.427e-02 8.351e-02
9.911e-01 3.157e-02 7.355e-02 8.270e-02
9.979e-01 3.126e-02 7.284e-02 8.190e-02
1.005e+00 3.096e-02 7.213e-02 8.110e-02
1.012e+00 3.066e-02 7.143e-02 8.031e-02
1.018e+00 3.036e-02 7.073e-02 7.953e-02
1.025e+00 3.006e-02 7.004e-02 7.875e-02
1.032e+00 2.977e-02 6.935e-02 7.798e-02
1.039e+00 2.947e-02 6.867e-02 7.722e-02
1.047e+00 2.918e-02 6.800e-02 7.646e-02
1.054e+00 2.890e-02 6.733e-02 7.570e-02
1.061e+00 2.861e-02 6.666e-02 7.495e-02
1.068e+00 2.832e-02 6.599e-02 7.420e-02
1.075e+00 2.803e-02 6.532e-02 7.344e-02
1.083e+00 2.775e-02 6.465e-02 7.270e-02
1.090e+00 2.747e-02 6.399e-02 7.196e-02
1.098e+00 2.719e-02 6.334e-02 7.122e-02
1.105e+00 2.691e-02 6.269e-02 7.049e-02
1.113e+00 2.663e-02 6.205e-02 6.977e-02
1.120e+00 2.636e-02 6.141e-02 6.905e-02
1.128e+00 2.609e-02 6.078e-02 6.834e-02
1.136e+00 2.582e-02 6.015e-02 6.763e-02
1.143e+00 2.555e-02 5.953e-02 6.693e-02
1.151e+00 2.528e-02 5.891e-02 6.624e-02
1.159e+00 2.502e-02 5.829e-02 6.555e-02
1.167e+00 2.476e-02 5.769e-02 6.487e-02
1.175e+00 2.451e-02 5.710e-02 6.420e-02
1.183e+00 2.425e-02 5.651e-02 6.354e-02
1.191e+00 2.400e-02 5.592e-02 6.288e-02
1.199e+00 2.375e-02 5.534e-02 6.222e-02
1.207e+00 2.350e-02 5.476e-02 6.157e-02
1.216e+00 2.326e-02 5.419e-02 6.093e-02
1.224e+00 2.301e-02 5.362e-02 6.029e-02
1.232e+00 2.277e-02 5.306e-02 5.966e-02
1.241e+00 2.253e-02 5.250e-02 5.903e-02
1.249e+00 2.229e-02 5.194e-02 5.840e-02
1.258e+00 2.206e-02 5.139e-02 5.779e-02
1.266e+00 2.182e-02 5.085e-02 5.718e-02
1.275e+00 2.159e-02 5.031e-02 5.657e-02
1.284e+00 2.137e-02 4.978e-02 5.597e-02
1.293e+00 2.114e-02 4.925e-02 5.538e-02
1.301e+00 2.091e-02 4.873e-02 5.479e-02
1.310e+00 2.069e-02 4.821e-02 5.420e-02
1.319e+00 2.047e-02 4.769e-02 5.362e-02
1.328e+00 2.025e-02 4.718e-02 5.305e-02
1.337e+00 2.003e-02 4.667e-02 5.248e-02
1.346e+00 1.981e-02 4.617e-02 5.191e-02
1.356e+00 1.960e-02 4.567e-02 5.135e-02
1.365e+00 1.938e-02 4.516e-02 5.078e-02
1.374e+00 1.917e-02 4.467e-02 5.022e-02
1.384e+00 1.896e-02 4.418e-02 4.967e-02
1.393e+00 1.875e-02 4.369e-02 4.912e-02
1.403e+00 1.854e-02 4.320e-02 4.858e-02
1.412e+00 1.834e-02 4.272e-02 4.804e-02
1.422e+00 1.813e-02 4.225e-02 4.750e-02
1.432e+00 1.793e-02 4.177e-02 4.697e-02
1.441e+00 1.773e-02 4.131e-02 4.644e-02
1.451e+00 1.753e-02 4.084e-02 4.592e-02
1.461e+00 1.733e-02 4.039e-02 4.541e-02
1.471e+00 1.714e-02 3.994e-02 4.491e-02
1.481e+00 1.695e-02 3.949e-02 4.441e-02
1.491e+00 1.676e-02 3.905e-02 4.391e-02
1.501e+00 1.657e-02 3.861e-02 4.342e-02
1.512e+00 1.639e-02 3.818e-02 4.293e-02
1.522e+00 1.620e-02 3.775e-02 4.244e-02
1.532e+00 1.602e-02 3.732e-02 4.196e-02
1.543e+00 1.584e-02 3.690e-02 4.149e-02
1.553e+00 1.566e-02 3.648e-02 4.102e-02
1.564e+00 1.548e-02 3.607e-02 4.056e-02
1.575e+00 1.531e-02 3.566e-02 4.010e-02
1.585e+00 1.513e-02 3.526e-02 3.965e-02
1.596e+00 1.496e-02 3.486e-02 3.920e-02
1.607e+00 1.479e-02 3.447e-02 3.875e-02
1.618e+00 1.462e-02 3.407e-02 3.831e-02
1.629e+00 1.446e-02 3.368e-02 3.787e-02
1.640e+00 1.429e-02 3.330e-02 3.744e-02
1.652e+00 1.413e-02 3.291e-02 3.701e-02
1.663e+00 1.396e-02 3.253e-02 3.658e-02
1.674e+00 1.380e-02 3.215e-02 3.615e-02
1.686e+00 1.364e-02 3.178e-02 3.573e-02
1.697e+00 1.348e-02 3.140e-02 3.531e-02
1.709e+00 1.332e-02 3.104e-02 3.490e-02
1.720e+00 1.316e-02 3.067e-02 3.449e-02
1.732e+00 1.301e-02 3.031e-02 3.408e-02
1.744e+00 1.285e-02 2.995e-02 3.367e-02
1.756e+00 1.269e-02 2.957e-02 3.325e-02
1.768e+00 1.253e-02 2.920e-02 3.284e-02
1.780e+00 1.238e-02 2.884e-02 3.243e-02
1.792e+00 1.222e-02 2.848e-02 3.202e-02
1.804e+00 1.207e-02 2.812e-02 3.162e-02
1.817e+00 1.192e-02 2.776e-02 3.122e-02
1.829e+00 1.176e-02 2.741e-02 3.082e-02
1.842e+00 1.162e-02 2.706e-02 3.043e-02
1.854e+00 1.148e-02 2.674e-02 3.007e-02
1.867e+00 1.134e-02 2.642e-02 2.970e-02
1.880e+00 1.120e-02 2.610e-02 2.934e-02
1.893e+00 1.107e-02 2.578e-02 2.899e-02
1.905e+00 1.093e-02 2.547e-02 2.864e-02
1.918e+00 1.080e-02 2.516e-02 2.829e-02
1.932e+00 1.067e-02 2.485e-02 2.794e-02
1.945e+00 1.053e-02 2.454e-02 2.759e-02
1.958e+00 1.040e-02 2.423e-02 2.724e-02
1.971e+00 1.027e-02 2.392e-02 2.689e-02
1.985e+00 1.013e-02 2.361e-02 2.655e-02
1.998e+00 1.000e-02 2.331e-02 2.621e-02
2.012e+00 9.876e-03 2.301e-02 2.587e-02
2.026e+00 9.748e-03 2.271e-02 2.554e-02
2.040e+00 9.622e-03 2.242e-02 2.521e-02
2.054e+00 9.497e-03 2.213e-02 2.488e-02
2.068e+00 9.373e-03 2.184e-02 2.456e-02
2.082e+00 9.251e-03 2.155e-02 2.424e-02
2.096e+00 9.130e-03 2.127e-02 2.392e-02
2.110e+00 9.009e-03 2.099e-02 2.360e-02
2.125e+00 8.890e-03 2.071e-02 2.329e-02
2.139e+00 8.774e-03 2.044e-02 2.299e-02
2.154e+00 8.658e-03 2.017e-02 2.268e-02
2.169e+00 8.544e-03 1.991e-02 2.238e-02
2.183e+00 8.431e-03 1.964e-02 2.209e-02
2.198e+00 8.319e-03 1.938e-02 2.179e-02
2.213e+00 8.208e-03 1.912e-02 2.150e-02
2.229e+00 8.098e-03 1.887e-02 2.122e-02
2.244e+00 7.989e-03 1.861e-02 2.093e-02
2.259e+00 7.881e-03 1.836e-02 2.065e-02
2.275e+00 7.774e-03 1.811e-02 2.037e-02
2.290e+00 7.668e-03 1.787e-02 2.009e-02
2.306e+00 7.563e-03 1.762e-02 1.981e-02
2.321e+00 7.459e-03 1.738e-02 1.954e-02
2.337e+00 7.359e-03 1.715e-02 1.928e-02
2.353e+00 7.263e-03 1.692e-02 1.903e-02
2.369e+00 7.168e-03 1.670e-02 1.878e-02
2.386e+00 7.075e-03 1.648e-02 1.853e-02
2.402e+00 6.982e-03 1.627e-02 1.829e-02
2.418e+00 6.890e-03 1.605e-02 1.805e-02
2.435e+00 6.791e-03 1.582e-02 1.779e-02
2.451e+00 6.694e-03 1.560e-02 1.754e-02
2.468e+00 6.598e-03 1.537e-02 1.729e-02
2.485e+00 6.503e-03 1.515e-02 1.704e-02
2.502e+00 6.408e-03 1.493e-02 1.679e-02
2.519e+00 6.318e-03 1.472e-02 1.655e-02
2.536e+00 6.228e-03 1.451e-02 1.632e-02
2.554e+00 6.139e-03 1.430e-02 1.608e-02
2.571e+00 6.051e-03 1.410e-02 1.585e-02
2.589e+00 5.964e-03 1.390e-02 1.563e-02
2.606e+00 5.878e-03 1.370e-02 1.540e-02
2.624e+00 5.792e-03 1.350e-02 1.517e-02
2.642e+00 5.707e-03 1.330e-02 1.495e-02
2.660e+00 5.623e-03 1.310e-02 1.473e-02
2.678e+00 5.540e-03 1.291e-02 1.451e-02
2.697e+00 5.458e-03 1.272e-02 1.430e-02
2.715e+00 5.381e-03 1.254e-02 1.410e-02
2.734e+00 5.308e-03 1.237e-02 1.391e-02
2.752e+00 5.235e-03 1.220e-02 1.371e-02
2.771e+00 5.163e-03 1.203e-02 1.353e-02
2.790e+00 5.090e-03 1.186e-02 1.334e-02
2.809e+00 5.009e-03 1.167e-02 1.312e-02
2.828e+00 4.928e-03 1.148e-02 1.291e-02
2.848e+00 4.849e-03 1.130e-02 1.270e-02
2.867e+00 4.770e-03 1.111e-02 1.250e-02
2.887e+00 4.700e-03 1.095e-02 1.231e-02
2.906e+00 4.631e-03 1.079e-02 1.213e-02
2.926e+00 4.563e-03 1.063e-02 1.195e-02
2.946e+00 4.495e-03 1.047e-02 1.178e-02
2.966e+00 4.428e-03 1.032e-02 1.160e-02
2.987e+00 4.362e-03 1.016e-02 1.143e-02
3.007e+00 4.297e-03 1.001e-02 1.126e-02
3.028e+00 4.232e-03 9.861e-03 1.109e-02
3.048e+00 4.168e-03 9.712e-03 1.092e-02
3.069e+00 4.106e-03 9.567e-03 1.076e-02
3.090e+00 4.045e-03 9.425e-03 1.060e-02
3.111e+00 3.985e-03 9.285e-03 1.044e-02
3.132e+00 3.926e-03 9.147e-03 1.028e-02
3.154e+00 3.866e-03 9.008e-03 1.013e-02
3.175e+00 3.807e-03 8.870e-03 9.973e-03
3.197e+00 3.748e-03 8.733e-03 9.819e-03
3.219e+00 3.690e-03 8.597e-03 9.667e-03
3.241e+00 3.629e-03 8.455e-03 9.507e-03
3.263e+00 3.564e-03 8.304e-03 9.337e-03
3.285e+00 3.500e-03 8.155e-03 9.170e-03
3.308e+00 3.437e-03 8.008e-03 9.004e-03
3.330e+00 3.382e-03 7.879e-03 8.860e-03
3.353e+00 3.330e-03 7.758e-03 8.723e-03
3.376e+00 3.278e-03 7.638e-03 8.588e-03
3.399e+00 3.227e-03 7.519e-03 8.454e-03
3.422e+00 3.176e-03 7.401e-03 8.321e-03
3.446e+00 3.126e-03 7.284e-03 8.190e-03
3.469e+00 3.077e-03 7.168e-03 8.060e-03
3.493e+00 3.028e-03 7.054e-03 7.932e-03
3.517e+00 2.978e-03 6.939e-03 7.802e-03
3.541e+00 2.928e-03 6.822e-03 7.671e-03
3.565e+00 2.879e-03 6.707e-03 7.541e-03
3.589e+00 2.830e-03 6.593e-03 7.413e-03
3.614e+00 2.781e-03 6.480e-03 7.287e-03
3.639e+00 2.734e-03 6.369e-03 7.161e-03
3.663e+00 2.686e-03 6.259e-03 7.038e-03
3.688e+00 2.640e-03 6.151e-03 6.916e-03
3.714e+00 2.592e-03 6.039e-03 6.791e-03
3.739e+00 2.545e-03 5.929e-03 6.667e-03
3.765e+00 2.498e-03 5.820e-03 6.544e-03
3.790e+00 2.453e-03 5.715e-03 6.426e-03
3.816e+00 2.413e-03 5.621e-03 6.321e-03
3.842e+00 2.373e-03 5.529e-03 6.217e-03
3.869e+00 2.334e-03 5.437e-03 6.114e-03
3.895e+00 2.295e-03 5.347e-03 6.013e-03
3.922e+00 2.254e-03 5.252e-03 5.906e-03
3.948e+00 2.214e-03 5.158e-03 5.800e-03
3.975e+00 2.174e-03 5.066e-03 5.696e-03
4.003e+00 2.136e-03 4.976e-03 5.595e-03
4.030e+00 2.098e-03 4.889e-03 5.497e-03
4.057e+00 2.061e-03 4.802e-03 5.400e-03
4.085e+00 2.025e-03 4.717e-03 5.304e-03
4.113e+00 nan nan nan
4.141e+00 nan nan nan
4.169e+00 nan nan nan
4.198e+00 nan nan nan
4.227e+00 nan nan nan
4.255e+00 nan nan nan
4.285e+00 nan nan nan
4.314e+00 nan nan nan
4.343e+00 nan nan nan
4.373e+00 nan nan nan
4.403e+00 nan nan nan
4.433e+00 nan nan nan
4.463e+00 nan nan nan
4.494e+00 nan nan nan
4.524e+00 nan nan nan
4.555e+00 nan nan nan
4.586e+00 nan nan nan
4.618e+00 nan nan nan
4.649e+00 nan nan nan
4.681e+00 nan nan nan
4.713e+00 nan nan nan
4.745e+00 nan nan nan
4.778e+00 nan nan nan
4.810e+00 nan nan nan
4.843e+00 nan nan nan
4.876e+00 nan nan nan
4.910e+00 nan nan nan
4.943e+00 nan nan nan
4.977e+00 nan nan nan
5.011e+00 nan nan nan
5.045e+00 nan nan nan
5.080e+00 nan nan nan
5.114e+00 nan nan nan
5.149e+00 nan nan nan
5.185e+00 nan nan nan
5.220e+00 nan nan nan
5.256e+00 nan nan nan
5.292e+00 nan nan nan
5.328e+00 nan nan nan
5.364e+00 nan nan nan
5.401e+00 nan nan nan
5.438e+00 nan nan nan
5.475e+00 nan nan nan
5.512e+00 nan nan nan
5.550e+00 nan nan nan
5.588e+00 nan nan nan
5.626e+00 nan nan nan
5.664e+00 nan nan nan
5.703e+00 nan nan nan
5.742e+00 nan nan nan
5.781e+00 nan nan nan
5.821e+00 nan nan nan
5.861e+00 nan nan nan
5.901e+00 nan nan nan
5.941e+00 nan nan nan
5.982e+00 nan nan nan
6.022e+00 nan nan nan
6.064e+00 nan nan nan
6.105e+00 nan nan nan
6.147e+00 nan nan nan
6.189e+00 nan nan nan
6.231e+00 nan nan nan
6.274e+00 nan nan nan
6.316e+00 nan nan nan
6.360e+00 nan nan nan
6.403e+00 nan nan nan
6.447e+00 nan nan nan
6.491e+00 nan nan nan
6.535e+00 nan nan nan
6.580e+00 nan nan nan
6.625e+00 nan nan nan
6.670e+00 nan nan nan
6.716e+00 nan nan nan
6.761e+00 nan nan nan
6.808e+00 nan nan nan
6.854e+00 nan nan nan
6.901e+00 nan nan nan
6.948e+00 nan nan nan
6.996e+00 nan nan nan
7.043e+00 nan nan nan
7.092e+00 nan nan nan
7.140e+00 nan nan nan
7.189e+00 nan nan nan
7.238e+00 nan nan nan
7.287e+00 nan nan nan
7.337e+00 nan nan nan
7.387e+00 nan nan nan
7.438e+00 nan nan nan
7.489e+00 nan nan nan
7.540e+00 nan nan nan
7.591e+00 nan nan nan
7.643e+00 nan nan nan
7.695e+00 nan nan nan
7.748e+00 nan nan nan
7.801e+00 nan nan nan
7.854e+00 nan nan nan
7.908e+00 nan nan nan
7.962e+00 nan nan nan
8.016e+00 nan nan nan
8.071e+00 nan nan nan
8.126e+00 nan nan nan
8.182e+00 nan nan nan
8.238e+00 nan nan nan
8.294e+00 nan nan nan
8.351e+00 nan nan nan
8.408e+00 nan nan nan
8.465e+00 nan nan nan
8.523e+00 nan nan nan
8.581e+00 nan nan nan
8.640e+00 nan nan nan
8.699e+00 nan nan nan
8.758e+00 nan nan nan
8.818e+00 nan nan nan
8.878e+00 nan nan nan
8.939e+00 nan nan nan
9.000e+00 nan nan nan
