# e- + H+ + LiH -> H + LiH+ + e-
# Number of initial vibrational states: 3
# Spectrum for ICEC with E_in = 1 eV
# E_out [eV] | xs [Mb] | diss_energy [eV]
6.780e+00 3.244e-01 7.086e-04
6.778e+00 1.235e+01 2.958e-03
6.774e+00 1.249e+01 6.393e-03
6.770e+00 1.280e+01 1.081e-02
6.765e+00 1.319e+01 1.612e-02
6.759e+00 1.363e+01 2.225e-02
6.752e+00 1.411e+01 2.918e-02
6.744e+00 1.460e+01 3.686e-02
6.736e+00 1.510e+01 4.529e-02
6.726e+00 1.560e+01 5.442e-02
6.717e+00 1.606e+01 6.426e-02
6.706e+00 1.649e+01 7.479e-02
6.695e+00 1.685e+01 8.599e-02
6.683e+00 1.714e+01 9.786e-02
6.670e+00 1.734e+01 1.104e-01
6.657e+00 1.744e+01 1.236e-01
6.643e+00 1.742e+01 1.374e-01
6.629e+00 1.727e+01 1.518e-01
6.614e+00 1.700e+01 1.669e-01
6.598e+00 1.659e+01 1.826e-01
6.582e+00 1.606e+01 1.989e-01
6.565e+00 1.542e+01 2.159e-01
6.547e+00 1.466e+01 2.334e-01
6.529e+00 1.381e+01 2.515e-01
6.511e+00 1.289e+01 2.703e-01
6.491e+00 1.190e+01 2.897e-01
6.471e+00 1.089e+01 3.096e-01
6.451e+00 9.854e+00 3.301e-01
6.430e+00 8.827e+00 3.513e-01
6.408e+00 7.823e+00 3.730e-01
6.386e+00 6.859e+00 3.953e-01
6.363e+00 5.948e+00 4.182e-01
6.339e+00 5.102e+00 4.416e-01
6.315e+00 4.327e+00 4.657e-01
6.291e+00 3.629e+00 4.903e-01
6.265e+00 3.010e+00 5.154e-01
6.240e+00 2.468e+00 5.412e-01
6.213e+00 2.000e+00 5.675e-01
6.186e+00 1.603e+00 5.944e-01
6.159e+00 1.269e+00 6.218e-01
6.131e+00 9.939e-01 6.498e-01
6.102e+00 7.691e-01 6.784e-01
6.073e+00 5.883e-01 7.075e-01
6.044e+00 4.447e-01 7.372e-01
6.013e+00 3.323e-01 7.675e-01
5.983e+00 2.454e-01 7.982e-01
5.951e+00 1.791e-01 8.296e-01
5.919e+00 1.292e-01 8.615e-01
5.887e+00 9.217e-02 8.939e-01
5.854e+00 6.497e-02 9.269e-01
5.820e+00 4.528e-02 9.604e-01
5.786e+00 3.144e-02 9.945e-01
