# e- + H+ + LiH -> H + LiH+ + e-
# ICEC electron spectrum at E_in = 1 eV
# R = 3.952 Angstrom
# Number of initial vibrational states: 29
# Number of final vibrational states: 5
# Electronic result: E_out = 6.56391 eV, xs = 3.25116 Mb
# | v_D, v_Dp, E_out [eV], xs [Mb] |
0.000e+00 0.000e+00 6.916e+00 4.759e-02 1.000e+00 0.000e+00 7.084e+00 1.927e-01 2.000e+00 0.000e+00 7.247e+00 4.028e-01 3.000e+00 0.000e+00 7.404e+00 5.742e-01 4.000e+00 0.000e+00 7.555e+00 6.229e-01 5.000e+00 0.000e+00 7.700e+00 5.442e-01 6.000e+00 0.000e+00 7.839e+00 3.958e-01 7.000e+00 0.000e+00 7.972e+00 2.447e-01 8.000e+00 0.000e+00 8.100e+00 1.302e-01 9.000e+00 0.000e+00 8.222e+00 6.008e-02 1.000e+01 0.000e+00 8.338e+00 2.412e-02 1.100e+01 0.000e+00 8.448e+00 8.415e-03 1.200e+01 0.000e+00 8.552e+00 2.543e-03 1.300e+01 0.000e+00 8.650e+00 6.606e-04 1.400e+01 0.000e+00 8.743e+00 1.458e-04 1.500e+01 0.000e+00 8.829e+00 2.687e-05 1.600e+01 0.000e+00 8.910e+00 4.038e-06 1.700e+01 0.000e+00 8.985e+00 4.779e-07 1.800e+01 0.000e+00 9.054e+00 4.236e-08 1.900e+01 0.000e+00 9.117e+00 2.603e-09 2.000e+01 0.000e+00 9.175e+00 9.739e-11 2.100e+01 0.000e+00 9.226e+00 1.729e-12 2.200e+01 0.000e+00 9.272e+00 7.517e-15 2.300e+01 0.000e+00 9.312e+00 7.478e-19 2.400e+01 0.000e+00 9.346e+00 7.723e-21 2.500e+01 0.000e+00 9.374e+00 3.306e-22 2.600e+01 0.000e+00 9.397e+00 3.445e-23 2.700e+01 0.000e+00 9.413e+00 6.147e-24 2.800e+01 0.000e+00 9.424e+00 3.518e-25
0.000e+00 1.000e+00 6.871e+00 9.511e-02 1.000e+00 1.000e+00 7.040e+00 2.712e-01 2.000e+00 1.000e+00 7.202e+00 3.455e-01 3.000e+00 1.000e+00 7.359e+00 2.246e-01 4.000e+00 1.000e+00 7.510e+00 4.708e-02 5.000e+00 1.000e+00 7.655e+00 1.024e-02 6.000e+00 1.000e+00 7.795e+00 1.552e-01 7.000e+00 1.000e+00 7.928e+00 3.592e-01 8.000e+00 1.000e+00 8.056e+00 4.800e-01 9.000e+00 1.000e+00 8.177e+00 4.666e-01 1.000e+01 1.000e+00 8.293e+00 3.593e-01 1.100e+01 1.000e+00 8.403e+00 2.283e-01 1.200e+01 1.000e+00 8.507e+00 1.222e-01 1.300e+01 1.000e+00 8.606e+00 5.559e-02 1.400e+01 1.000e+00 8.698e+00 2.155e-02 1.500e+01 1.000e+00 8.785e+00 7.084e-03 1.600e+01 1.000e+00 8.866e+00 1.956e-03 1.700e+01 1.000e+00 8.941e+00 4.456e-04 1.800e+01 1.000e+00 9.010e+00 8.152e-05 1.900e+01 1.000e+00 9.073e+00 1.150e-05 2.000e+01 1.000e+00 9.130e+00 1.173e-06 2.100e+01 1.000e+00 9.182e+00 7.787e-08 2.200e+01 1.000e+00 9.228e+00 2.771e-09 2.300e+01 1.000e+00 9.268e+00 3.344e-11 2.400e+01 1.000e+00 9.302e+00 1.168e-14 2.500e+01 1.000e+00 9.330e+00 8.538e-17 2.600e+01 1.000e+00 9.352e+00 3.699e-18 2.700e+01 1.000e+00 9.369e+00 4.122e-19 2.800e+01 1.000e+00 9.379e+00 1.994e-20
0.000e+00 2.000e+00 6.837e+00 1.081e-01 1.000e+00 2.000e+00 7.006e+00 2.271e-01 2.000e+00 2.000e+00 7.169e+00 1.736e-01 3.000e+00 2.000e+00 7.325e+00 3.087e-02 4.000e+00 2.000e+00 7.476e+00 1.752e-02 5.000e+00 2.000e+00 7.621e+00 1.399e-01 6.000e+00 2.000e+00 7.761e+00 2.097e-01 7.000e+00 2.000e+00 7.894e+00 1.322e-01 8.000e+00 2.000e+00 8.022e+00 1.806e-02 9.000e+00 2.000e+00 8.143e+00 2.301e-02 1.000e+01 2.000e+00 8.259e+00 1.722e-01 1.100e+01 2.000e+00 8.369e+00 3.588e-01 1.200e+01 2.000e+00 8.473e+00 4.627e-01 1.300e+01 2.000e+00 8.572e+00 4.430e-01 1.400e+01 2.000e+00 8.664e+00 3.378e-01 1.500e+01 2.000e+00 8.751e+00 2.121e-01 1.600e+01 2.000e+00 8.832e+00 1.111e-01 1.700e+01 2.000e+00 8.907e+00 4.875e-02 1.800e+01 2.000e+00 8.976e+00 1.778e-02 1.900e+01 2.000e+00 9.039e+00 5.298e-03 2.000e+01 2.000e+00 9.096e+00 1.252e-03 2.100e+01 2.000e+00 9.148e+00 2.237e-04 2.200e+01 2.000e+00 9.194e+00 2.777e-05 2.300e+01 2.000e+00 9.234e+00 2.061e-06 2.400e+01 2.000e+00 9.268e+00 6.579e-08 2.500e+01 2.000e+00 9.296e+00 2.829e-10 2.600e+01 2.000e+00 9.318e+00 1.464e-12 2.700e+01 2.000e+00 9.335e+00 7.839e-14 2.800e+01 2.000e+00 9.345e+00 3.036e-15
0.000e+00 3.000e+00 6.814e+00 8.555e-02 1.000e+00 3.000e+00 6.982e+00 1.418e-01 2.000e+00 3.000e+00 7.145e+00 6.708e-02 3.000e+00 3.000e+00 7.302e+00 1.285e-04 4.000e+00 3.000e+00 7.453e+00 5.167e-02 5.000e+00 3.000e+00 7.598e+00 1.128e-01 6.000e+00 3.000e+00 7.737e+00 7.254e-02 7.000e+00 3.000e+00 7.871e+00 4.710e-03 8.000e+00 3.000e+00 7.998e+00 2.945e-02 9.000e+00 3.000e+00 8.120e+00 1.227e-01 1.000e+01 3.000e+00 8.236e+00 1.599e-01 1.100e+01 3.000e+00 8.346e+00 9.265e-02 1.200e+01 3.000e+00 8.450e+00 9.245e-03 1.300e+01 3.000e+00 8.548e+00 2.694e-02 1.400e+01 3.000e+00 8.641e+00 1.687e-01 1.500e+01 3.000e+00 8.728e+00 3.511e-01 1.600e+01 3.000e+00 8.808e+00 4.669e-01 1.700e+01 3.000e+00 8.883e+00 4.656e-01 1.800e+01 3.000e+00 8.952e+00 3.704e-01 1.900e+01 3.000e+00 9.016e+00 2.410e-01 2.000e+01 3.000e+00 9.073e+00 1.290e-01 2.100e+01 3.000e+00 9.125e+00 5.616e-02 2.200e+01 3.000e+00 9.170e+00 1.932e-02 2.300e+01 3.000e+00 9.210e+00 4.963e-03 2.400e+01 3.000e+00 9.244e+00 8.541e-04 2.500e+01 3.000e+00 9.272e+00 7.784e-05 2.600e+01 3.000e+00 9.295e+00 1.871e-06 2.700e+01 3.000e+00 9.311e+00 3.024e-09 2.800e+01 3.000e+00 9.322e+00 6.316e-11
0.000e+00 4.000e+00 6.801e+00 4.004e-02 1.000e+00 4.000e+00 6.969e+00 5.760e-02 2.000e+00 4.000e+00 7.132e+00 1.930e-02 3.000e+00 4.000e+00 7.289e+00 1.233e-03 4.000e+00 4.000e+00 7.440e+00 3.114e-02 5.000e+00 4.000e+00 7.585e+00 4.345e-02 6.000e+00 4.000e+00 7.724e+00 1.460e-02 7.000e+00 4.000e+00 7.858e+00 1.196e-03 8.000e+00 4.000e+00 7.985e+00 3.158e-02 9.000e+00 4.000e+00 8.107e+00 5.797e-02 1.000e+01 4.000e+00 8.223e+00 3.837e-02 1.100e+01 4.000e+00 8.333e+00 3.777e-03 1.200e+01 4.000e+00 8.437e+00 1.220e-02 1.300e+01 4.000e+00 8.535e+00 6.600e-02 1.400e+01 4.000e+00 8.628e+00 1.064e-01 1.500e+01 4.000e+00 8.715e+00 8.561e-02 1.600e+01 4.000e+00 8.795e+00 2.581e-02 1.700e+01 4.000e+00 8.870e+00 1.639e-03 1.800e+01 4.000e+00 8.939e+00 7.178e-02 1.900e+01 4.000e+00 9.003e+00 2.278e-01 2.000e+01 4.000e+00 9.060e+00 4.005e-01 2.100e+01 4.000e+00 9.112e+00 5.094e-01 2.200e+01 4.000e+00 9.157e+00 5.112e-01 2.300e+01 4.000e+00 9.197e+00 4.171e-01 2.400e+01 4.000e+00 9.231e+00 2.757e-01 2.500e+01 4.000e+00 9.259e+00 1.416e-01 2.600e+01 4.000e+00 9.282e+00 4.997e-02 2.700e+01 4.000e+00 9.298e+00 8.032e-03 2.800e+01 4.000e+00 9.309e+00 5.621e-07
