# e- + H+ + LiH -> H + LiH+ + e-
# Number of initial vibrational states: 3
# Number of final vibrational states: 6
# R = 10 AngstromE_in [eV] | xs [Mb]
1.000e-02 1.463e-01 3.297e-01 3.429e-01
1.072e-02 1.364e-01 3.074e-01 3.197e-01
1.150e-02 1.272e-01 2.866e-01 2.980e-01
1.233e-02 1.185e-01 2.671e-01 2.778e-01
1.322e-02 1.105e-01 2.490e-01 2.589e-01
1.417e-02 1.030e-01 2.321e-01 2.414e-01
1.520e-02 9.601e-02 2.163e-01 2.250e-01
1.630e-02 8.949e-02 2.016e-01 2.097e-01
1.748e-02 8.341e-02 1.879e-01 1.954e-01
1.874e-02 7.774e-02 1.752e-01 1.821e-01
2.009e-02 7.245e-02 1.632e-01 1.697e-01
2.154e-02 6.752e-02 1.521e-01 1.582e-01
2.310e-02 6.292e-02 1.417e-01 1.474e-01
2.477e-02 5.863e-02 1.321e-01 1.373e-01
2.656e-02 5.463e-02 1.231e-01 1.279e-01
2.848e-02 5.090e-02 1.147e-01 1.192e-01
3.054e-02 4.742e-02 1.068e-01 1.110e-01
3.275e-02 4.418e-02 9.949e-02 1.034e-01
3.511e-02 4.115e-02 9.267e-02 9.634e-02
3.765e-02 3.833e-02 8.631e-02 8.972e-02
4.037e-02 3.570e-02 8.038e-02 8.355e-02
4.329e-02 3.325e-02 7.485e-02 7.779e-02
4.642e-02 3.096e-02 6.969e-02 7.243e-02
4.977e-02 2.882e-02 6.488e-02 6.742e-02
5.337e-02 2.683e-02 6.039e-02 6.276e-02
5.722e-02 2.498e-02 5.621e-02 5.840e-02
6.136e-02 2.325e-02 5.230e-02 5.434e-02
6.579e-02 2.163e-02 4.867e-02 5.056e-02
7.055e-02 2.013e-02 4.527e-02 4.703e-02
7.565e-02 1.872e-02 4.211e-02 4.374e-02
8.111e-02 1.742e-02 3.916e-02 4.067e-02
8.697e-02 1.619e-02 3.641e-02 3.781e-02
9.326e-02 1.506e-02 3.384e-02 3.514e-02
1.000e-01 1.399e-02 3.145e-02 3.265e-02
1.072e-01 1.300e-02 2.922e-02 3.034e-02
1.150e-01 1.208e-02 2.714e-02 2.817e-02
1.233e-01 1.122e-02 2.520e-02 2.616e-02
1.322e-01 1.042e-02 2.339e-02 2.428e-02
1.417e-01 9.669e-03 2.171e-02 2.252e-02
1.520e-01 8.972e-03 2.014e-02 2.089e-02
1.630e-01 8.321e-03 1.867e-02 1.937e-02
1.748e-01 7.715e-03 1.730e-02 1.795e-02
1.874e-01 7.150e-03 1.603e-02 1.662e-02
2.009e-01 6.622e-03 1.484e-02 1.539e-02
2.154e-01 6.130e-03 1.374e-02 1.424e-02
2.310e-01 5.672e-03 1.271e-02 1.317e-02
2.477e-01 5.244e-03 1.175e-02 1.217e-02
2.656e-01 4.846e-03 1.085e-02 1.124e-02
2.848e-01 4.475e-03 1.002e-02 1.038e-02
3.054e-01 4.130e-03 9.250e-03 9.573e-03
3.275e-01 3.809e-03 8.530e-03 8.824e-03
3.511e-01 3.509e-03 7.860e-03 8.126e-03
3.765e-01 3.231e-03 7.236e-03 7.476e-03
4.037e-01 2.972e-03 6.656e-03 6.872e-03
4.329e-01 2.732e-03 6.118e-03 6.310e-03
4.642e-01 2.508e-03 5.617e-03 5.787e-03
4.977e-01 2.300e-03 5.151e-03 5.303e-03
5.337e-01 2.107e-03 4.717e-03 4.853e-03
5.722e-01 1.927e-03 4.314e-03 4.435e-03
6.136e-01 1.762e-03 3.939e-03 4.047e-03
6.579e-01 1.609e-03 3.590e-03 3.687e-03
7.055e-01 1.467e-03 3.267e-03 3.354e-03
7.565e-01 1.336e-03 2.967e-03 3.045e-03
8.111e-01 1.213e-03 2.691e-03 2.760e-03
8.697e-01 1.099e-03 2.436e-03 2.496e-03
9.326e-01 9.931e-04 2.200e-03 2.252e-03
1.000e+00 8.960e-04 1.983e-03 2.028e-03
1.072e+00 8.063e-04 1.784e-03 1.822e-03
1.150e+00 7.236e-04 1.601e-03 1.633e-03
1.233e+00 6.478e-04 1.433e-03 1.459e-03
1.322e+00 5.781e-04 1.277e-03 1.299e-03
1.417e+00 5.140e-04 1.134e-03 1.153e-03
1.520e+00 4.555e-04 1.005e-03 1.020e-03
1.630e+00 4.031e-04 8.879e-04 8.995e-04
1.748e+00 3.556e-04 7.812e-04 7.905e-04
1.874e+00 3.125e-04 6.842e-04 6.927e-04
2.009e+00 2.732e-04 5.970e-04 6.044e-04
2.154e+00 2.375e-04 5.183e-04 5.245e-04
2.310e+00 2.052e-04 4.477e-04 4.525e-04
2.477e+00 1.773e-04 3.840e-04 3.902e-04
2.656e+00 1.521e-04 3.295e-04 3.344e-04
2.848e+00 1.297e-04 2.810e-04 2.851e-04
3.054e+00 1.103e-04 2.384e-04 2.418e-04
3.275e+00 9.320e-05 2.011e-04 2.036e-04
3.511e+00 7.840e-05 1.685e-04 1.715e-04
3.765e+00 6.529e-05 1.405e-04 1.417e-04
4.037e+00 5.405e-05 1.156e-04 1.163e-04
4.329e+00 4.434e-05 9.464e-05 9.515e-05
4.642e+00 3.624e-05 7.676e-05 7.705e-05
4.977e+00 2.924e-05 6.175e-05 6.188e-05
5.337e+00 2.338e-05 4.926e-05 4.911e-05
5.722e+00 1.848e-05 3.863e-05 3.853e-05
6.136e+00 1.445e-05 3.002e-05 2.990e-05
6.579e+00 1.110e-05 2.297e-05 2.280e-05
7.055e+00 8.386e-06 1.726e-05 1.708e-05
7.565e+00 6.214e-06 1.263e-05 1.248e-05
8.111e+00 4.500e-06 9.060e-06 8.848e-06
8.697e+00 3.151e-06 6.192e-06 6.056e-06
9.326e+00 2.095e-06 3.963e-06 3.887e-06
1.000e+01 1.284e-06 2.266e-06 2.234e-06
