# e- + H+ + LiH -> H + LiH+ + e-
# Spectrum for ICEC with E_in = 1 eV
# Box length for dissociative states of D^+: 16 Angstrom
# E_out [eV] | xs [Mb] | diss_energy [eV]
6.781e+00 5.816e+00 1.612e-04
6.780e+00 9.164e+00 6.772e-04
6.779e+00 1.034e+01 1.556e-03
6.778e+00 1.090e+01 2.771e-03
6.777e+00 1.128e+01 4.299e-03
6.775e+00 1.158e+01 6.122e-03
6.773e+00 1.185e+01 8.229e-03
6.770e+00 1.212e+01 1.061e-02
6.768e+00 1.238e+01 1.326e-02
6.765e+00 1.264e+01 1.618e-02
6.761e+00 1.292e+01 1.935e-02
6.758e+00 1.319e+01 2.278e-02
6.754e+00 1.348e+01 2.645e-02
6.750e+00 1.376e+01 3.038e-02
6.746e+00 1.405e+01 3.455e-02
6.742e+00 1.435e+01 3.896e-02
6.737e+00 1.464e+01 4.361e-02
6.732e+00 1.493e+01 4.850e-02
6.727e+00 1.521e+01 5.363e-02
6.722e+00 1.549e+01 5.899e-02
6.716e+00 1.575e+01 6.458e-02
6.710e+00 1.601e+01 7.040e-02
6.704e+00 1.624e+01 7.646e-02
6.698e+00 1.646e+01 8.274e-02
6.692e+00 1.666e+01 8.925e-02
6.685e+00 1.682e+01 9.599e-02
6.678e+00 1.697e+01 1.030e-01
6.671e+00 1.708e+01 1.101e-01
6.663e+00 1.715e+01 1.175e-01
6.656e+00 1.719e+01 1.252e-01
6.648e+00 1.720e+01 1.330e-01
6.640e+00 1.716e+01 1.411e-01
6.631e+00 1.708e+01 1.494e-01
6.623e+00 1.696e+01 1.579e-01
6.614e+00 1.679e+01 1.667e-01
6.605e+00 1.659e+01 1.756e-01
6.596e+00 1.634e+01 1.848e-01
6.587e+00 1.605e+01 1.942e-01
6.577e+00 1.571e+01 2.038e-01
6.567e+00 1.534e+01 2.136e-01
6.557e+00 1.493e+01 2.236e-01
6.547e+00 1.449e+01 2.339e-01
6.536e+00 1.401e+01 2.444e-01
6.526e+00 1.351e+01 2.550e-01
6.515e+00 1.298e+01 2.659e-01
6.504e+00 1.243e+01 2.770e-01
6.492e+00 1.186e+01 2.884e-01
6.481e+00 1.128e+01 2.999e-01
6.469e+00 1.069e+01 3.116e-01
6.457e+00 1.009e+01 3.236e-01
6.445e+00 9.495e+00 3.358e-01
6.433e+00 8.901e+00 3.481e-01
6.420e+00 8.314e+00 3.607e-01
6.407e+00 7.736e+00 3.735e-01
6.394e+00 7.171e+00 3.865e-01
6.381e+00 6.622e+00 3.998e-01
6.368e+00 6.092e+00 4.132e-01
6.354e+00 5.583e+00 4.268e-01
6.340e+00 5.097e+00 4.407e-01
6.326e+00 4.635e+00 4.547e-01
6.312e+00 4.198e+00 4.690e-01
6.297e+00 3.787e+00 4.834e-01
6.283e+00 3.403e+00 4.981e-01
6.268e+00 3.045e+00 5.130e-01
6.253e+00 2.715e+00 5.281e-01
6.237e+00 2.410e+00 5.434e-01
6.222e+00 2.131e+00 5.589e-01
6.206e+00 1.876e+00 5.746e-01
6.190e+00 1.645e+00 5.905e-01
6.174e+00 1.437e+00 6.066e-01
6.158e+00 1.250e+00 6.229e-01
6.141e+00 1.083e+00 6.394e-01
6.125e+00 9.339e-01 6.562e-01
6.108e+00 8.022e-01 6.731e-01
6.091e+00 6.863e-01 6.902e-01
6.073e+00 5.846e-01 7.076e-01
6.056e+00 4.959e-01 7.251e-01
6.038e+00 4.189e-01 7.429e-01
6.020e+00 3.524e-01 7.608e-01
6.002e+00 2.952e-01 7.790e-01
5.984e+00 2.463e-01 7.973e-01
5.965e+00 2.046e-01 8.159e-01
5.946e+00 1.692e-01 8.347e-01
5.927e+00 1.394e-01 8.536e-01
5.908e+00 1.143e-01 8.728e-01
5.889e+00 9.339e-02 8.922e-01
5.869e+00 7.596e-02 9.117e-01
5.849e+00 6.153e-02 9.315e-01
5.829e+00 4.963e-02 9.515e-01
5.809e+00 3.987e-02 9.716e-01
5.789e+00 3.189e-02 9.920e-01
5.768e+00 2.541e-02 1.013e+00
5.747e+00 2.016e-02 1.033e+00
5.727e+00 1.593e-02 1.054e+00
5.705e+00 1.254e-02 1.076e+00
5.684e+00 9.827e-03 1.097e+00
5.662e+00 7.673e-03 1.118e+00
5.641e+00 5.967e-03 1.140e+00
5.619e+00 4.623e-03 1.162e+00
5.596e+00 3.567e-03 1.184e+00
5.574e+00 2.743e-03 1.207e+00
5.552e+00 2.101e-03 1.229e+00
5.529e+00 1.604e-03 1.252e+00
5.506e+00 1.230e-03 1.275e+00
