# e- + H+ + LiH -> H + LiH+ + e-
# Number of initial vibrational states: 3
# Number of final vibrational states: 6
# 
1.000e-02 5.901e+01 1.358e+02 1.499e+02
1.007e-02 5.861e+01 1.349e+02 1.489e+02
1.014e-02 5.820e+01 1.340e+02 1.479e+02
1.021e-02 5.780e+01 1.330e+02 1.469e+02
1.028e-02 5.740e+01 1.321e+02 1.458e+02
1.035e-02 5.700e+01 1.312e+02 1.448e+02
1.042e-02 5.660e+01 1.303e+02 1.438e+02
1.050e-02 5.621e+01 1.294e+02 1.428e+02
1.057e-02 5.582e+01 1.285e+02 1.418e+02
1.064e-02 5.544e+01 1.276e+02 1.409e+02
1.072e-02 5.505e+01 1.267e+02 1.399e+02
1.079e-02 5.467e+01 1.258e+02 1.389e+02
1.087e-02 5.429e+01 1.250e+02 1.380e+02
1.094e-02 5.392e+01 1.241e+02 1.370e+02
1.102e-02 5.354e+01 1.233e+02 1.360e+02
1.109e-02 5.317e+01 1.224e+02 1.351e+02
1.117e-02 5.280e+01 1.216e+02 1.342e+02
1.125e-02 5.244e+01 1.207e+02 1.332e+02
1.133e-02 5.207e+01 1.199e+02 1.323e+02
1.140e-02 5.171e+01 1.190e+02 1.314e+02
1.148e-02 5.136e+01 1.182e+02 1.305e+02
1.156e-02 5.100e+01 1.174e+02 1.296e+02
1.164e-02 5.065e+01 1.166e+02 1.287e+02
1.172e-02 5.030e+01 1.158e+02 1.278e+02
1.181e-02 4.995e+01 1.150e+02 1.269e+02
1.189e-02 4.960e+01 1.142e+02 1.260e+02
1.197e-02 4.926e+01 1.134e+02 1.252e+02
1.205e-02 4.892e+01 1.126e+02 1.243e+02
1.214e-02 4.858e+01 1.118e+02 1.234e+02
1.222e-02 4.824e+01 1.110e+02 1.226e+02
1.231e-02 4.791e+01 1.103e+02 1.217e+02
1.239e-02 4.757e+01 1.095e+02 1.209e+02
1.248e-02 4.724e+01 1.088e+02 1.200e+02
1.256e-02 4.692e+01 1.080e+02 1.192e+02
1.265e-02 4.659e+01 1.073e+02 1.184e+02
1.274e-02 4.627e+01 1.065e+02 1.176e+02
1.283e-02 4.595e+01 1.058e+02 1.167e+02
1.292e-02 4.563e+01 1.050e+02 1.159e+02
1.301e-02 4.531e+01 1.043e+02 1.151e+02
1.310e-02 4.500e+01 1.036e+02 1.143e+02
1.319e-02 4.469e+01 1.029e+02 1.135e+02
1.328e-02 4.438e+01 1.022e+02 1.128e+02
1.337e-02 4.407e+01 1.014e+02 1.120e+02
1.346e-02 4.376e+01 1.007e+02 1.112e+02
1.356e-02 4.346e+01 1.000e+02 1.104e+02
1.365e-02 4.316e+01 9.935e+01 1.097e+02
1.374e-02 4.286e+01 9.866e+01 1.089e+02
1.384e-02 4.256e+01 9.797e+01 1.081e+02
1.394e-02 4.227e+01 9.730e+01 1.074e+02
1.403e-02 4.197e+01 9.662e+01 1.067e+02
1.413e-02 4.168e+01 9.595e+01 1.059e+02
1.423e-02 4.139e+01 9.528e+01 1.052e+02
1.433e-02 4.111e+01 9.462e+01 1.044e+02
1.443e-02 4.082e+01 9.397e+01 1.037e+02
1.453e-02 4.054e+01 9.332e+01 1.030e+02
1.463e-02 4.026e+01 9.267e+01 1.023e+02
1.473e-02 3.998e+01 9.202e+01 1.016e+02
1.483e-02 3.970e+01 9.139e+01 1.009e+02
1.493e-02 3.942e+01 9.075e+01 1.002e+02
1.504e-02 3.915e+01 9.012e+01 9.948e+01
1.514e-02 3.888e+01 8.950e+01 9.879e+01
1.525e-02 3.861e+01 8.888e+01 9.810e+01
1.535e-02 3.834e+01 8.826e+01 9.742e+01
1.546e-02 3.807e+01 8.765e+01 9.675e+01
1.557e-02 3.781e+01 8.704e+01 9.607e+01
1.567e-02 3.755e+01 8.643e+01 9.541e+01
1.578e-02 3.729e+01 8.583e+01 9.474e+01
1.589e-02 3.703e+01 8.524e+01 9.409e+01
1.600e-02 3.677e+01 8.465e+01 9.343e+01
1.611e-02 3.652e+01 8.406e+01 9.278e+01
1.623e-02 3.626e+01 8.347e+01 9.214e+01
1.634e-02 3.601e+01 8.289e+01 9.150e+01
1.645e-02 3.576e+01 8.232e+01 9.087e+01
1.657e-02 3.551e+01 8.175e+01 9.023e+01
1.668e-02 3.527e+01 8.118e+01 8.961e+01
1.680e-02 3.502e+01 8.062e+01 8.899e+01
1.691e-02 3.478e+01 8.006e+01 8.837e+01
1.703e-02 3.454e+01 7.950e+01 8.775e+01
1.715e-02 3.430e+01 7.895e+01 8.714e+01
1.727e-02 3.406e+01 7.840e+01 8.654e+01
1.739e-02 3.382e+01 7.785e+01 8.594e+01
1.751e-02 3.359e+01 7.731e+01 8.534e+01
1.763e-02 3.335e+01 7.678e+01 8.475e+01
1.775e-02 3.312e+01 7.624e+01 8.416e+01
1.788e-02 3.289e+01 7.571e+01 8.357e+01
1.800e-02 3.266e+01 7.519e+01 8.299e+01
1.812e-02 3.244e+01 7.466e+01 8.242e+01
1.825e-02 3.221e+01 7.415e+01 8.184e+01
1.838e-02 3.199e+01 7.363e+01 8.127e+01
1.850e-02 3.176e+01 7.312e+01 8.071e+01
1.863e-02 3.154e+01 7.261e+01 8.015e+01
1.876e-02 3.132e+01 7.211e+01 7.959e+01
1.889e-02 3.111e+01 7.160e+01 7.904e+01
1.902e-02 3.089e+01 7.111e+01 7.849e+01
1.916e-02 3.067e+01 7.061e+01 7.794e+01
1.929e-02 3.046e+01 7.012e+01 7.740e+01
1.942e-02 3.025e+01 6.963e+01 7.686e+01
1.956e-02 3.004e+01 6.915e+01 7.633e+01
1.969e-02 2.983e+01 6.867e+01 7.580e+01
1.983e-02 2.962e+01 6.819e+01 7.527e+01
1.997e-02 2.942e+01 6.772e+01 7.475e+01
2.010e-02 2.921e+01 6.725e+01 7.423e+01
2.024e-02 2.901e+01 6.678e+01 7.371e+01
2.038e-02 2.881e+01 6.631e+01 7.320e+01
2.053e-02 2.861e+01 6.585e+01 7.269e+01
2.067e-02 2.841e+01 6.539e+01 7.218e+01
2.081e-02 2.821e+01 6.494e+01 7.168e+01
2.096e-02 2.801e+01 6.449e+01 7.118e+01
2.110e-02 2.782e+01 6.404e+01 7.069e+01
2.125e-02 2.763e+01 6.359e+01 7.019e+01
2.140e-02 2.743e+01 6.315e+01 6.971e+01
2.154e-02 2.724e+01 6.271e+01 6.922e+01
2.169e-02 2.705e+01 6.227e+01 6.874e+01
2.184e-02 2.686e+01 6.184e+01 6.826e+01
2.200e-02 2.668e+01 6.141e+01 6.778e+01
2.215e-02 2.649e+01 6.098e+01 6.731e+01
2.230e-02 2.631e+01 6.056e+01 6.684e+01
2.246e-02 2.612e+01 6.014e+01 6.638e+01
2.261e-02 2.594e+01 5.972e+01 6.592e+01
2.277e-02 2.576e+01 5.930e+01 6.546e+01
2.293e-02 2.558e+01 5.889e+01 6.500e+01
2.309e-02 2.540e+01 5.848e+01 6.455e+01
2.325e-02 2.523e+01 5.807e+01 6.410e+01
2.341e-02 2.505e+01 5.767e+01 6.365e+01
2.357e-02 2.488e+01 5.726e+01 6.321e+01
2.373e-02 2.470e+01 5.686e+01 6.277e+01
2.390e-02 2.453e+01 5.647e+01 6.233e+01
2.406e-02 2.436e+01 5.607e+01 6.190e+01
2.423e-02 2.419e+01 5.568e+01 6.146e+01
2.440e-02 2.402e+01 5.530e+01 6.104e+01
2.457e-02 2.385e+01 5.491e+01 6.061e+01
2.474e-02 2.369e+01 5.453e+01 6.019e+01
2.491e-02 2.352e+01 5.415e+01 5.977e+01
2.508e-02 2.336e+01 5.377e+01 5.935e+01
2.526e-02 2.320e+01 5.339e+01 5.894e+01
2.543e-02 2.303e+01 5.302e+01 5.853e+01
2.561e-02 2.287e+01 5.265e+01 5.812e+01
2.579e-02 2.271e+01 5.229e+01 5.771e+01
2.597e-02 2.256e+01 5.192e+01 5.731e+01
2.615e-02 2.240e+01 5.156e+01 5.691e+01
2.633e-02 2.224e+01 5.120e+01 5.651e+01
2.651e-02 2.209e+01 5.084e+01 5.612e+01
2.669e-02 2.193e+01 5.049e+01 5.573e+01
2.688e-02 2.178e+01 5.013e+01 5.534e+01
2.707e-02 2.163e+01 4.978e+01 5.495e+01
2.725e-02 2.148e+01 4.944e+01 5.457e+01
2.744e-02 2.133e+01 4.909e+01 5.419e+01
2.763e-02 2.118e+01 4.875e+01 5.381e+01
2.783e-02 2.103e+01 4.841e+01 5.343e+01
2.802e-02 2.088e+01 4.807e+01 5.306e+01
2.821e-02 2.074e+01 4.774e+01 5.269e+01
2.841e-02 2.059e+01 4.740e+01 5.232e+01
2.861e-02 2.045e+01 4.707e+01 5.196e+01
2.880e-02 2.031e+01 4.674e+01 5.159e+01
2.900e-02 2.016e+01 4.642e+01 5.123e+01
2.921e-02 2.002e+01 4.609e+01 5.088e+01
2.941e-02 1.988e+01 4.577e+01 5.052e+01
2.961e-02 1.974e+01 4.545e+01 5.017e+01
2.982e-02 1.961e+01 4.513e+01 4.982e+01
3.002e-02 1.947e+01 4.482e+01 4.947e+01
3.023e-02 1.933e+01 4.450e+01 4.912e+01
3.044e-02 1.920e+01 4.419e+01 4.878e+01
3.065e-02 1.906e+01 4.388e+01 4.844e+01
3.087e-02 1.893e+01 4.358e+01 4.810e+01
3.108e-02 1.880e+01 4.327e+01 4.776e+01
3.130e-02 1.867e+01 4.297e+01 4.743e+01
3.151e-02 1.854e+01 4.267e+01 4.710e+01
3.173e-02 1.841e+01 4.237e+01 4.677e+01
3.195e-02 1.828e+01 4.207e+01 4.644e+01
3.217e-02 1.815e+01 4.178e+01 4.612e+01
3.240e-02 1.802e+01 4.149e+01 4.579e+01
3.262e-02 1.790e+01 4.120e+01 4.547e+01
3.285e-02 1.777e+01 4.091e+01 4.516e+01
3.308e-02 1.765e+01 4.062e+01 4.484e+01
3.331e-02 1.752e+01 4.034e+01 4.453e+01
3.354e-02 1.740e+01 4.006e+01 4.421e+01
3.377e-02 1.728e+01 3.978e+01 4.391e+01
3.400e-02 1.716e+01 3.950e+01 4.360e+01
3.424e-02 1.704e+01 3.922e+01 4.329e+01
3.448e-02 1.692e+01 3.895e+01 4.299e+01
3.472e-02 1.680e+01 3.867e+01 4.269e+01
3.496e-02 1.668e+01 3.840e+01 4.239e+01
3.520e-02 1.657e+01 3.813e+01 4.209e+01
3.544e-02 1.645e+01 3.787e+01 4.180e+01
3.569e-02 1.633e+01 3.760e+01 4.150e+01
3.594e-02 1.622e+01 3.734e+01 4.121e+01
3.619e-02 1.611e+01 3.708e+01 4.092e+01
3.644e-02 1.599e+01 3.682e+01 4.064e+01
3.669e-02 1.588e+01 3.656e+01 4.035e+01
3.695e-02 1.577e+01 3.630e+01 4.007e+01
3.720e-02 1.566e+01 3.605e+01 3.979e+01
3.746e-02 1.555e+01 3.579e+01 3.951e+01
3.772e-02 1.544e+01 3.554e+01 3.923e+01
3.798e-02 1.533e+01 3.529e+01 3.896e+01
3.825e-02 1.522e+01 3.505e+01 3.868e+01
3.851e-02 1.512e+01 3.480e+01 3.841e+01
3.878e-02 1.501e+01 3.456e+01 3.814e+01
3.905e-02 1.491e+01 3.431e+01 3.788e+01
3.932e-02 1.480e+01 3.407e+01 3.761e+01
3.959e-02 1.470e+01 3.383e+01 3.735e+01
3.987e-02 1.459e+01 3.360e+01 3.708e+01
4.014e-02 1.449e+01 3.336e+01 3.682e+01
4.042e-02 1.439e+01 3.313e+01 3.656e+01
4.070e-02 1.429e+01 3.289e+01 3.631e+01
4.098e-02 1.419e+01 3.266e+01 3.605e+01
4.127e-02 1.409e+01 3.243e+01 3.580e+01
4.155e-02 1.399e+01 3.220e+01 3.555e+01
4.184e-02 1.389e+01 3.198e+01 3.530e+01
4.213e-02 1.379e+01 3.175e+01 3.505e+01
4.243e-02 1.370e+01 3.153e+01 3.480e+01
4.272e-02 1.360e+01 3.131e+01 3.456e+01
4.302e-02 1.351e+01 3.109e+01 3.432e+01
4.331e-02 1.341e+01 3.087e+01 3.408e+01
4.362e-02 1.332e+01 3.065e+01 3.384e+01
4.392e-02 1.322e+01 3.044e+01 3.360e+01
4.422e-02 1.313e+01 3.022e+01 3.336e+01
4.453e-02 1.304e+01 3.001e+01 3.313e+01
4.484e-02 1.295e+01 2.980e+01 3.289e+01
4.515e-02 1.285e+01 2.959e+01 3.266e+01
4.546e-02 1.276e+01 2.938e+01 3.243e+01
4.578e-02 1.267e+01 2.917e+01 3.220e+01
4.610e-02 1.258e+01 2.897e+01 3.198e+01
4.642e-02 1.250e+01 2.877e+01 3.175e+01
4.674e-02 1.241e+01 2.856e+01 3.153e+01
4.706e-02 1.232e+01 2.836e+01 3.131e+01
4.739e-02 1.223e+01 2.816e+01 3.109e+01
4.772e-02 1.215e+01 2.796e+01 3.087e+01
4.805e-02 1.206e+01 2.777e+01 3.065e+01
4.838e-02 1.198e+01 2.757e+01 3.043e+01
4.872e-02 1.189e+01 2.738e+01 3.022e+01
4.906e-02 1.181e+01 2.718e+01 3.001e+01
4.940e-02 1.173e+01 2.699e+01 2.979e+01
4.974e-02 1.164e+01 2.680e+01 2.958e+01
5.008e-02 1.156e+01 2.661e+01 2.938e+01
5.043e-02 1.148e+01 2.642e+01 2.917e+01
5.078e-02 1.140e+01 2.624e+01 2.896e+01
5.113e-02 1.132e+01 2.605e+01 2.876e+01
5.149e-02 1.124e+01 2.587e+01 2.855e+01
5.185e-02 1.116e+01 2.569e+01 2.835e+01
5.221e-02 1.108e+01 2.551e+01 2.815e+01
5.257e-02 1.100e+01 2.533e+01 2.795e+01
5.293e-02 1.092e+01 2.515e+01 2.776e+01
5.330e-02 1.085e+01 2.497e+01 2.756e+01
5.367e-02 1.077e+01 2.479e+01 2.737e+01
5.404e-02 1.069e+01 2.462e+01 2.717e+01
5.442e-02 1.062e+01 2.444e+01 2.698e+01
5.479e-02 1.054e+01 2.427e+01 2.679e+01
5.517e-02 1.047e+01 2.410e+01 2.660e+01
5.556e-02 1.039e+01 2.393e+01 2.641e+01
5.594e-02 1.032e+01 2.376e+01 2.623e+01
5.633e-02 1.025e+01 2.359e+01 2.604e+01
5.672e-02 1.018e+01 2.342e+01 2.586e+01
5.712e-02 1.010e+01 2.326e+01 2.567e+01
5.751e-02 1.003e+01 2.309e+01 2.549e+01
5.791e-02 9.961e+00 2.293e+01 2.531e+01
5.831e-02 9.891e+00 2.277e+01 2.513e+01
5.872e-02 9.821e+00 2.261e+01 2.495e+01
5.913e-02 9.751e+00 2.245e+01 2.478e+01
5.954e-02 9.682e+00 2.229e+01 2.460e+01
5.995e-02 9.613e+00 2.213e+01 2.443e+01
6.036e-02 9.545e+00 2.197e+01 2.425e+01
6.078e-02 9.478e+00 2.182e+01 2.408e+01
6.120e-02 9.410e+00 2.166e+01 2.391e+01
6.163e-02 9.344e+00 2.151e+01 2.374e+01
6.206e-02 9.277e+00 2.136e+01 2.357e+01
6.249e-02 9.212e+00 2.120e+01 2.341e+01
6.292e-02 9.146e+00 2.105e+01 2.324e+01
6.336e-02 9.081e+00 2.090e+01 2.307e+01
6.380e-02 9.017e+00 2.076e+01 2.291e+01
6.424e-02 8.953e+00 2.061e+01 2.275e+01
6.469e-02 8.889e+00 2.046e+01 2.259e+01
6.513e-02 8.826e+00 2.032e+01 2.243e+01
6.559e-02 8.763e+00 2.017e+01 2.227e+01
6.604e-02 8.701e+00 2.003e+01 2.211e+01
6.650e-02 8.639e+00 1.989e+01 2.195e+01
6.696e-02 8.578e+00 1.975e+01 2.180e+01
6.743e-02 8.517e+00 1.961e+01 2.164e+01
6.789e-02 8.456e+00 1.947e+01 2.149e+01
6.837e-02 8.396e+00 1.933e+01 2.133e+01
6.884e-02 8.337e+00 1.919e+01 2.118e+01
6.932e-02 8.277e+00 1.905e+01 2.103e+01
6.980e-02 8.218e+00 1.892e+01 2.088e+01
7.028e-02 8.160e+00 1.878e+01 2.073e+01
7.077e-02 8.102e+00 1.865e+01 2.059e+01
7.126e-02 8.044e+00 1.852e+01 2.044e+01
7.176e-02 7.987e+00 1.838e+01 2.029e+01
7.225e-02 7.930e+00 1.825e+01 2.015e+01
7.275e-02 7.873e+00 1.812e+01 2.001e+01
7.326e-02 7.817e+00 1.799e+01 1.986e+01
7.377e-02 7.761e+00 1.787e+01 1.972e+01
7.428e-02 7.706e+00 1.774e+01 1.958e+01
7.480e-02 7.651e+00 1.761e+01 1.944e+01
7.531e-02 7.596e+00 1.749e+01 1.930e+01
7.584e-02 7.542e+00 1.736e+01 1.916e+01
7.636e-02 7.488e+00 1.724e+01 1.903e+01
7.689e-02 7.435e+00 1.711e+01 1.889e+01
7.743e-02 7.382e+00 1.699e+01 1.876e+01
7.796e-02 7.329e+00 1.687e+01 1.862e+01
7.850e-02 7.277e+00 1.675e+01 1.849e+01
7.905e-02 7.225e+00 1.663e+01 1.836e+01
7.960e-02 7.173e+00 1.651e+01 1.823e+01
8.015e-02 7.122e+00 1.639e+01 1.810e+01
8.071e-02 7.071e+00 1.628e+01 1.797e+01
8.127e-02 7.020e+00 1.616e+01 1.784e+01
8.183e-02 6.970e+00 1.604e+01 1.771e+01
8.240e-02 6.920e+00 1.593e+01 1.758e+01
8.297e-02 6.871e+00 1.582e+01 1.746e+01
8.355e-02 6.821e+00 1.570e+01 1.733e+01
8.412e-02 6.772e+00 1.559e+01 1.721e+01
8.471e-02 6.724e+00 1.548e+01 1.708e+01
8.530e-02 6.676e+00 1.537e+01 1.696e+01
8.589e-02 6.628e+00 1.526e+01 1.684e+01
8.648e-02 6.580e+00 1.515e+01 1.672e+01
8.708e-02 6.533e+00 1.504e+01 1.660e+01
8.769e-02 6.486e+00 1.493e+01 1.648e+01
8.830e-02 6.440e+00 1.482e+01 1.636e+01
8.891e-02 6.393e+00 1.472e+01 1.625e+01
8.953e-02 6.348e+00 1.461e+01 1.613e+01
9.015e-02 6.302e+00 1.451e+01 1.601e+01
9.077e-02 6.257e+00 1.440e+01 1.590e+01
9.140e-02 6.212e+00 1.430e+01 1.578e+01
9.204e-02 6.167e+00 1.420e+01 1.567e+01
9.268e-02 6.122e+00 1.409e+01 1.556e+01
9.332e-02 6.078e+00 1.399e+01 1.544e+01
9.397e-02 6.035e+00 1.389e+01 1.533e+01
9.462e-02 5.991e+00 1.379e+01 1.522e+01
9.527e-02 5.948e+00 1.369e+01 1.511e+01
9.594e-02 5.905e+00 1.359e+01 1.500e+01
9.660e-02 5.862e+00 1.350e+01 1.490e+01
9.727e-02 5.820e+00 1.340e+01 1.479e+01
9.795e-02 5.778e+00 1.330e+01 1.468e+01
9.863e-02 5.736e+00 1.321e+01 1.458e+01
9.931e-02 5.695e+00 1.311e+01 1.447e+01
1.000e-01 5.654e+00 1.301e+01 1.437e+01
1.007e-01 5.613e+00 1.292e+01 1.426e+01
1.014e-01 5.573e+00 1.283e+01 1.416e+01
1.021e-01 5.532e+00 1.273e+01 1.406e+01
1.028e-01 5.492e+00 1.264e+01 1.396e+01
1.035e-01 5.452e+00 1.255e+01 1.385e+01
1.042e-01 5.413e+00 1.246e+01 1.375e+01
1.050e-01 5.374e+00 1.237e+01 1.365e+01
1.057e-01 5.335e+00 1.228e+01 1.356e+01
1.064e-01 5.296e+00 1.219e+01 1.346e+01
1.072e-01 5.258e+00 1.210e+01 1.336e+01
1.079e-01 5.220e+00 1.202e+01 1.326e+01
1.087e-01 5.182e+00 1.193e+01 1.317e+01
1.094e-01 5.144e+00 1.184e+01 1.307e+01
1.102e-01 5.107e+00 1.176e+01 1.298e+01
1.109e-01 5.070e+00 1.167e+01 1.288e+01
1.117e-01 5.033e+00 1.159e+01 1.279e+01
1.125e-01 4.997e+00 1.150e+01 1.270e+01
1.133e-01 4.960e+00 1.142e+01 1.260e+01
1.140e-01 4.924e+00 1.134e+01 1.251e+01
1.148e-01 4.888e+00 1.125e+01 1.242e+01
1.156e-01 4.853e+00 1.117e+01 1.233e+01
1.164e-01 4.817e+00 1.109e+01 1.224e+01
1.172e-01 4.782e+00 1.101e+01 1.215e+01
1.181e-01 4.748e+00 1.093e+01 1.206e+01
1.189e-01 4.713e+00 1.085e+01 1.198e+01
1.197e-01 4.679e+00 1.077e+01 1.189e+01
1.205e-01 4.645e+00 1.069e+01 1.180e+01
1.214e-01 4.611e+00 1.061e+01 1.172e+01
1.222e-01 4.577e+00 1.054e+01 1.163e+01
1.231e-01 4.544e+00 1.046e+01 1.154e+01
1.239e-01 4.510e+00 1.038e+01 1.146e+01
1.248e-01 4.477e+00 1.031e+01 1.138e+01
1.256e-01 4.445e+00 1.023e+01 1.129e+01
1.265e-01 4.412e+00 1.016e+01 1.121e+01
1.274e-01 4.380e+00 1.008e+01 1.113e+01
1.283e-01 4.348e+00 1.001e+01 1.105e+01
1.292e-01 4.316e+00 9.935e+00 1.097e+01
1.301e-01 4.284e+00 9.863e+00 1.089e+01
1.310e-01 4.253e+00 9.790e+00 1.081e+01
1.319e-01 4.222e+00 9.719e+00 1.073e+01
1.328e-01 4.191e+00 9.647e+00 1.065e+01
1.337e-01 4.160e+00 9.577e+00 1.057e+01
1.346e-01 4.130e+00 9.506e+00 1.049e+01
1.356e-01 4.099e+00 9.437e+00 1.042e+01
1.365e-01 4.069e+00 9.367e+00 1.034e+01
1.374e-01 4.039e+00 9.298e+00 1.026e+01
1.384e-01 4.010e+00 9.230e+00 1.019e+01
1.394e-01 3.980e+00 9.162e+00 1.011e+01
1.403e-01 3.951e+00 9.095e+00 1.004e+01
1.413e-01 3.922e+00 9.028e+00 9.965e+00
1.423e-01 3.893e+00 8.961e+00 9.892e+00
1.433e-01 3.864e+00 8.895e+00 9.819e+00
1.443e-01 3.836e+00 8.830e+00 9.746e+00
1.453e-01 3.808e+00 8.765e+00 9.675e+00
1.463e-01 3.779e+00 8.700e+00 9.603e+00
1.473e-01 3.752e+00 8.636e+00 9.532e+00
1.483e-01 3.724e+00 8.572e+00 9.462e+00
1.493e-01 3.696e+00 8.509e+00 9.392e+00
1.504e-01 3.669e+00 8.446e+00 9.323e+00
1.514e-01 3.642e+00 8.383e+00 9.254e+00
1.525e-01 3.615e+00 8.321e+00 9.185e+00
1.535e-01 3.588e+00 8.260e+00 9.117e+00
1.546e-01 3.562e+00 8.199e+00 9.050e+00
1.557e-01 3.535e+00 8.138e+00 8.983e+00
1.567e-01 3.509e+00 8.078e+00 8.916e+00
1.578e-01 3.483e+00 8.018e+00 8.850e+00
1.589e-01 3.457e+00 7.958e+00 8.784e+00
1.600e-01 3.432e+00 7.899e+00 8.719e+00
1.611e-01 3.406e+00 7.840e+00 8.654e+00
1.623e-01 3.381e+00 7.782e+00 8.590e+00
1.634e-01 3.356e+00 7.724e+00 8.526e+00
1.645e-01 3.331e+00 7.667e+00 8.463e+00
1.657e-01 3.306e+00 7.610e+00 8.400e+00
1.668e-01 3.281e+00 7.553e+00 8.337e+00
1.680e-01 3.257e+00 7.497e+00 8.275e+00
1.691e-01 3.233e+00 7.441e+00 8.214e+00
1.703e-01 3.208e+00 7.386e+00 8.152e+00
1.715e-01 3.184e+00 7.330e+00 8.092e+00
1.727e-01 3.161e+00 7.276e+00 8.031e+00
1.739e-01 3.137e+00 7.221e+00 7.971e+00
1.751e-01 3.114e+00 7.167e+00 7.912e+00
1.763e-01 3.090e+00 7.114e+00 7.852e+00
1.775e-01 3.067e+00 7.061e+00 7.794e+00
1.788e-01 3.044e+00 7.008e+00 7.735e+00
1.800e-01 3.022e+00 6.955e+00 7.677e+00
1.812e-01 2.999e+00 6.903e+00 7.620e+00
1.825e-01 2.976e+00 6.851e+00 7.563e+00
1.838e-01 2.954e+00 6.800e+00 7.506e+00
1.850e-01 2.932e+00 6.749e+00 7.450e+00
1.863e-01 2.910e+00 6.698e+00 7.394e+00
1.876e-01 2.888e+00 6.648e+00 7.338e+00
1.889e-01 2.866e+00 6.598e+00 7.283e+00
1.902e-01 2.845e+00 6.549e+00 7.229e+00
1.916e-01 2.824e+00 6.500e+00 7.174e+00
1.929e-01 2.802e+00 6.451e+00 7.120e+00
1.942e-01 2.781e+00 6.402e+00 7.067e+00
1.956e-01 2.760e+00 6.354e+00 7.014e+00
1.969e-01 2.740e+00 6.306e+00 6.961e+00
1.983e-01 2.719e+00 6.259e+00 6.908e+00
1.997e-01 2.698e+00 6.212e+00 6.856e+00
2.010e-01 2.678e+00 6.165e+00 6.805e+00
2.024e-01 2.658e+00 6.118e+00 6.753e+00
2.038e-01 2.638e+00 6.072e+00 6.702e+00
2.053e-01 2.618e+00 6.026e+00 6.652e+00
2.067e-01 2.598e+00 5.981e+00 6.602e+00
2.081e-01 2.578e+00 5.935e+00 6.552e+00
2.096e-01 2.559e+00 5.890e+00 6.502e+00
2.110e-01 2.540e+00 5.846e+00 6.453e+00
2.125e-01 2.520e+00 5.802e+00 6.404e+00
2.140e-01 2.501e+00 5.758e+00 6.355e+00
2.154e-01 2.482e+00 5.714e+00 6.307e+00
2.169e-01 2.463e+00 5.671e+00 6.259e+00
2.184e-01 2.445e+00 5.627e+00 6.212e+00
2.200e-01 2.426e+00 5.585e+00 6.164e+00
2.215e-01 2.408e+00 5.542e+00 6.118e+00
2.230e-01 2.389e+00 5.500e+00 6.071e+00
2.246e-01 2.371e+00 5.458e+00 6.025e+00
2.261e-01 2.353e+00 5.417e+00 5.979e+00
2.277e-01 2.335e+00 5.375e+00 5.933e+00
2.293e-01 2.317e+00 5.334e+00 5.888e+00
2.309e-01 2.300e+00 5.294e+00 5.843e+00
2.325e-01 2.282e+00 5.253e+00 5.798e+00
2.341e-01 2.265e+00 5.213e+00 5.754e+00
2.357e-01 2.247e+00 5.173e+00 5.710e+00
2.373e-01 2.230e+00 5.133e+00 5.666e+00
2.390e-01 2.213e+00 5.094e+00 5.623e+00
2.406e-01 2.196e+00 5.055e+00 5.580e+00
2.423e-01 2.179e+00 5.016e+00 5.537e+00
2.440e-01 2.162e+00 4.978e+00 5.494e+00
2.457e-01 2.146e+00 4.939e+00 5.452e+00
2.474e-01 2.129e+00 4.901e+00 5.410e+00
2.491e-01 2.113e+00 4.864e+00 5.369e+00
2.508e-01 2.097e+00 4.826e+00 5.327e+00
2.526e-01 2.080e+00 4.789e+00 5.286e+00
2.543e-01 2.064e+00 4.752e+00 5.246e+00
2.561e-01 2.049e+00 4.716e+00 5.205e+00
2.579e-01 2.033e+00 4.679e+00 5.165e+00
2.597e-01 2.017e+00 4.643e+00 5.125e+00
2.615e-01 2.001e+00 4.607e+00 5.085e+00
2.633e-01 1.986e+00 4.571e+00 5.046e+00
2.651e-01 1.970e+00 4.536e+00 5.007e+00
2.669e-01 1.955e+00 4.501e+00 4.968e+00
2.688e-01 1.940e+00 4.466e+00 4.929e+00
2.707e-01 1.925e+00 4.431e+00 4.891e+00
2.725e-01 1.910e+00 4.397e+00 4.853e+00
2.744e-01 1.895e+00 4.363e+00 4.815e+00
2.763e-01 1.880e+00 4.329e+00 4.778e+00
2.783e-01 1.866e+00 4.295e+00 4.741e+00
2.802e-01 1.851e+00 4.261e+00 4.704e+00
2.821e-01 1.837e+00 4.228e+00 4.667e+00
2.841e-01 1.822e+00 4.195e+00 4.631e+00
2.861e-01 1.808e+00 4.163e+00 4.595e+00
2.880e-01 1.794e+00 4.130e+00 4.559e+00
2.900e-01 1.780e+00 4.098e+00 4.524e+00
2.921e-01 1.767e+00 4.066e+00 4.489e+00
2.941e-01 1.753e+00 4.035e+00 4.454e+00
2.961e-01 1.739e+00 4.003e+00 4.419e+00
2.982e-01 1.726e+00 3.972e+00 4.384e+00
3.002e-01 1.712e+00 3.941e+00 4.350e+00
3.023e-01 1.699e+00 3.910e+00 4.316e+00
3.044e-01 1.685e+00 3.880e+00 4.283e+00
3.065e-01 1.672e+00 3.849e+00 4.249e+00
3.087e-01 1.659e+00 3.819e+00 4.216e+00
3.108e-01 1.646e+00 3.789e+00 4.183e+00
3.130e-01 1.633e+00 3.760e+00 4.150e+00
3.151e-01 1.620e+00 3.730e+00 4.118e+00
3.173e-01 1.608e+00 3.701e+00 4.085e+00
3.195e-01 1.595e+00 3.672e+00 4.053e+00
3.217e-01 1.583e+00 3.643e+00 4.021e+00
3.240e-01 1.570e+00 3.614e+00 3.990e+00
3.262e-01 1.558e+00 3.586e+00 3.958e+00
3.285e-01 1.545e+00 3.558e+00 3.927e+00
3.308e-01 1.533e+00 3.530e+00 3.896e+00
3.331e-01 1.521e+00 3.502e+00 3.865e+00
3.354e-01 1.509e+00 3.474e+00 3.835e+00
3.377e-01 1.497e+00 3.446e+00 3.804e+00
3.400e-01 1.485e+00 3.419e+00 3.774e+00
3.424e-01 1.474e+00 3.392e+00 3.744e+00
3.448e-01 1.462e+00 3.365e+00 3.715e+00
3.472e-01 1.450e+00 3.338e+00 3.685e+00
3.496e-01 1.439e+00 3.312e+00 3.656e+00
3.520e-01 1.427e+00 3.286e+00 3.627e+00
3.544e-01 1.416e+00 3.259e+00 3.598e+00
3.569e-01 1.405e+00 3.233e+00 3.569e+00
3.594e-01 1.393e+00 3.208e+00 3.541e+00
3.619e-01 1.382e+00 3.182e+00 3.512e+00
3.644e-01 1.371e+00 3.157e+00 3.484e+00
3.669e-01 1.360e+00 3.131e+00 3.456e+00
3.695e-01 1.349e+00 3.106e+00 3.429e+00
3.720e-01 1.339e+00 3.081e+00 3.401e+00
3.746e-01 1.328e+00 3.057e+00 3.374e+00
3.772e-01 1.317e+00 3.032e+00 3.347e+00
3.798e-01 1.307e+00 3.008e+00 3.320e+00
3.825e-01 1.296e+00 2.983e+00 3.293e+00
3.851e-01 1.286e+00 2.959e+00 3.266e+00
3.878e-01 1.275e+00 2.935e+00 3.240e+00
3.905e-01 1.265e+00 2.911e+00 3.214e+00
3.932e-01 1.254e+00 2.888e+00 3.187e+00
3.959e-01 1.244e+00 2.864e+00 3.161e+00
3.987e-01 1.234e+00 2.841e+00 3.136e+00
4.014e-01 1.224e+00 2.817e+00 3.110e+00
4.042e-01 1.214e+00 2.794e+00 3.085e+00
4.070e-01 1.204e+00 2.772e+00 3.059e+00
4.098e-01 1.194e+00 2.749e+00 3.034e+00
4.127e-01 1.184e+00 2.726e+00 3.009e+00
4.155e-01 1.175e+00 2.704e+00 2.985e+00
4.184e-01 1.165e+00 2.682e+00 2.960e+00
4.213e-01 1.155e+00 2.660e+00 2.936e+00
4.243e-01 1.146e+00 2.638e+00 2.912e+00
4.272e-01 1.136e+00 2.616e+00 2.887e+00
4.302e-01 1.127e+00 2.594e+00 2.864e+00
4.331e-01 1.118e+00 2.573e+00 2.840e+00
4.362e-01 1.108e+00 2.552e+00 2.816e+00
4.392e-01 1.099e+00 2.530e+00 2.793e+00
4.422e-01 1.090e+00 2.509e+00 2.770e+00
4.453e-01 1.081e+00 2.489e+00 2.747e+00
4.484e-01 1.072e+00 2.468e+00 2.724e+00
4.515e-01 1.063e+00 2.447e+00 2.701e+00
4.546e-01 1.054e+00 2.427e+00 2.679e+00
4.578e-01 1.045e+00 2.407e+00 2.657e+00
4.610e-01 1.037e+00 2.387e+00 2.634e+00
4.642e-01 1.028e+00 2.367e+00 2.612e+00
4.674e-01 1.019e+00 2.347e+00 2.590e+00
4.706e-01 1.011e+00 2.327e+00 2.569e+00
4.739e-01 1.002e+00 2.308e+00 2.547e+00
4.772e-01 9.940e-01 2.288e+00 2.526e+00
4.805e-01 9.856e-01 2.269e+00 2.504e+00
4.838e-01 9.772e-01 2.249e+00 2.483e+00
4.872e-01 9.689e-01 2.230e+00 2.462e+00
4.906e-01 9.606e-01 2.211e+00 2.441e+00
4.940e-01 9.524e-01 2.192e+00 2.420e+00
4.974e-01 9.443e-01 2.174e+00 2.399e+00
5.008e-01 9.362e-01 2.155e+00 2.379e+00
5.043e-01 9.282e-01 2.137e+00 2.358e+00
5.078e-01 9.202e-01 2.118e+00 2.338e+00
5.113e-01 9.123e-01 2.100e+00 2.318e+00
5.149e-01 9.045e-01 2.082e+00 2.298e+00
5.185e-01 8.967e-01 2.064e+00 2.278e+00
5.221e-01 8.889e-01 2.046e+00 2.259e+00
5.257e-01 8.813e-01 2.029e+00 2.239e+00
5.293e-01 8.736e-01 2.011e+00 2.220e+00
5.330e-01 8.661e-01 1.994e+00 2.201e+00
5.367e-01 8.585e-01 1.976e+00 2.181e+00
5.404e-01 8.511e-01 1.959e+00 2.163e+00
5.442e-01 8.437e-01 1.942e+00 2.144e+00
5.479e-01 8.363e-01 1.925e+00 2.125e+00
5.517e-01 8.290e-01 1.908e+00 2.106e+00
5.556e-01 8.218e-01 1.892e+00 2.088e+00
5.594e-01 8.146e-01 1.875e+00 2.070e+00
5.633e-01 8.074e-01 1.859e+00 2.052e+00
5.672e-01 8.003e-01 1.842e+00 2.034e+00
5.712e-01 7.933e-01 1.826e+00 2.016e+00
5.751e-01 7.863e-01 1.810e+00 1.998e+00
5.791e-01 7.795e-01 1.794e+00 1.981e+00
5.831e-01 7.727e-01 1.779e+00 1.963e+00
5.872e-01 7.659e-01 1.763e+00 1.946e+00
5.913e-01 7.592e-01 1.748e+00 1.929e+00
5.954e-01 7.526e-01 1.732e+00 1.912e+00
5.995e-01 7.460e-01 1.717e+00 1.895e+00
6.036e-01 7.394e-01 1.702e+00 1.879e+00
6.078e-01 7.329e-01 1.687e+00 1.862e+00
6.120e-01 7.264e-01 1.672e+00 1.846e+00
6.163e-01 7.200e-01 1.657e+00 1.830e+00
6.206e-01 7.137e-01 1.643e+00 1.813e+00
6.249e-01 7.074e-01 1.628e+00 1.797e+00
6.292e-01 7.011e-01 1.614e+00 1.781e+00
6.336e-01 6.949e-01 1.600e+00 1.766e+00
6.380e-01 6.887e-01 1.585e+00 1.750e+00
6.424e-01 6.825e-01 1.571e+00 1.734e+00
6.469e-01 6.765e-01 1.557e+00 1.719e+00
6.513e-01 6.704e-01 1.543e+00 1.703e+00
6.559e-01 6.644e-01 1.529e+00 1.688e+00
6.604e-01 6.585e-01 1.516e+00 1.673e+00
6.650e-01 6.525e-01 1.502e+00 1.658e+00
6.696e-01 6.467e-01 1.489e+00 1.643e+00
6.743e-01 6.408e-01 1.475e+00 1.628e+00
6.789e-01 6.350e-01 1.462e+00 1.614e+00
6.837e-01 6.293e-01 1.449e+00 1.599e+00
6.884e-01 6.235e-01 1.435e+00 1.584e+00
6.932e-01 6.178e-01 1.422e+00 1.570e+00
6.980e-01 6.122e-01 1.409e+00 1.556e+00
7.028e-01 6.066e-01 1.396e+00 1.541e+00
7.077e-01 6.010e-01 1.384e+00 1.527e+00
7.126e-01 5.955e-01 1.371e+00 1.513e+00
7.176e-01 5.900e-01 1.358e+00 1.499e+00
7.225e-01 5.846e-01 1.346e+00 1.485e+00
7.275e-01 5.792e-01 1.333e+00 1.472e+00
7.326e-01 5.738e-01 1.321e+00 1.458e+00
7.377e-01 5.685e-01 1.309e+00 1.445e+00
7.428e-01 5.632e-01 1.297e+00 1.431e+00
7.480e-01 5.580e-01 1.285e+00 1.418e+00
7.531e-01 5.528e-01 1.273e+00 1.405e+00
7.584e-01 5.477e-01 1.261e+00 1.392e+00
7.636e-01 5.425e-01 1.249e+00 1.379e+00
7.689e-01 5.375e-01 1.237e+00 1.366e+00
7.743e-01 5.324e-01 1.226e+00 1.353e+00
7.796e-01 5.275e-01 1.214e+00 1.340e+00
7.850e-01 5.225e-01 1.203e+00 1.328e+00
7.905e-01 5.176e-01 1.192e+00 1.315e+00
7.960e-01 5.128e-01 1.180e+00 1.303e+00
8.015e-01 5.080e-01 1.169e+00 1.291e+00
8.071e-01 5.032e-01 1.158e+00 1.279e+00
8.127e-01 4.984e-01 1.147e+00 1.266e+00
8.183e-01 4.937e-01 1.136e+00 1.254e+00
8.240e-01 4.890e-01 1.126e+00 1.243e+00
8.297e-01 4.844e-01 1.115e+00 1.231e+00
8.355e-01 4.798e-01 1.104e+00 1.219e+00
8.412e-01 4.752e-01 1.094e+00 1.207e+00
8.471e-01 4.707e-01 1.083e+00 1.196e+00
8.530e-01 4.662e-01 1.073e+00 1.184e+00
8.589e-01 4.617e-01 1.063e+00 1.173e+00
8.648e-01 4.573e-01 1.053e+00 1.162e+00
8.708e-01 4.528e-01 1.042e+00 1.151e+00
8.769e-01 4.484e-01 1.032e+00 1.139e+00
8.830e-01 4.441e-01 1.022e+00 1.128e+00
8.891e-01 4.397e-01 1.012e+00 1.117e+00
8.953e-01 4.354e-01 1.002e+00 1.106e+00
9.015e-01 4.312e-01 9.925e-01 1.096e+00
9.077e-01 4.269e-01 9.828e-01 1.085e+00
9.140e-01 4.227e-01 9.731e-01 1.074e+00
9.204e-01 4.186e-01 9.635e-01 1.064e+00
9.268e-01 4.144e-01 9.540e-01 1.053e+00
9.332e-01 4.103e-01 9.445e-01 1.043e+00
9.397e-01 4.063e-01 9.352e-01 1.032e+00
9.462e-01 4.022e-01 9.259e-01 1.022e+00
9.527e-01 3.982e-01 9.166e-01 1.012e+00
9.594e-01 3.942e-01 9.075e-01 1.002e+00
9.660e-01 3.903e-01 8.985e-01 9.917e-01
9.727e-01 3.865e-01 8.897e-01 9.820e-01
9.795e-01 3.827e-01 8.810e-01 9.724e-01
9.863e-01 3.790e-01 8.723e-01 9.629e-01
9.931e-01 3.752e-01 8.637e-01 9.534e-01
1.000e+00 3.715e-01 8.552e-01 9.440e-01
1.007e+00 3.679e-01 8.468e-01 9.347e-01
1.014e+00 3.642e-01 8.384e-01 9.255e-01
1.021e+00 3.606e-01 8.301e-01 9.163e-01
1.028e+00 3.570e-01 8.219e-01 9.072e-01
1.035e+00 3.535e-01 8.137e-01 8.981e-01
1.042e+00 3.499e-01 8.056e-01 8.892e-01
1.050e+00 3.464e-01 7.975e-01 8.803e-01
1.057e+00 3.430e-01 7.895e-01 8.715e-01
1.064e+00 3.395e-01 7.815e-01 8.626e-01
1.072e+00 3.360e-01 7.735e-01 8.538e-01
1.079e+00 3.325e-01 7.655e-01 8.450e-01
1.087e+00 3.291e-01 7.576e-01 8.362e-01
1.094e+00 3.257e-01 7.497e-01 8.276e-01
1.102e+00 3.223e-01 7.419e-01 8.190e-01
1.109e+00 3.190e-01 7.342e-01 8.104e-01
1.117e+00 3.156e-01 7.266e-01 8.020e-01
1.125e+00 3.123e-01 7.190e-01 7.936e-01
1.133e+00 3.090e-01 7.114e-01 7.853e-01
1.140e+00 3.058e-01 7.039e-01 7.770e-01
1.148e+00 3.026e-01 6.965e-01 7.688e-01
1.156e+00 2.994e-01 6.892e-01 7.607e-01
1.164e+00 2.962e-01 6.819e-01 7.527e-01
1.172e+00 2.931e-01 6.748e-01 7.448e-01
1.181e+00 2.901e-01 6.677e-01 7.370e-01
1.189e+00 2.870e-01 6.606e-01 7.292e-01
1.197e+00 2.840e-01 6.537e-01 7.215e-01
1.205e+00 2.810e-01 6.468e-01 7.139e-01
1.214e+00 2.780e-01 6.399e-01 7.063e-01
1.222e+00 2.750e-01 6.331e-01 6.988e-01
1.231e+00 2.721e-01 6.263e-01 6.914e-01
1.239e+00 2.692e-01 6.196e-01 6.840e-01
1.248e+00 2.663e-01 6.130e-01 6.766e-01
1.256e+00 2.634e-01 6.064e-01 6.694e-01
1.265e+00 2.606e-01 5.999e-01 6.622e-01
1.274e+00 2.578e-01 5.935e-01 6.551e-01
1.283e+00 2.550e-01 5.871e-01 6.480e-01
1.292e+00 2.523e-01 5.808e-01 6.410e-01
1.301e+00 2.496e-01 5.745e-01 6.341e-01
1.310e+00 2.469e-01 5.682e-01 6.272e-01
1.319e+00 2.442e-01 5.621e-01 6.204e-01
1.328e+00 2.415e-01 5.559e-01 6.137e-01
1.337e+00 2.389e-01 5.499e-01 6.070e-01
1.346e+00 2.363e-01 5.438e-01 6.003e-01
1.356e+00 2.337e-01 5.379e-01 5.937e-01
1.365e+00 2.311e-01 5.319e-01 5.871e-01
1.374e+00 2.285e-01 5.259e-01 5.805e-01
1.384e+00 2.259e-01 5.200e-01 5.740e-01
1.394e+00 2.234e-01 5.142e-01 5.676e-01
1.403e+00 2.209e-01 5.084e-01 5.612e-01
1.413e+00 2.184e-01 5.027e-01 5.549e-01
1.423e+00 2.159e-01 4.970e-01 5.486e-01
1.433e+00 2.134e-01 4.913e-01 5.423e-01
1.443e+00 2.110e-01 4.857e-01 5.362e-01
1.453e+00 2.086e-01 4.802e-01 5.301e-01
1.463e+00 2.063e-01 4.748e-01 5.241e-01
1.473e+00 2.039e-01 4.694e-01 5.182e-01
1.483e+00 2.016e-01 4.641e-01 5.123e-01
1.493e+00 1.993e-01 4.588e-01 5.065e-01
1.504e+00 1.971e-01 4.536e-01 5.007e-01
1.514e+00 1.948e-01 4.484e-01 4.950e-01
1.525e+00 1.926e-01 4.433e-01 4.893e-01
1.535e+00 1.904e-01 4.382e-01 4.837e-01
1.546e+00 1.882e-01 4.331e-01 4.781e-01
1.557e+00 1.860e-01 4.282e-01 4.726e-01
1.567e+00 1.839e-01 4.233e-01 4.672e-01
1.578e+00 1.818e-01 4.184e-01 4.619e-01
1.589e+00 1.797e-01 4.136e-01 4.566e-01
1.600e+00 1.776e-01 4.089e-01 4.513e-01
1.611e+00 1.756e-01 4.041e-01 4.461e-01
1.623e+00 1.735e-01 3.995e-01 4.409e-01
1.634e+00 1.715e-01 3.948e-01 4.358e-01
1.645e+00 1.695e-01 3.902e-01 4.307e-01
1.657e+00 1.675e-01 3.856e-01 4.257e-01
1.668e+00 1.655e-01 3.811e-01 4.206e-01
1.680e+00 1.636e-01 3.766e-01 4.157e-01
1.691e+00 1.616e-01 3.721e-01 4.107e-01
1.703e+00 1.597e-01 3.677e-01 4.058e-01
1.715e+00 1.578e-01 3.633e-01 4.010e-01
1.727e+00 1.559e-01 3.589e-01 3.962e-01
1.739e+00 1.540e-01 3.546e-01 3.914e-01
1.751e+00 1.521e-01 3.502e-01 3.865e-01
1.763e+00 1.502e-01 3.458e-01 3.817e-01
1.775e+00 1.483e-01 3.414e-01 3.768e-01
1.788e+00 1.464e-01 3.370e-01 3.720e-01
1.800e+00 1.445e-01 3.327e-01 3.673e-01
1.812e+00 1.427e-01 3.284e-01 3.625e-01
1.825e+00 1.408e-01 3.242e-01 3.579e-01
1.838e+00 1.390e-01 3.200e-01 3.533e-01
1.850e+00 1.373e-01 3.161e-01 3.489e-01
1.863e+00 1.356e-01 3.122e-01 3.447e-01
1.876e+00 1.340e-01 3.084e-01 3.404e-01
1.889e+00 1.323e-01 3.046e-01 3.362e-01
1.902e+00 1.307e-01 3.009e-01 3.321e-01
1.916e+00 1.291e-01 2.971e-01 3.280e-01
1.929e+00 1.275e-01 2.935e-01 3.239e-01
1.942e+00 1.259e-01 2.898e-01 3.198e-01
1.956e+00 1.242e-01 2.860e-01 3.157e-01
1.969e+00 1.226e-01 2.823e-01 3.116e-01
1.983e+00 1.211e-01 2.787e-01 3.076e-01
1.997e+00 1.195e-01 2.750e-01 3.036e-01
2.010e+00 1.179e-01 2.714e-01 2.996e-01
2.024e+00 1.164e-01 2.679e-01 2.957e-01
2.038e+00 1.148e-01 2.644e-01 2.918e-01
2.053e+00 1.133e-01 2.609e-01 2.879e-01
2.067e+00 1.118e-01 2.574e-01 2.841e-01
2.081e+00 1.103e-01 2.540e-01 2.804e-01
2.096e+00 1.089e-01 2.506e-01 2.766e-01
2.110e+00 1.074e-01 2.473e-01 2.729e-01
2.125e+00 1.060e-01 2.440e-01 2.693e-01
2.140e+00 1.046e-01 2.407e-01 2.657e-01
2.154e+00 1.032e-01 2.375e-01 2.621e-01
2.169e+00 1.018e-01 2.343e-01 2.586e-01
2.184e+00 1.004e-01 2.312e-01 2.552e-01
2.200e+00 9.906e-02 2.280e-01 2.517e-01
2.215e+00 9.772e-02 2.249e-01 2.483e-01
2.230e+00 9.639e-02 2.219e-01 2.449e-01
2.246e+00 9.507e-02 2.189e-01 2.416e-01
2.261e+00 9.377e-02 2.158e-01 2.383e-01
2.277e+00 9.247e-02 2.129e-01 2.350e-01
2.293e+00 9.119e-02 2.099e-01 2.317e-01
2.309e+00 8.992e-02 2.070e-01 2.285e-01
2.325e+00 8.867e-02 2.041e-01 2.253e-01
2.341e+00 8.748e-02 2.014e-01 2.223e-01
2.357e+00 8.632e-02 1.987e-01 2.193e-01
2.373e+00 8.517e-02 1.961e-01 2.164e-01
2.390e+00 8.404e-02 1.935e-01 2.135e-01
2.406e+00 8.292e-02 1.909e-01 2.107e-01
2.423e+00 8.178e-02 1.883e-01 2.078e-01
2.440e+00 8.060e-02 1.855e-01 2.048e-01
2.457e+00 7.942e-02 1.828e-01 2.018e-01
2.474e+00 7.826e-02 1.802e-01 1.989e-01
2.491e+00 7.711e-02 1.775e-01 1.959e-01
2.508e+00 7.599e-02 1.749e-01 1.931e-01
2.526e+00 7.489e-02 1.724e-01 1.903e-01
2.543e+00 7.381e-02 1.699e-01 1.875e-01
2.561e+00 7.274e-02 1.674e-01 1.848e-01
2.579e+00 7.168e-02 1.650e-01 1.821e-01
2.597e+00 7.063e-02 1.626e-01 1.795e-01
2.615e+00 6.959e-02 1.602e-01 1.768e-01
2.633e+00 6.856e-02 1.578e-01 1.742e-01
2.651e+00 6.754e-02 1.555e-01 1.716e-01
2.669e+00 6.652e-02 1.531e-01 1.690e-01
2.688e+00 6.552e-02 1.508e-01 1.665e-01
2.707e+00 6.455e-02 1.486e-01 1.640e-01
2.725e+00 6.366e-02 1.465e-01 1.617e-01
2.744e+00 6.277e-02 1.445e-01 1.595e-01
2.763e+00 6.189e-02 1.425e-01 1.573e-01
2.783e+00 6.103e-02 1.405e-01 1.551e-01
2.802e+00 6.008e-02 1.383e-01 1.526e-01
2.821e+00 5.910e-02 1.360e-01 1.502e-01
2.841e+00 5.813e-02 1.338e-01 1.477e-01
2.861e+00 5.717e-02 1.316e-01 1.453e-01
2.880e+00 5.629e-02 1.296e-01 1.430e-01
2.900e+00 5.545e-02 1.276e-01 1.409e-01
2.921e+00 5.462e-02 1.257e-01 1.388e-01
2.941e+00 5.380e-02 1.238e-01 1.367e-01
2.961e+00 5.299e-02 1.220e-01 1.346e-01
2.982e+00 5.219e-02 1.201e-01 1.326e-01
3.002e+00 5.140e-02 1.183e-01 1.306e-01
3.023e+00 5.061e-02 1.165e-01 1.286e-01
3.044e+00 4.984e-02 1.147e-01 1.266e-01
3.065e+00 4.908e-02 1.130e-01 1.247e-01
3.087e+00 4.834e-02 1.113e-01 1.228e-01
3.108e+00 4.761e-02 1.096e-01 1.210e-01
3.130e+00 4.689e-02 1.079e-01 1.191e-01
3.151e+00 4.617e-02 1.063e-01 1.173e-01
3.173e+00 4.545e-02 1.046e-01 1.155e-01
3.195e+00 4.474e-02 1.030e-01 1.137e-01
3.217e+00 4.403e-02 1.014e-01 1.119e-01
3.240e+00 4.330e-02 9.967e-02 1.100e-01
3.262e+00 4.251e-02 9.787e-02 1.080e-01
3.285e+00 4.174e-02 9.608e-02 1.061e-01
3.308e+00 4.098e-02 9.432e-02 1.041e-01
3.331e+00 4.031e-02 9.279e-02 1.024e-01
3.354e+00 3.968e-02 9.133e-02 1.008e-01
3.377e+00 3.905e-02 8.990e-02 9.923e-02
3.400e+00 3.844e-02 8.848e-02 9.766e-02
3.424e+00 3.782e-02 8.706e-02 9.610e-02
3.448e+00 3.721e-02 8.567e-02 9.456e-02
3.472e+00 3.662e-02 8.429e-02 9.304e-02
3.496e+00 3.602e-02 8.292e-02 9.153e-02
3.520e+00 3.542e-02 8.154e-02 9.000e-02
3.544e+00 3.482e-02 8.014e-02 8.847e-02
3.569e+00 3.422e-02 7.877e-02 8.695e-02
3.594e+00 3.363e-02 7.741e-02 8.545e-02
3.619e+00 3.304e-02 7.607e-02 8.396e-02
3.644e+00 3.247e-02 7.474e-02 8.250e-02
3.669e+00 3.190e-02 7.343e-02 8.105e-02
3.695e+00 3.133e-02 7.213e-02 7.961e-02
3.720e+00 3.075e-02 7.079e-02 7.814e-02
3.746e+00 3.018e-02 6.948e-02 7.669e-02
3.772e+00 2.962e-02 6.818e-02 7.526e-02
3.798e+00 2.909e-02 6.697e-02 7.393e-02
3.825e+00 2.861e-02 6.586e-02 7.269e-02
3.851e+00 2.813e-02 6.475e-02 7.148e-02
3.878e+00 2.766e-02 6.367e-02 7.028e-02
3.905e+00 2.718e-02 6.257e-02 6.907e-02
3.932e+00 2.669e-02 6.144e-02 6.782e-02
3.959e+00 2.620e-02 6.032e-02 6.658e-02
3.987e+00 2.572e-02 5.922e-02 6.536e-02
4.014e+00 2.527e-02 5.816e-02 6.420e-02
4.042e+00 2.482e-02 5.712e-02 6.305e-02
4.070e+00 2.437e-02 5.610e-02 6.192e-02
4.098e+00 2.393e-02 5.509e-02 6.080e-02
4.127e+00 2.350e-02 5.409e-02 5.970e-02
4.155e+00 2.307e-02 5.310e-02 5.862e-02
4.184e+00 2.265e-02 5.213e-02 5.755e-02
4.213e+00 2.223e-02 5.118e-02 5.649e-02
4.243e+00 2.182e-02 5.023e-02 5.545e-02
4.272e+00 2.142e-02 4.930e-02 5.442e-02
4.302e+00 2.102e-02 4.839e-02 5.341e-02
4.331e+00 2.063e-02 4.748e-02 5.241e-02
4.362e+00 2.024e-02 4.659e-02 5.143e-02
4.392e+00 1.986e-02 4.571e-02 5.046e-02
4.422e+00 1.948e-02 4.485e-02 4.950e-02
4.453e+00 1.911e-02 4.399e-02 4.856e-02
4.484e+00 1.875e-02 4.315e-02 4.763e-02
4.515e+00 1.839e-02 4.232e-02 4.672e-02
4.546e+00 1.803e-02 4.151e-02 4.582e-02
4.578e+00 1.768e-02 4.070e-02 4.493e-02
4.610e+00 1.734e-02 3.991e-02 4.405e-02
4.642e+00 1.700e-02 3.913e-02 4.319e-02
4.674e+00 1.666e-02 3.836e-02 4.234e-02
4.706e+00 1.633e-02 3.760e-02 4.150e-02
4.739e+00 1.601e-02 3.685e-02 4.068e-02
4.772e+00 1.569e-02 3.612e-02 3.987e-02
4.805e+00 1.538e-02 3.540e-02 3.907e-02
4.838e+00 1.507e-02 3.468e-02 3.828e-02
4.872e+00 1.476e-02 3.398e-02 3.751e-02
4.906e+00 1.446e-02 3.329e-02 3.675e-02
4.940e+00 1.417e-02 3.261e-02 3.599e-02
4.974e+00 1.387e-02 3.194e-02 3.525e-02
5.008e+00 1.359e-02 3.128e-02 3.453e-02
5.043e+00 1.331e-02 3.063e-02 3.381e-02
5.078e+00 1.303e-02 2.999e-02 3.310e-02
5.113e+00 1.276e-02 2.936e-02 3.241e-02
5.149e+00 1.249e-02 2.874e-02 3.173e-02
5.185e+00 1.222e-02 2.813e-02 3.105e-02
5.221e+00 1.196e-02 2.753e-02 3.039e-02
5.257e+00 1.171e-02 2.695e-02 2.974e-02
5.293e+00 1.145e-02 2.637e-02 2.910e-02
5.330e+00 1.121e-02 2.579e-02 2.847e-02
5.367e+00 1.096e-02 2.523e-02 2.785e-02
5.404e+00 1.072e-02 2.468e-02 2.724e-02
5.442e+00 1.049e-02 2.414e-02 2.664e-02
5.479e+00 1.025e-02 2.361e-02 2.606e-02
5.517e+00 1.003e-02 2.308e-02 2.548e-02
5.556e+00 9.802e-03 2.256e-02 2.491e-02
5.594e+00 9.582e-03 2.206e-02 2.435e-02
5.633e+00 9.365e-03 2.156e-02 2.380e-02
5.672e+00 9.152e-03 2.107e-02 2.325e-02
5.712e+00 8.943e-03 2.059e-02 2.272e-02
5.751e+00 8.737e-03 2.011e-02 2.220e-02
5.791e+00 8.535e-03 1.965e-02 2.169e-02
5.831e+00 8.336e-03 1.919e-02 2.118e-02
5.872e+00 8.141e-03 1.874e-02 2.068e-02
5.913e+00 7.949e-03 1.830e-02 2.020e-02
5.954e+00 7.761e-03 1.786e-02 1.972e-02
5.995e+00 7.575e-03 1.744e-02 1.925e-02
6.036e+00 7.394e-03 1.702e-02 1.879e-02
6.078e+00 7.215e-03 1.661e-02 1.833e-02
6.120e+00 7.040e-03 1.621e-02 1.789e-02
6.163e+00 6.868e-03 1.581e-02 1.745e-02
6.206e+00 6.699e-03 1.542e-02 1.702e-02
6.249e+00 6.533e-03 1.504e-02 1.660e-02
6.292e+00 6.370e-03 1.466e-02 1.619e-02
6.336e+00 6.210e-03 1.430e-02 1.578e-02
6.380e+00 6.053e-03 1.393e-02 1.538e-02
6.424e+00 5.899e-03 1.358e-02 1.499e-02
6.469e+00 5.748e-03 1.323e-02 1.461e-02
6.513e+00 5.600e-03 1.289e-02 1.423e-02
6.559e+00 5.455e-03 1.256e-02 1.386e-02
6.604e+00 5.312e-03 1.223e-02 1.350e-02
6.650e+00 5.172e-03 1.191e-02 1.314e-02
6.696e+00 5.035e-03 1.159e-02 1.279e-02
6.743e+00 4.900e-03 1.128e-02 1.245e-02
6.789e+00 4.768e-03 1.098e-02 1.212e-02
6.837e+00 4.639e-03 1.068e-02 1.179e-02
6.884e+00 4.512e-03 1.039e-02 1.147e-02
6.932e+00 4.388e-03 1.010e-02 1.115e-02
6.980e+00 4.266e-03 9.821e-03 1.084e-02
7.028e+00 4.147e-03 9.546e-03 1.054e-02
7.077e+00 4.030e-03 9.277e-03 1.024e-02
7.126e+00 3.916e-03 9.013e-03 9.949e-03
7.176e+00 3.803e-03 8.755e-03 9.664e-03
7.225e+00 3.693e-03 8.502e-03 9.385e-03
7.275e+00 3.586e-03 8.254e-03 9.111e-03
7.326e+00 3.480e-03 8.012e-03 8.843e-03
7.377e+00 3.377e-03 7.774e-03 8.581e-03
7.428e+00 3.276e-03 7.542e-03 8.324e-03
7.480e+00 3.177e-03 7.314e-03 8.073e-03
7.531e+00 3.081e-03 7.091e-03 7.827e-03
7.584e+00 2.986e-03 6.873e-03 7.587e-03
7.636e+00 2.893e-03 6.660e-03 7.351e-03
7.689e+00 2.802e-03 6.451e-03 7.121e-03
7.743e+00 2.714e-03 6.247e-03 6.895e-03
7.796e+00 2.627e-03 6.047e-03 6.675e-03
7.850e+00 2.542e-03 5.852e-03 6.459e-03
7.905e+00 2.459e-03 5.661e-03 6.249e-03
7.960e+00 2.378e-03 5.474e-03 6.043e-03
8.015e+00 2.299e-03 5.292e-03 5.841e-03
8.071e+00 2.221e-03 5.113e-03 5.644e-03
8.127e+00 2.146e-03 4.939e-03 5.452e-03
8.183e+00 2.072e-03 4.769e-03 5.264e-03
8.240e+00 1.999e-03 4.602e-03 5.080e-03
8.297e+00 1.929e-03 4.440e-03 4.901e-03
8.355e+00 1.860e-03 4.281e-03 4.726e-03
8.412e+00 1.793e-03 4.126e-03 4.555e-03
8.471e+00 1.727e-03 3.975e-03 4.388e-03
8.530e+00 1.663e-03 3.827e-03 4.225e-03
8.589e+00 1.600e-03 3.683e-03 4.066e-03
8.648e+00 1.539e-03 3.543e-03 3.910e-03
8.708e+00 1.479e-03 3.405e-03 3.759e-03
8.769e+00 1.421e-03 3.271e-03 3.611e-03
8.830e+00 1.364e-03 3.141e-03 3.467e-03
8.891e+00 1.309e-03 3.014e-03 3.327e-03
8.953e+00 1.255e-03 2.890e-03 3.190e-03
9.015e+00 1.203e-03 2.769e-03 3.056e-03
9.077e+00 1.152e-03 2.651e-03 2.926e-03
9.140e+00 1.102e-03 2.536e-03 2.799e-03
9.204e+00 1.053e-03 2.424e-03 2.676e-03
9.268e+00 1.006e-03 2.315e-03 2.555e-03
9.332e+00 9.596e-04 2.209e-03 2.438e-03
9.397e+00 9.147e-04 2.106e-03 2.324e-03
9.462e+00 8.710e-04 2.005e-03 2.213e-03
9.527e+00 8.285e-04 1.907e-03 2.105e-03
9.594e+00 7.872e-04 1.812e-03 2.000e-03
9.660e+00 7.470e-04 1.719e-03 1.898e-03
9.727e+00 7.078e-04 1.629e-03 1.799e-03
9.795e+00 6.698e-04 1.542e-03 1.702e-03
9.863e+00 6.329e-04 1.457e-03 1.608e-03
9.931e+00 5.969e-04 1.374e-03 1.517e-03
1.000e+01 5.621e-04 1.294e-03 1.428e-03
