# e- + H+ + LiH -> H + LiH+ + e-
# Number of initial vibrational states: 3
# Number of final vibrational states: 6
# R = 8 AngstromE_in [eV] | xs [Mb]
1.000e-02 5.581e-01 1.258e+00 1.308e+00
1.072e-02 5.203e-01 1.173e+00 1.219e+00
1.150e-02 4.850e-01 1.093e+00 1.137e+00
1.233e-02 4.522e-01 1.019e+00 1.060e+00
1.322e-02 4.215e-01 9.499e-01 9.878e-01
1.417e-02 3.929e-01 8.854e-01 9.208e-01
1.520e-02 3.662e-01 8.253e-01 8.582e-01
1.630e-02 3.414e-01 7.692e-01 7.999e-01
1.748e-02 3.182e-01 7.169e-01 7.455e-01
1.874e-02 2.966e-01 6.682e-01 6.948e-01
2.009e-02 2.764e-01 6.227e-01 6.475e-01
2.154e-02 2.576e-01 5.803e-01 6.034e-01
2.310e-02 2.400e-01 5.407e-01 5.622e-01
2.477e-02 2.237e-01 5.038e-01 5.239e-01
2.656e-02 2.084e-01 4.694e-01 4.881e-01
2.848e-02 1.942e-01 4.374e-01 4.547e-01
3.054e-02 1.809e-01 4.074e-01 4.236e-01
3.275e-02 1.685e-01 3.795e-01 3.946e-01
3.511e-02 1.570e-01 3.535e-01 3.675e-01
3.765e-02 1.462e-01 3.293e-01 3.423e-01
4.037e-02 1.362e-01 3.066e-01 3.187e-01
4.329e-02 1.268e-01 2.855e-01 2.968e-01
4.642e-02 1.181e-01 2.658e-01 2.763e-01
4.977e-02 1.100e-01 2.475e-01 2.572e-01
5.337e-02 1.024e-01 2.304e-01 2.394e-01
5.722e-02 9.528e-02 2.144e-01 2.228e-01
6.136e-02 8.868e-02 1.995e-01 2.073e-01
6.579e-02 8.252e-02 1.856e-01 1.929e-01
7.055e-02 7.678e-02 1.727e-01 1.794e-01
7.565e-02 7.143e-02 1.606e-01 1.668e-01
8.111e-02 6.644e-02 1.494e-01 1.551e-01
8.697e-02 6.178e-02 1.389e-01 1.442e-01
9.326e-02 5.744e-02 1.291e-01 1.341e-01
1.000e-01 5.338e-02 1.200e-01 1.246e-01
1.072e-01 4.961e-02 1.115e-01 1.157e-01
1.150e-01 4.609e-02 1.035e-01 1.075e-01
1.233e-01 4.280e-02 9.613e-02 9.978e-02
1.322e-01 3.974e-02 8.923e-02 9.261e-02
1.417e-01 3.689e-02 8.280e-02 8.592e-02
1.520e-01 3.422e-02 7.681e-02 7.969e-02
1.630e-01 3.174e-02 7.122e-02 7.388e-02
1.748e-01 2.943e-02 6.601e-02 6.846e-02
1.874e-01 2.727e-02 6.115e-02 6.341e-02
2.009e-01 2.526e-02 5.663e-02 5.871e-02
2.154e-01 2.339e-02 5.241e-02 5.432e-02
2.310e-01 2.164e-02 4.848e-02 5.024e-02
2.477e-01 2.000e-02 4.482e-02 4.643e-02
2.656e-01 1.849e-02 4.140e-02 4.288e-02
2.848e-01 1.707e-02 3.823e-02 3.959e-02
3.054e-01 1.575e-02 3.529e-02 3.652e-02
3.275e-01 1.453e-02 3.254e-02 3.366e-02
3.511e-01 1.339e-02 2.998e-02 3.100e-02
3.765e-01 1.233e-02 2.760e-02 2.852e-02
4.037e-01 1.134e-02 2.539e-02 2.621e-02
4.329e-01 1.042e-02 2.334e-02 2.407e-02
4.642e-01 9.567e-03 2.143e-02 2.208e-02
4.977e-01 8.774e-03 1.965e-02 2.023e-02
5.337e-01 8.036e-03 1.799e-02 1.851e-02
5.722e-01 7.352e-03 1.646e-02 1.692e-02
6.136e-01 6.722e-03 1.503e-02 1.544e-02
6.579e-01 6.138e-03 1.370e-02 1.406e-02
7.055e-01 5.598e-03 1.246e-02 1.279e-02
7.565e-01 5.096e-03 1.132e-02 1.162e-02
8.111e-01 4.626e-03 1.026e-02 1.053e-02
8.697e-01 4.191e-03 9.291e-03 9.521e-03
9.326e-01 3.788e-03 8.393e-03 8.592e-03
1.000e+00 3.418e-03 7.564e-03 7.735e-03
1.072e+00 3.076e-03 6.806e-03 6.950e-03
1.150e+00 2.760e-03 6.109e-03 6.230e-03
1.233e+00 2.471e-03 5.466e-03 5.567e-03
1.322e+00 2.205e-03 4.872e-03 4.957e-03
1.417e+00 1.961e-03 4.328e-03 4.399e-03
1.520e+00 1.738e-03 3.835e-03 3.892e-03
1.630e+00 1.538e-03 3.387e-03 3.431e-03
1.748e+00 1.357e-03 2.980e-03 3.015e-03
1.874e+00 1.192e-03 2.610e-03 2.642e-03
2.009e+00 1.042e-03 2.277e-03 2.306e-03
2.154e+00 9.058e-04 1.977e-03 2.001e-03
2.310e+00 7.826e-04 1.708e-03 1.726e-03
2.477e+00 6.764e-04 1.465e-03 1.488e-03
2.656e+00 5.802e-04 1.257e-03 1.276e-03
2.848e+00 4.948e-04 1.072e-03 1.088e-03
3.054e+00 4.206e-04 9.096e-04 9.223e-04
3.275e+00 3.555e-04 7.673e-04 7.766e-04
3.511e+00 2.991e-04 6.428e-04 6.541e-04
3.765e+00 2.491e-04 5.361e-04 5.404e-04
4.037e+00 2.062e-04 4.408e-04 4.436e-04
4.329e+00 1.691e-04 3.610e-04 3.630e-04
4.642e+00 1.383e-04 2.928e-04 2.939e-04
4.977e+00 1.115e-04 2.355e-04 2.361e-04
5.337e+00 8.920e-05 1.879e-04 1.873e-04
5.722e+00 7.049e-05 1.473e-04 1.470e-04
6.136e+00 5.511e-05 1.145e-04 1.141e-04
6.579e+00 4.235e-05 8.761e-05 8.696e-05
7.055e+00 3.199e-05 6.582e-05 6.515e-05
7.565e+00 2.371e-05 4.819e-05 4.760e-05
8.111e+00 1.717e-05 3.456e-05 3.375e-05
8.697e+00 1.202e-05 2.362e-05 2.310e-05
9.326e+00 7.990e-06 1.512e-05 1.483e-05
1.000e+01 4.899e-06 8.642e-06 8.523e-06
