# e- + H+ + LiH -> H + LiH+ + e-
# ICEC electron spectrum at E_in = 1 eV
# R = 6 Angstrom
# Number of initial vibrational states: 6/29
# Dissociative states of D^+:        Max energy = 1 eV,        Box length = 8 Angstrom
# | vD : E_out [eV] : xs [Mb] : diss_energy [eV] |
0.000e+00 6.796e+00 3.272e-01 1.769e-03 1.000e+00 6.965e+00 4.467e-01 1.769e-03 2.000e+00 7.128e+00 1.298e-01 1.769e-03 3.000e+00 7.284e+00 1.921e-02 1.769e-03 4.000e+00 7.435e+00 2.678e-01 1.769e-03 5.000e+00 7.580e+00 3.213e-01 1.769e-03
0.000e+00 6.792e+00 3.939e-01 6.607e-03 1.000e+00 6.960e+00 5.081e-01 6.607e-03 2.000e+00 7.123e+00 1.252e-01 6.607e-03 3.000e+00 7.279e+00 3.723e-02 6.607e-03 4.000e+00 7.430e+00 3.341e-01 6.607e-03 5.000e+00 7.576e+00 3.419e-01 6.607e-03
0.000e+00 6.785e+00 4.283e-01 1.334e-02 1.000e+00 6.953e+00 5.095e-01 1.334e-02 2.000e+00 7.116e+00 9.655e-02 1.334e-02 3.000e+00 7.273e+00 6.509e-02 1.334e-02 4.000e+00 7.424e+00 3.721e-01 1.334e-02 5.000e+00 7.569e+00 3.031e-01 1.334e-02
0.000e+00 6.776e+00 4.583e-01 2.164e-02 1.000e+00 6.945e+00 4.913e-01 2.164e-02 2.000e+00 7.108e+00 6.275e-02 2.164e-02 3.000e+00 7.264e+00 1.051e-01 2.164e-02 4.000e+00 7.415e+00 3.954e-01 2.164e-02 5.000e+00 7.561e+00 2.375e-01 2.164e-02
0.000e+00 6.767e+00 4.873e-01 3.136e-02 1.000e+00 6.935e+00 4.595e-01 3.136e-02 2.000e+00 7.098e+00 3.145e-02 3.136e-02 3.000e+00 7.255e+00 1.563e-01 3.136e-02 4.000e+00 7.406e+00 3.985e-01 3.136e-02 5.000e+00 7.551e+00 1.579e-01 3.136e-02
0.000e+00 6.756e+00 5.157e-01 4.240e-02 1.000e+00 6.924e+00 4.164e-01 4.240e-02 2.000e+00 7.087e+00 8.821e-03 4.240e-02 3.000e+00 7.244e+00 2.147e-01 4.240e-02 4.000e+00 7.395e+00 3.755e-01 4.240e-02 5.000e+00 7.540e+00 7.980e-02 4.240e-02
0.000e+00 6.743e+00 5.428e-01 5.470e-02 1.000e+00 6.912e+00 3.636e-01 5.470e-02 2.000e+00 7.075e+00 8.465e-06 5.470e-02 3.000e+00 7.231e+00 2.732e-01 5.470e-02 4.000e+00 7.382e+00 3.244e-01 5.470e-02 5.000e+00 7.527e+00 2.157e-02 5.470e-02
0.000e+00 6.730e+00 5.676e-01 6.821e-02 1.000e+00 6.898e+00 3.036e-01 6.821e-02 2.000e+00 7.061e+00 8.589e-03 6.821e-02 3.000e+00 7.218e+00 3.226e-01 6.821e-02 4.000e+00 7.369e+00 2.495e-01 6.821e-02 5.000e+00 7.514e+00 4.786e-06 6.821e-02
0.000e+00 6.715e+00 5.888e-01 8.289e-02 1.000e+00 6.884e+00 2.395e-01 8.289e-02 2.000e+00 7.046e+00 3.586e-02 8.289e-02 3.000e+00 7.203e+00 3.531e-01 8.289e-02 4.000e+00 7.354e+00 1.625e-01 8.289e-02 5.000e+00 7.499e+00 2.386e-02 8.289e-02
0.000e+00 6.699e+00 6.053e-01 9.870e-02 1.000e+00 6.868e+00 1.751e-01 9.870e-02 2.000e+00 7.031e+00 8.026e-02 9.870e-02 3.000e+00 7.187e+00 3.569e-01 9.870e-02 4.000e+00 7.338e+00 8.019e-02 9.870e-02 5.000e+00 7.483e+00 8.863e-02 9.870e-02
0.000e+00 6.683e+00 6.157e-01 1.156e-01 1.000e+00 6.851e+00 1.151e-01 1.156e-01 2.000e+00 7.014e+00 1.372e-01 1.156e-01 3.000e+00 7.170e+00 3.302e-01 1.156e-01 4.000e+00 7.321e+00 2.122e-02 1.156e-01 5.000e+00 7.467e+00 1.753e-01 1.156e-01
0.000e+00 6.664e+00 6.192e-01 1.336e-01 1.000e+00 6.833e+00 6.391e-02 1.336e-01 2.000e+00 6.996e+00 1.993e-01 1.336e-01 3.000e+00 7.152e+00 2.756e-01 1.336e-01 4.000e+00 7.303e+00 1.570e-06 1.336e-01 5.000e+00 7.449e+00 2.550e-01 1.336e-01
0.000e+00 6.645e+00 6.148e-01 1.527e-01 1.000e+00 6.814e+00 2.588e-02 1.527e-01 2.000e+00 6.977e+00 2.577e-01 1.527e-01 3.000e+00 7.133e+00 2.017e-01 1.527e-01 4.000e+00 7.284e+00 2.175e-02 1.527e-01 5.000e+00 7.429e+00 2.987e-01 1.527e-01
0.000e+00 6.625e+00 6.023e-01 1.729e-01 1.000e+00 6.794e+00 4.278e-03 1.729e-01 2.000e+00 6.956e+00 3.030e-01 1.729e-01 3.000e+00 7.113e+00 1.224e-01 1.729e-01 4.000e+00 7.264e+00 7.950e-02 1.729e-01 5.000e+00 7.409e+00 2.889e-01 1.729e-01
0.000e+00 6.604e+00 5.816e-01 1.940e-01 1.000e+00 6.773e+00 9.824e-04 1.940e-01 2.000e+00 6.935e+00 3.277e-01 1.940e-01 3.000e+00 7.092e+00 5.396e-02 1.940e-01 4.000e+00 7.243e+00 1.551e-01 1.940e-01 5.000e+00 7.388e+00 2.277e-01 1.940e-01
0.000e+00 6.582e+00 5.533e-01 2.162e-01 1.000e+00 6.750e+00 1.612e-02 2.162e-01 2.000e+00 6.913e+00 3.270e-01 2.162e-01 3.000e+00 7.070e+00 1.055e-02 2.162e-01 4.000e+00 7.221e+00 2.244e-01 2.162e-01 5.000e+00 7.366e+00 1.374e-01 2.162e-01
0.000e+00 6.559e+00 5.182e-01 2.395e-01 1.000e+00 6.727e+00 4.795e-02 2.395e-01 2.000e+00 6.890e+00 3.005e-01 2.395e-01 3.000e+00 7.047e+00 9.740e-04 2.395e-01 4.000e+00 7.198e+00 2.645e-01 2.395e-01 5.000e+00 7.343e+00 5.225e-02 2.395e-01
0.000e+00 6.534e+00 4.775e-01 2.637e-01 1.000e+00 6.703e+00 9.303e-02 2.637e-01 2.000e+00 6.866e+00 2.522e-01 2.637e-01 3.000e+00 7.022e+00 2.595e-02 2.637e-01 4.000e+00 7.173e+00 2.623e-01 2.637e-01 5.000e+00 7.318e+00 4.325e-03 2.637e-01
0.000e+00 6.509e+00 4.328e-01 2.889e-01 1.000e+00 6.678e+00 1.466e-01 2.889e-01 2.000e+00 6.840e+00 1.899e-01 2.889e-01 3.000e+00 6.997e+00 7.770e-02 2.889e-01 4.000e+00 7.148e+00 2.185e-01 2.889e-01 5.000e+00 7.293e+00 1.002e-02 2.889e-01
0.000e+00 6.483e+00 3.856e-01 3.151e-01 1.000e+00 6.652e+00 2.031e-01 3.151e-01 2.000e+00 6.814e+00 1.237e-01 3.151e-01 3.000e+00 6.971e+00 1.419e-01 3.151e-01 4.000e+00 7.122e+00 1.475e-01 3.151e-01 5.000e+00 7.267e+00 6.294e-02 3.151e-01
0.000e+00 6.456e+00 3.376e-01 3.423e-01 1.000e+00 6.624e+00 2.571e-01 3.423e-01 2.000e+00 6.787e+00 6.463e-02 3.423e-01 3.000e+00 6.944e+00 2.014e-01 3.423e-01 4.000e+00 7.095e+00 7.277e-02 3.423e-01 5.000e+00 7.240e+00 1.370e-01 3.423e-01
0.000e+00 6.428e+00 2.903e-01 3.704e-01 1.000e+00 6.596e+00 3.034e-01 3.704e-01 2.000e+00 6.759e+00 2.178e-02 3.704e-01 3.000e+00 6.916e+00 2.410e-01 3.704e-01 4.000e+00 7.067e+00 1.824e-02 3.704e-01 5.000e+00 7.212e+00 1.983e-01 3.704e-01
0.000e+00 6.399e+00 2.453e-01 3.995e-01 1.000e+00 6.567e+00 3.383e-01 3.995e-01 2.000e+00 6.730e+00 1.348e-03 3.995e-01 3.000e+00 6.887e+00 2.509e-01 3.995e-01 4.000e+00 7.038e+00 6.265e-05 3.995e-01 5.000e+00 7.183e+00 2.201e-01 3.995e-01
0.000e+00 6.369e+00 2.034e-01 4.295e-01 1.000e+00 6.537e+00 3.594e-01 4.295e-01 2.000e+00 6.700e+00 5.409e-03 4.295e-01 3.000e+00 6.857e+00 2.295e-01 4.295e-01 4.000e+00 7.008e+00 2.148e-02 4.295e-01 5.000e+00 7.153e+00 1.939e-01 4.295e-01
0.000e+00 6.338e+00 1.656e-01 4.605e-01 1.000e+00 6.506e+00 3.658e-01 4.605e-01 2.000e+00 6.669e+00 3.190e-02 4.605e-01 3.000e+00 6.826e+00 1.831e-01 4.605e-01 4.000e+00 6.977e+00 7.240e-02 4.605e-01 5.000e+00 7.122e+00 1.325e-01 4.605e-01
0.000e+00 6.306e+00 1.324e-01 4.925e-01 1.000e+00 6.474e+00 3.583e-01 4.925e-01 2.000e+00 6.637e+00 7.533e-02 4.925e-01 3.000e+00 6.794e+00 1.236e-01 4.925e-01 4.000e+00 6.945e+00 1.336e-01 4.925e-01 5.000e+00 7.090e+00 6.251e-02 4.925e-01
0.000e+00 6.273e+00 1.039e-01 5.253e-01 1.000e+00 6.441e+00 3.388e-01 5.253e-01 2.000e+00 6.604e+00 1.281e-01 5.253e-01 3.000e+00 6.761e+00 6.542e-02 5.253e-01 4.000e+00 6.912e+00 1.840e-01 5.253e-01 5.000e+00 7.057e+00 1.263e-02 5.253e-01
0.000e+00 6.239e+00 7.994e-02 5.591e-01 1.000e+00 6.407e+00 3.099e-01 5.591e-01 2.000e+00 6.570e+00 1.818e-01 5.591e-01 3.000e+00 6.727e+00 2.169e-02 5.591e-01 4.000e+00 6.878e+00 2.075e-01 5.591e-01 5.000e+00 7.023e+00 1.098e-03 5.591e-01
0.000e+00 6.204e+00 6.037e-02 5.939e-01 1.000e+00 6.373e+00 2.748e-01 5.939e-01 2.000e+00 6.535e+00 2.291e-01 5.939e-01 3.000e+00 6.692e+00 1.088e-03 5.939e-01 4.000e+00 6.843e+00 1.978e-01 5.939e-01 5.000e+00 6.988e+00 2.920e-02 5.939e-01
0.000e+00 6.169e+00 4.473e-02 6.295e-01 1.000e+00 6.337e+00 2.366e-01 6.295e-01 2.000e+00 6.500e+00 2.643e-01 6.295e-01 3.000e+00 6.657e+00 6.463e-03 6.295e-01 4.000e+00 6.808e+00 1.595e-01 6.295e-01 5.000e+00 6.953e+00 8.235e-02 6.295e-01
0.000e+00 6.132e+00 3.252e-02 6.660e-01 1.000e+00 6.301e+00 1.980e-01 6.660e-01 2.000e+00 6.463e+00 2.844e-01 6.660e-01 3.000e+00 6.620e+00 3.491e-02 6.660e-01 4.000e+00 6.771e+00 1.056e-01 6.660e-01 5.000e+00 6.916e+00 1.375e-01 6.660e-01
0.000e+00 6.095e+00 2.319e-02 7.035e-01 1.000e+00 6.263e+00 1.612e-01 7.035e-01 2.000e+00 6.426e+00 2.887e-01 7.035e-01 3.000e+00 6.583e+00 7.917e-02 7.035e-01 4.000e+00 6.734e+00 5.225e-02 7.035e-01 5.000e+00 6.879e+00 1.730e-01 7.035e-01
0.000e+00 6.056e+00 1.622e-02 7.419e-01 1.000e+00 6.225e+00 1.278e-01 7.419e-01 2.000e+00 6.387e+00 2.786e-01 7.419e-01 3.000e+00 6.544e+00 1.299e-01 7.419e-01 4.000e+00 6.695e+00 1.408e-02 7.419e-01 5.000e+00 6.840e+00 1.766e-01 7.419e-01
0.000e+00 6.017e+00 1.113e-02 7.811e-01 1.000e+00 6.186e+00 9.877e-02 7.811e-01 2.000e+00 6.348e+00 2.570e-01 7.811e-01 3.000e+00 6.505e+00 1.777e-01 7.811e-01 4.000e+00 6.656e+00 1.269e-05 7.811e-01 5.000e+00 6.801e+00 1.489e-01 7.811e-01
0.000e+00 5.977e+00 7.493e-03 8.213e-01 1.000e+00 6.145e+00 7.442e-02 8.213e-01 2.000e+00 6.308e+00 2.276e-01 8.213e-01 3.000e+00 6.465e+00 2.153e-01 8.213e-01 4.000e+00 6.616e+00 1.183e-02 8.213e-01 5.000e+00 6.761e+00 1.014e-01 8.213e-01
0.000e+00 5.936e+00 4.947e-03 8.623e-01 1.000e+00 6.104e+00 5.471e-02 8.623e-01 2.000e+00 6.267e+00 1.941e-01 8.623e-01 3.000e+00 6.424e+00 2.381e-01 8.623e-01 4.000e+00 6.575e+00 4.477e-02 8.623e-01 5.000e+00 6.720e+00 5.106e-02 8.623e-01
0.000e+00 5.894e+00 3.204e-03 9.042e-01 1.000e+00 6.062e+00 3.926e-02 9.042e-01 2.000e+00 6.225e+00 1.598e-01 9.042e-01 3.000e+00 6.382e+00 2.449e-01 9.042e-01 4.000e+00 6.533e+00 8.987e-02 9.042e-01 5.000e+00 6.678e+00 1.389e-02 9.042e-01
0.000e+00 5.851e+00 2.036e-03 9.470e-01 1.000e+00 6.020e+00 2.751e-02 9.470e-01 2.000e+00 6.182e+00 1.273e-01 9.470e-01 3.000e+00 6.339e+00 2.371e-01 9.470e-01 4.000e+00 6.490e+00 1.368e-01 9.470e-01 5.000e+00 6.635e+00 1.384e-05 9.470e-01
0.000e+00 5.807e+00 1.269e-03 9.907e-01 1.000e+00 5.976e+00 1.883e-02 9.907e-01 2.000e+00 6.139e+00 9.828e-02 9.907e-01 3.000e+00 6.295e+00 2.176e-01 9.907e-01 4.000e+00 6.446e+00 1.766e-01 9.907e-01 5.000e+00 6.591e+00 1.158e-02 9.907e-01
0.000e+00 5.763e+00 7.762e-04 1.035e+00 1.000e+00 5.931e+00 1.260e-02 1.035e+00 2.000e+00 6.094e+00 7.360e-02 1.035e+00 3.000e+00 6.251e+00 1.905e-01 1.035e+00 4.000e+00 6.402e+00 2.032e-01 1.035e+00 5.000e+00 6.547e+00 4.354e-02 1.035e+00
0.000e+00 5.717e+00 4.658e-04 1.081e+00 1.000e+00 5.886e+00 8.242e-03 1.081e+00 2.000e+00 6.049e+00 5.354e-02 1.081e+00 3.000e+00 6.205e+00 1.598e-01 1.081e+00 4.000e+00 6.356e+00 2.141e-01 1.081e+00 5.000e+00 6.501e+00 8.640e-02 1.081e+00
0.000e+00 5.671e+00 2.744e-04 1.127e+00 1.000e+00 5.840e+00 5.272e-03 1.127e+00 2.000e+00 6.002e+00 3.787e-02 1.127e+00 3.000e+00 6.159e+00 1.288e-01 1.127e+00 4.000e+00 6.310e+00 2.099e-01 1.127e+00 5.000e+00 6.455e+00 1.296e-01 1.127e+00
0.000e+00 5.624e+00 1.587e-04 1.174e+00 1.000e+00 5.792e+00 3.299e-03 1.174e+00 2.000e+00 5.955e+00 2.607e-02 1.174e+00 3.000e+00 6.112e+00 1.001e-01 1.174e+00 4.000e+00 6.263e+00 1.937e-01 1.174e+00 5.000e+00 6.408e+00 1.643e-01 1.174e+00
0.000e+00 5.576e+00 9.017e-05 1.222e+00 1.000e+00 5.744e+00 2.021e-03 1.222e+00 2.000e+00 5.907e+00 1.748e-02 1.222e+00 3.000e+00 6.064e+00 7.515e-02 1.222e+00 4.000e+00 6.215e+00 1.695e-01 1.222e+00 5.000e+00 6.360e+00 1.853e-01 1.222e+00
0.000e+00 5.527e+00 5.122e-05 1.271e+00 1.000e+00 5.696e+00 1.233e-03 1.271e+00 2.000e+00 5.858e+00 1.162e-02 1.271e+00 3.000e+00 6.015e+00 5.554e-02 1.271e+00 4.000e+00 6.166e+00 1.439e-01 1.271e+00 5.000e+00 6.311e+00 1.942e-01 1.271e+00
