# e- + H+ + LiH -> H + LiH+ + e-
# R_AD = 6 Angstrom
# Number of initial vibrational states: 3/29
# Number of final vibrational states: 7
# E_in [eV] | xs [Mb]
1.000e-02 3.166e+00 6.952e+00 7.194e+00
1.007e-02 3.145e+00 6.905e+00 7.145e+00
1.014e-02 3.123e+00 6.858e+00 7.096e+00
1.021e-02 3.102e+00 6.811e+00 7.047e+00
1.028e-02 3.081e+00 6.765e+00 6.999e+00
1.035e-02 3.060e+00 6.718e+00 6.952e+00
1.042e-02 3.039e+00 6.673e+00 6.904e+00
1.049e-02 3.018e+00 6.627e+00 6.857e+00
1.056e-02 2.997e+00 6.582e+00 6.810e+00
1.063e-02 2.977e+00 6.537e+00 6.764e+00
1.070e-02 2.957e+00 6.492e+00 6.718e+00
1.078e-02 2.937e+00 6.448e+00 6.672e+00
1.085e-02 2.917e+00 6.404e+00 6.626e+00
1.093e-02 2.897e+00 6.360e+00 6.581e+00
1.100e-02 2.877e+00 6.317e+00 6.536e+00
1.108e-02 2.857e+00 6.274e+00 6.492e+00
1.115e-02 2.838e+00 6.231e+00 6.447e+00
1.123e-02 2.818e+00 6.188e+00 6.403e+00
1.130e-02 2.799e+00 6.146e+00 6.360e+00
1.138e-02 2.780e+00 6.104e+00 6.316e+00
1.146e-02 2.761e+00 6.062e+00 6.273e+00
1.154e-02 2.742e+00 6.021e+00 6.230e+00
1.162e-02 2.723e+00 5.980e+00 6.188e+00
1.170e-02 2.705e+00 5.939e+00 6.146e+00
1.178e-02 2.686e+00 5.899e+00 6.104e+00
1.186e-02 2.668e+00 5.858e+00 6.062e+00
1.194e-02 2.650e+00 5.818e+00 6.021e+00
1.202e-02 2.632e+00 5.779e+00 5.979e+00
1.210e-02 2.614e+00 5.739e+00 5.939e+00
1.218e-02 2.596e+00 5.700e+00 5.898e+00
1.227e-02 2.578e+00 5.661e+00 5.858e+00
1.235e-02 2.561e+00 5.622e+00 5.818e+00
1.243e-02 2.543e+00 5.584e+00 5.778e+00
1.252e-02 2.526e+00 5.546e+00 5.739e+00
1.261e-02 2.509e+00 5.508e+00 5.699e+00
1.269e-02 2.491e+00 5.470e+00 5.661e+00
1.278e-02 2.474e+00 5.433e+00 5.622e+00
1.287e-02 2.457e+00 5.396e+00 5.583e+00
1.295e-02 2.441e+00 5.359e+00 5.545e+00
1.304e-02 2.424e+00 5.322e+00 5.507e+00
1.313e-02 2.407e+00 5.286e+00 5.470e+00
1.322e-02 2.391e+00 5.250e+00 5.432e+00
1.331e-02 2.375e+00 5.214e+00 5.395e+00
1.340e-02 2.358e+00 5.178e+00 5.359e+00
1.349e-02 2.342e+00 5.143e+00 5.322e+00
1.359e-02 2.326e+00 5.108e+00 5.286e+00
1.368e-02 2.310e+00 5.073e+00 5.249e+00
1.377e-02 2.295e+00 5.038e+00 5.214e+00
1.387e-02 2.279e+00 5.004e+00 5.178e+00
1.396e-02 2.263e+00 4.969e+00 5.143e+00
1.406e-02 2.248e+00 4.936e+00 5.107e+00
1.415e-02 2.233e+00 4.902e+00 5.072e+00
1.425e-02 2.217e+00 4.868e+00 5.038e+00
1.435e-02 2.202e+00 4.835e+00 5.003e+00
1.444e-02 2.187e+00 4.802e+00 4.969e+00
1.454e-02 2.172e+00 4.769e+00 4.935e+00
1.464e-02 2.157e+00 4.736e+00 4.901e+00
1.474e-02 2.143e+00 4.704e+00 4.868e+00
1.484e-02 2.128e+00 4.672e+00 4.835e+00
1.494e-02 2.113e+00 4.640e+00 4.802e+00
1.505e-02 2.099e+00 4.608e+00 4.769e+00
1.515e-02 2.085e+00 4.577e+00 4.736e+00
1.525e-02 2.070e+00 4.545e+00 4.704e+00
1.536e-02 2.056e+00 4.514e+00 4.672e+00
1.546e-02 2.042e+00 4.483e+00 4.640e+00
1.557e-02 2.028e+00 4.453e+00 4.608e+00
1.567e-02 2.014e+00 4.422e+00 4.576e+00
1.578e-02 2.000e+00 4.392e+00 4.545e+00
1.589e-02 1.987e+00 4.362e+00 4.514e+00
1.600e-02 1.973e+00 4.332e+00 4.483e+00
1.611e-02 1.960e+00 4.302e+00 4.453e+00
1.622e-02 1.946e+00 4.273e+00 4.422e+00
1.633e-02 1.933e+00 4.244e+00 4.392e+00
1.644e-02 1.920e+00 4.215e+00 4.362e+00
1.655e-02 1.907e+00 4.186e+00 4.332e+00
1.666e-02 1.894e+00 4.157e+00 4.302e+00
1.678e-02 1.881e+00 4.129e+00 4.273e+00
1.689e-02 1.868e+00 4.100e+00 4.244e+00
1.701e-02 1.855e+00 4.072e+00 4.215e+00
1.712e-02 1.842e+00 4.045e+00 4.186e+00
1.724e-02 1.830e+00 4.017e+00 4.157e+00
1.736e-02 1.817e+00 3.989e+00 4.129e+00
1.748e-02 1.805e+00 3.962e+00 4.100e+00
1.760e-02 1.792e+00 3.935e+00 4.072e+00
1.772e-02 1.780e+00 3.908e+00 4.044e+00
1.784e-02 1.768e+00 3.881e+00 4.017e+00
1.796e-02 1.756e+00 3.855e+00 3.989e+00
1.808e-02 1.744e+00 3.828e+00 3.962e+00
1.821e-02 1.732e+00 3.802e+00 3.935e+00
1.833e-02 1.720e+00 3.776e+00 3.908e+00
1.846e-02 1.708e+00 3.750e+00 3.881e+00
1.858e-02 1.696e+00 3.724e+00 3.854e+00
1.871e-02 1.685e+00 3.699e+00 3.828e+00
1.884e-02 1.673e+00 3.673e+00 3.802e+00
1.897e-02 1.662e+00 3.648e+00 3.776e+00
1.910e-02 1.650e+00 3.623e+00 3.750e+00
1.923e-02 1.639e+00 3.598e+00 3.724e+00
1.936e-02 1.628e+00 3.574e+00 3.699e+00
1.949e-02 1.617e+00 3.549e+00 3.673e+00
1.962e-02 1.606e+00 3.525e+00 3.648e+00
1.976e-02 1.595e+00 3.501e+00 3.623e+00
1.989e-02 1.584e+00 3.477e+00 3.598e+00
2.003e-02 1.573e+00 3.453e+00 3.574e+00
2.016e-02 1.562e+00 3.429e+00 3.549e+00
2.030e-02 1.551e+00 3.406e+00 3.525e+00
2.044e-02 1.541e+00 3.382e+00 3.501e+00
2.058e-02 1.530e+00 3.359e+00 3.477e+00
2.072e-02 1.520e+00 3.336e+00 3.453e+00
2.086e-02 1.509e+00 3.313e+00 3.429e+00
2.101e-02 1.499e+00 3.290e+00 3.406e+00
2.115e-02 1.489e+00 3.268e+00 3.382e+00
2.129e-02 1.478e+00 3.245e+00 3.359e+00
2.144e-02 1.468e+00 3.223e+00 3.336e+00
2.159e-02 1.458e+00 3.201e+00 3.313e+00
2.173e-02 1.448e+00 3.179e+00 3.290e+00
2.188e-02 1.438e+00 3.157e+00 3.268e+00
2.203e-02 1.428e+00 3.136e+00 3.245e+00
2.218e-02 1.419e+00 3.114e+00 3.223e+00
2.233e-02 1.409e+00 3.093e+00 3.201e+00
2.249e-02 1.399e+00 3.071e+00 3.179e+00
2.264e-02 1.390e+00 3.050e+00 3.157e+00
2.279e-02 1.380e+00 3.029e+00 3.136e+00
2.295e-02 1.371e+00 3.009e+00 3.114e+00
2.311e-02 1.361e+00 2.988e+00 3.093e+00
2.326e-02 1.352e+00 2.967e+00 3.071e+00
2.342e-02 1.343e+00 2.947e+00 3.050e+00
2.358e-02 1.333e+00 2.927e+00 3.029e+00
2.374e-02 1.324e+00 2.907e+00 3.009e+00
2.391e-02 1.315e+00 2.887e+00 2.988e+00
2.407e-02 1.306e+00 2.867e+00 2.967e+00
2.423e-02 1.297e+00 2.847e+00 2.947e+00
2.440e-02 1.288e+00 2.828e+00 2.927e+00
2.457e-02 1.279e+00 2.808e+00 2.907e+00
2.473e-02 1.271e+00 2.789e+00 2.887e+00
2.490e-02 1.262e+00 2.770e+00 2.867e+00
2.507e-02 1.253e+00 2.751e+00 2.847e+00
2.525e-02 1.245e+00 2.732e+00 2.828e+00
2.542e-02 1.236e+00 2.713e+00 2.808e+00
2.559e-02 1.227e+00 2.694e+00 2.789e+00
2.577e-02 1.219e+00 2.676e+00 2.770e+00
2.594e-02 1.211e+00 2.657e+00 2.751e+00
2.612e-02 1.202e+00 2.639e+00 2.732e+00
2.630e-02 1.194e+00 2.621e+00 2.713e+00
2.648e-02 1.186e+00 2.603e+00 2.694e+00
2.666e-02 1.178e+00 2.585e+00 2.676e+00
2.684e-02 1.170e+00 2.567e+00 2.657e+00
2.702e-02 1.162e+00 2.549e+00 2.639e+00
2.721e-02 1.154e+00 2.532e+00 2.621e+00
2.739e-02 1.146e+00 2.514e+00 2.603e+00
2.758e-02 1.138e+00 2.497e+00 2.585e+00
2.777e-02 1.130e+00 2.480e+00 2.567e+00
2.796e-02 1.122e+00 2.463e+00 2.550e+00
2.815e-02 1.114e+00 2.446e+00 2.532e+00
2.834e-02 1.107e+00 2.429e+00 2.515e+00
2.854e-02 1.099e+00 2.412e+00 2.497e+00
2.873e-02 1.092e+00 2.396e+00 2.480e+00
2.893e-02 1.084e+00 2.379e+00 2.463e+00
2.913e-02 1.077e+00 2.363e+00 2.446e+00
2.932e-02 1.069e+00 2.347e+00 2.429e+00
2.953e-02 1.062e+00 2.330e+00 2.413e+00
2.973e-02 1.054e+00 2.314e+00 2.396e+00
2.993e-02 1.047e+00 2.298e+00 2.379e+00
3.013e-02 1.040e+00 2.283e+00 2.363e+00
3.034e-02 1.033e+00 2.267e+00 2.347e+00
3.055e-02 1.026e+00 2.251e+00 2.331e+00
3.076e-02 1.019e+00 2.236e+00 2.314e+00
3.097e-02 1.012e+00 2.220e+00 2.299e+00
3.118e-02 1.005e+00 2.205e+00 2.283e+00
3.139e-02 9.977e-01 2.190e+00 2.267e+00
3.161e-02 9.908e-01 2.175e+00 2.251e+00
3.182e-02 9.840e-01 2.160e+00 2.236e+00
3.204e-02 9.772e-01 2.145e+00 2.220e+00
3.226e-02 9.705e-01 2.130e+00 2.205e+00
3.248e-02 9.638e-01 2.115e+00 2.190e+00
3.270e-02 9.571e-01 2.101e+00 2.175e+00
3.292e-02 9.505e-01 2.086e+00 2.160e+00
3.315e-02 9.440e-01 2.072e+00 2.145e+00
3.338e-02 9.375e-01 2.057e+00 2.130e+00
3.360e-02 9.310e-01 2.043e+00 2.115e+00
3.383e-02 9.246e-01 2.029e+00 2.101e+00
3.406e-02 9.182e-01 2.015e+00 2.086e+00
3.430e-02 9.119e-01 2.001e+00 2.072e+00
3.453e-02 9.056e-01 1.987e+00 2.058e+00
3.477e-02 8.993e-01 1.974e+00 2.043e+00
3.500e-02 8.931e-01 1.960e+00 2.029e+00
3.524e-02 8.869e-01 1.946e+00 2.015e+00
3.548e-02 8.808e-01 1.933e+00 2.001e+00
3.573e-02 8.747e-01 1.920e+00 1.988e+00
3.597e-02 8.687e-01 1.906e+00 1.974e+00
3.622e-02 8.627e-01 1.893e+00 1.960e+00
3.646e-02 8.567e-01 1.880e+00 1.947e+00
3.671e-02 8.508e-01 1.867e+00 1.933e+00
3.696e-02 8.449e-01 1.854e+00 1.920e+00
3.722e-02 8.391e-01 1.841e+00 1.907e+00
3.747e-02 8.333e-01 1.829e+00 1.893e+00
3.773e-02 8.275e-01 1.816e+00 1.880e+00
3.798e-02 8.218e-01 1.803e+00 1.867e+00
3.824e-02 8.161e-01 1.791e+00 1.854e+00
3.851e-02 8.104e-01 1.778e+00 1.841e+00
3.877e-02 8.048e-01 1.766e+00 1.829e+00
3.903e-02 7.993e-01 1.754e+00 1.816e+00
3.930e-02 7.937e-01 1.742e+00 1.804e+00
3.957e-02 7.882e-01 1.730e+00 1.791e+00
3.984e-02 7.828e-01 1.718e+00 1.779e+00
4.011e-02 7.774e-01 1.706e+00 1.766e+00
4.039e-02 7.720e-01 1.694e+00 1.754e+00
4.066e-02 7.666e-01 1.682e+00 1.742e+00
4.094e-02 7.613e-01 1.671e+00 1.730e+00
4.122e-02 7.561e-01 1.659e+00 1.718e+00
4.150e-02 7.508e-01 1.648e+00 1.706e+00
4.178e-02 7.456e-01 1.636e+00 1.694e+00
4.207e-02 7.404e-01 1.625e+00 1.682e+00
4.236e-02 7.353e-01 1.614e+00 1.671e+00
4.265e-02 7.302e-01 1.602e+00 1.659e+00
4.294e-02 7.252e-01 1.591e+00 1.648e+00
4.323e-02 7.201e-01 1.580e+00 1.636e+00
4.353e-02 7.151e-01 1.569e+00 1.625e+00
4.382e-02 7.102e-01 1.558e+00 1.614e+00
4.412e-02 7.052e-01 1.547e+00 1.602e+00
4.442e-02 7.004e-01 1.537e+00 1.591e+00
4.473e-02 6.955e-01 1.526e+00 1.580e+00
4.503e-02 6.907e-01 1.515e+00 1.569e+00
4.534e-02 6.859e-01 1.505e+00 1.558e+00
4.565e-02 6.811e-01 1.494e+00 1.548e+00
4.596e-02 6.764e-01 1.484e+00 1.537e+00
4.628e-02 6.717e-01 1.474e+00 1.526e+00
4.659e-02 6.670e-01 1.464e+00 1.516e+00
4.691e-02 6.624e-01 1.453e+00 1.505e+00
4.723e-02 6.578e-01 1.443e+00 1.495e+00
4.756e-02 6.532e-01 1.433e+00 1.484e+00
4.788e-02 6.487e-01 1.423e+00 1.474e+00
4.821e-02 6.442e-01 1.413e+00 1.464e+00
4.854e-02 6.397e-01 1.404e+00 1.454e+00
4.887e-02 6.352e-01 1.394e+00 1.443e+00
4.920e-02 6.308e-01 1.384e+00 1.433e+00
4.954e-02 6.264e-01 1.374e+00 1.423e+00
4.988e-02 6.221e-01 1.365e+00 1.414e+00
5.022e-02 6.177e-01 1.355e+00 1.404e+00
5.056e-02 6.134e-01 1.346e+00 1.394e+00
5.091e-02 6.092e-01 1.337e+00 1.384e+00
5.125e-02 6.049e-01 1.327e+00 1.375e+00
5.160e-02 6.007e-01 1.318e+00 1.365e+00
5.196e-02 5.965e-01 1.309e+00 1.355e+00
5.231e-02 5.924e-01 1.300e+00 1.346e+00
5.267e-02 5.883e-01 1.291e+00 1.337e+00
5.303e-02 5.842e-01 1.282e+00 1.327e+00
5.339e-02 5.801e-01 1.273e+00 1.318e+00
5.376e-02 5.760e-01 1.264e+00 1.309e+00
5.412e-02 5.720e-01 1.255e+00 1.300e+00
5.449e-02 5.680e-01 1.246e+00 1.291e+00
5.487e-02 5.641e-01 1.238e+00 1.282e+00
5.524e-02 5.601e-01 1.229e+00 1.273e+00
5.562e-02 5.562e-01 1.220e+00 1.264e+00
5.600e-02 5.524e-01 1.212e+00 1.255e+00
5.638e-02 5.485e-01 1.203e+00 1.246e+00
5.677e-02 5.447e-01 1.195e+00 1.238e+00
5.715e-02 5.409e-01 1.187e+00 1.229e+00
5.754e-02 5.371e-01 1.178e+00 1.220e+00
5.794e-02 5.333e-01 1.170e+00 1.212e+00
5.833e-02 5.296e-01 1.162e+00 1.203e+00
5.873e-02 5.259e-01 1.154e+00 1.195e+00
5.913e-02 5.222e-01 1.146e+00 1.187e+00
5.954e-02 5.186e-01 1.138e+00 1.178e+00
5.994e-02 5.150e-01 1.130e+00 1.170e+00
6.035e-02 5.114e-01 1.122e+00 1.162e+00
6.077e-02 5.078e-01 1.114e+00 1.154e+00
6.118e-02 5.042e-01 1.106e+00 1.146e+00
6.160e-02 5.007e-01 1.098e+00 1.138e+00
6.202e-02 4.972e-01 1.091e+00 1.130e+00
6.244e-02 4.937e-01 1.083e+00 1.122e+00
6.287e-02 4.903e-01 1.075e+00 1.114e+00
6.330e-02 4.868e-01 1.068e+00 1.106e+00
6.373e-02 4.834e-01 1.060e+00 1.098e+00
6.417e-02 4.800e-01 1.053e+00 1.091e+00
6.461e-02 4.767e-01 1.046e+00 1.083e+00
6.505e-02 4.733e-01 1.038e+00 1.076e+00
6.549e-02 4.700e-01 1.031e+00 1.068e+00
6.594e-02 4.667e-01 1.024e+00 1.061e+00
6.639e-02 4.634e-01 1.017e+00 1.053e+00
6.684e-02 4.602e-01 1.009e+00 1.046e+00
6.730e-02 4.570e-01 1.002e+00 1.038e+00
6.776e-02 4.538e-01 9.952e-01 1.031e+00
6.822e-02 4.506e-01 9.883e-01 1.024e+00
6.869e-02 4.474e-01 9.813e-01 1.017e+00
6.916e-02 4.443e-01 9.744e-01 1.010e+00
6.963e-02 4.411e-01 9.676e-01 1.002e+00
7.011e-02 4.380e-01 9.607e-01 9.954e-01
7.059e-02 4.350e-01 9.540e-01 9.884e-01
7.107e-02 4.319e-01 9.473e-01 9.815e-01
7.155e-02 4.289e-01 9.406e-01 9.746e-01
7.204e-02 4.259e-01 9.340e-01 9.677e-01
7.253e-02 4.229e-01 9.274e-01 9.609e-01
7.303e-02 4.199e-01 9.209e-01 9.541e-01
7.353e-02 4.169e-01 9.144e-01 9.474e-01
7.403e-02 4.140e-01 9.079e-01 9.408e-01
7.454e-02 4.111e-01 9.015e-01 9.341e-01
7.505e-02 4.082e-01 8.952e-01 9.276e-01
7.556e-02 4.053e-01 8.889e-01 9.210e-01
7.608e-02 4.025e-01 8.826e-01 9.145e-01
7.660e-02 3.996e-01 8.764e-01 9.081e-01
7.712e-02 3.968e-01 8.702e-01 9.017e-01
7.765e-02 3.940e-01 8.640e-01 8.953e-01
7.818e-02 3.912e-01 8.579e-01 8.890e-01
7.871e-02 3.885e-01 8.519e-01 8.827e-01
7.925e-02 3.857e-01 8.458e-01 8.765e-01
7.979e-02 3.830e-01 8.399e-01 8.703e-01
8.033e-02 3.803e-01 8.339e-01 8.642e-01
8.088e-02 3.776e-01 8.280e-01 8.581e-01
8.144e-02 3.749e-01 8.222e-01 8.520e-01
8.199e-02 3.723e-01 8.164e-01 8.460e-01
8.255e-02 3.697e-01 8.106e-01 8.400e-01
8.312e-02 3.670e-01 8.048e-01 8.341e-01
8.368e-02 3.644e-01 7.991e-01 8.282e-01
8.426e-02 3.619e-01 7.935e-01 8.223e-01
8.483e-02 3.593e-01 7.878e-01 8.165e-01
8.541e-02 3.568e-01 7.823e-01 8.107e-01
8.600e-02 3.542e-01 7.767e-01 8.050e-01
8.658e-02 3.517e-01 7.712e-01 7.993e-01
8.717e-02 3.492e-01 7.657e-01 7.936e-01
8.777e-02 3.468e-01 7.603e-01 7.880e-01
8.837e-02 3.443e-01 7.549e-01 7.824e-01
8.897e-02 3.419e-01 7.495e-01 7.769e-01
8.958e-02 3.394e-01 7.442e-01 7.714e-01
9.019e-02 3.370e-01 7.389e-01 7.659e-01
9.081e-02 3.346e-01 7.337e-01 7.605e-01
9.143e-02 3.323e-01 7.285e-01 7.551e-01
9.205e-02 3.299e-01 7.233e-01 7.497e-01
9.268e-02 3.276e-01 7.181e-01 7.444e-01
9.332e-02 3.252e-01 7.130e-01 7.391e-01
9.395e-02 3.229e-01 7.079e-01 7.338e-01
9.460e-02 3.206e-01 7.029e-01 7.286e-01
9.524e-02 3.183e-01 6.979e-01 7.234e-01
9.589e-02 3.161e-01 6.929e-01 7.183e-01
9.655e-02 3.138e-01 6.880e-01 7.132e-01
9.721e-02 3.116e-01 6.831e-01 7.081e-01
9.787e-02 3.094e-01 6.782e-01 7.031e-01
9.854e-02 3.072e-01 6.734e-01 6.981e-01
9.921e-02 3.050e-01 6.686e-01 6.931e-01
9.989e-02 3.028e-01 6.638e-01 6.881e-01
1.006e-01 3.006e-01 6.591e-01 6.832e-01
1.013e-01 2.985e-01 6.543e-01 6.784e-01
1.020e-01 2.964e-01 6.497e-01 6.735e-01
1.027e-01 2.942e-01 6.450e-01 6.687e-01
1.034e-01 2.921e-01 6.404e-01 6.640e-01
1.041e-01 2.900e-01 6.358e-01 6.592e-01
1.048e-01 2.880e-01 6.313e-01 6.545e-01
1.055e-01 2.859e-01 6.268e-01 6.498e-01
1.062e-01 2.839e-01 6.223e-01 6.452e-01
1.069e-01 2.818e-01 6.178e-01 6.406e-01
1.077e-01 2.798e-01 6.134e-01 6.360e-01
1.084e-01 2.778e-01 6.090e-01 6.314e-01
1.091e-01 2.758e-01 6.046e-01 6.269e-01
1.099e-01 2.738e-01 6.003e-01 6.224e-01
1.106e-01 2.719e-01 5.960e-01 6.180e-01
1.114e-01 2.699e-01 5.917e-01 6.135e-01
1.122e-01 2.680e-01 5.875e-01 6.091e-01
1.129e-01 2.660e-01 5.832e-01 6.048e-01
1.137e-01 2.641e-01 5.790e-01 6.004e-01
1.145e-01 2.622e-01 5.749e-01 5.961e-01
1.152e-01 2.603e-01 5.707e-01 5.919e-01
1.160e-01 2.585e-01 5.666e-01 5.876e-01
1.168e-01 2.566e-01 5.626e-01 5.834e-01
1.176e-01 2.547e-01 5.585e-01 5.792e-01
1.184e-01 2.529e-01 5.545e-01 5.750e-01
1.192e-01 2.511e-01 5.505e-01 5.709e-01
1.201e-01 2.493e-01 5.465e-01 5.668e-01
1.209e-01 2.475e-01 5.426e-01 5.627e-01
1.217e-01 2.457e-01 5.387e-01 5.587e-01
1.225e-01 2.439e-01 5.348e-01 5.546e-01
1.234e-01 2.421e-01 5.309e-01 5.506e-01
1.242e-01 2.404e-01 5.271e-01 5.467e-01
1.251e-01 2.386e-01 5.233e-01 5.427e-01
1.259e-01 2.369e-01 5.195e-01 5.388e-01
1.268e-01 2.352e-01 5.157e-01 5.349e-01
1.276e-01 2.335e-01 5.120e-01 5.311e-01
1.285e-01 2.318e-01 5.083e-01 5.272e-01
1.294e-01 2.301e-01 5.046e-01 5.234e-01
1.303e-01 2.284e-01 5.010e-01 5.196e-01
1.312e-01 2.268e-01 4.973e-01 5.159e-01
1.321e-01 2.251e-01 4.937e-01 5.121e-01
1.330e-01 2.235e-01 4.901e-01 5.084e-01
1.339e-01 2.219e-01 4.866e-01 5.047e-01
1.348e-01 2.203e-01 4.830e-01 5.011e-01
1.357e-01 2.187e-01 4.795e-01 4.975e-01
1.366e-01 2.171e-01 4.760e-01 4.938e-01
1.376e-01 2.155e-01 4.726e-01 4.903e-01
1.385e-01 2.139e-01 4.691e-01 4.867e-01
1.395e-01 2.124e-01 4.657e-01 4.832e-01
1.404e-01 2.108e-01 4.623e-01 4.797e-01
1.414e-01 2.093e-01 4.590e-01 4.762e-01
1.423e-01 2.077e-01 4.556e-01 4.727e-01
1.433e-01 2.062e-01 4.523e-01 4.693e-01
1.443e-01 2.047e-01 4.490e-01 4.659e-01
1.453e-01 2.032e-01 4.457e-01 4.625e-01
1.463e-01 2.017e-01 4.425e-01 4.591e-01
1.473e-01 2.003e-01 4.392e-01 4.557e-01
1.483e-01 1.988e-01 4.360e-01 4.524e-01
1.493e-01 1.973e-01 4.328e-01 4.491e-01
1.503e-01 1.959e-01 4.297e-01 4.457e-01
1.513e-01 1.945e-01 4.265e-01 4.425e-01
1.524e-01 1.930e-01 4.234e-01 4.392e-01
1.534e-01 1.916e-01 4.203e-01 4.360e-01
1.545e-01 1.902e-01 4.172e-01 4.327e-01
1.555e-01 1.888e-01 4.142e-01 4.295e-01
1.566e-01 1.874e-01 4.111e-01 4.264e-01
1.576e-01 1.861e-01 4.081e-01 4.232e-01
1.587e-01 1.847e-01 4.051e-01 4.201e-01
1.598e-01 1.833e-01 4.021e-01 4.170e-01
1.609e-01 1.820e-01 3.992e-01 4.139e-01
1.620e-01 1.807e-01 3.962e-01 4.108e-01
1.631e-01 1.793e-01 3.933e-01 4.078e-01
1.642e-01 1.780e-01 3.904e-01 4.047e-01
1.653e-01 1.767e-01 3.875e-01 4.017e-01
1.665e-01 1.754e-01 3.847e-01 3.987e-01
1.676e-01 1.741e-01 3.818e-01 3.958e-01
1.687e-01 1.728e-01 3.790e-01 3.928e-01
1.699e-01 1.715e-01 3.762e-01 3.899e-01
1.711e-01 1.703e-01 3.734e-01 3.870e-01
1.722e-01 1.690e-01 3.707e-01 3.841e-01
1.734e-01 1.678e-01 3.679e-01 3.813e-01
1.746e-01 1.665e-01 3.652e-01 3.784e-01
1.758e-01 1.653e-01 3.625e-01 3.756e-01
1.770e-01 1.641e-01 3.598e-01 3.728e-01
1.782e-01 1.629e-01 3.572e-01 3.700e-01
1.794e-01 1.616e-01 3.545e-01 3.672e-01
1.806e-01 1.604e-01 3.519e-01 3.645e-01
1.819e-01 1.593e-01 3.492e-01 3.617e-01
1.831e-01 1.581e-01 3.466e-01 3.590e-01
1.844e-01 1.569e-01 3.441e-01 3.563e-01
1.856e-01 1.557e-01 3.415e-01 3.537e-01
1.869e-01 1.546e-01 3.390e-01 3.510e-01
1.882e-01 1.534e-01 3.364e-01 3.484e-01
1.895e-01 1.523e-01 3.339e-01 3.457e-01
1.908e-01 1.511e-01 3.314e-01 3.431e-01
1.921e-01 1.500e-01 3.290e-01 3.406e-01
1.934e-01 1.489e-01 3.265e-01 3.380e-01
1.947e-01 1.478e-01 3.241e-01 3.354e-01
1.960e-01 1.467e-01 3.217e-01 3.329e-01
1.974e-01 1.456e-01 3.193e-01 3.304e-01
1.987e-01 1.445e-01 3.169e-01 3.279e-01
2.001e-01 1.434e-01 3.145e-01 3.254e-01
2.014e-01 1.423e-01 3.121e-01 3.230e-01
2.028e-01 1.413e-01 3.098e-01 3.205e-01
2.042e-01 1.402e-01 3.075e-01 3.181e-01
2.056e-01 1.392e-01 3.052e-01 3.157e-01
2.070e-01 1.381e-01 3.029e-01 3.133e-01
2.084e-01 1.371e-01 3.006e-01 3.109e-01
2.098e-01 1.360e-01 2.983e-01 3.085e-01
2.113e-01 1.350e-01 2.961e-01 3.062e-01
2.127e-01 1.340e-01 2.939e-01 3.039e-01
2.142e-01 1.330e-01 2.916e-01 3.015e-01
2.156e-01 1.320e-01 2.894e-01 2.992e-01
2.171e-01 1.310e-01 2.873e-01 2.970e-01
2.186e-01 1.300e-01 2.851e-01 2.947e-01
2.201e-01 1.290e-01 2.829e-01 2.924e-01
2.216e-01 1.280e-01 2.808e-01 2.902e-01
2.231e-01 1.271e-01 2.787e-01 2.880e-01
2.246e-01 1.261e-01 2.766e-01 2.858e-01
2.262e-01 1.252e-01 2.745e-01 2.836e-01
2.277e-01 1.242e-01 2.724e-01 2.814e-01
2.293e-01 1.233e-01 2.703e-01 2.792e-01
2.308e-01 1.223e-01 2.683e-01 2.771e-01
2.324e-01 1.214e-01 2.662e-01 2.750e-01
2.340e-01 1.205e-01 2.642e-01 2.729e-01
2.356e-01 1.196e-01 2.622e-01 2.708e-01
2.372e-01 1.186e-01 2.602e-01 2.687e-01
2.388e-01 1.177e-01 2.582e-01 2.666e-01
2.404e-01 1.168e-01 2.562e-01 2.645e-01
2.421e-01 1.159e-01 2.543e-01 2.625e-01
2.437e-01 1.151e-01 2.523e-01 2.605e-01
2.454e-01 1.142e-01 2.504e-01 2.584e-01
2.471e-01 1.133e-01 2.485e-01 2.564e-01
2.488e-01 1.124e-01 2.466e-01 2.545e-01
2.505e-01 1.116e-01 2.447e-01 2.525e-01
2.522e-01 1.107e-01 2.428e-01 2.505e-01
2.539e-01 1.099e-01 2.409e-01 2.486e-01
2.556e-01 1.090e-01 2.391e-01 2.466e-01
2.574e-01 1.082e-01 2.372e-01 2.447e-01
2.591e-01 1.073e-01 2.354e-01 2.428e-01
2.609e-01 1.065e-01 2.336e-01 2.409e-01
2.627e-01 1.057e-01 2.318e-01 2.390e-01
2.645e-01 1.049e-01 2.300e-01 2.372e-01
2.663e-01 1.041e-01 2.282e-01 2.353e-01
2.681e-01 1.033e-01 2.264e-01 2.335e-01
2.700e-01 1.025e-01 2.247e-01 2.316e-01
2.718e-01 1.017e-01 2.229e-01 2.298e-01
2.737e-01 1.009e-01 2.212e-01 2.280e-01
2.755e-01 1.001e-01 2.195e-01 2.262e-01
2.774e-01 9.933e-02 2.178e-01 2.244e-01
2.793e-01 9.856e-02 2.161e-01 2.227e-01
2.812e-01 9.779e-02 2.144e-01 2.209e-01
2.831e-01 9.703e-02 2.127e-01 2.192e-01
2.851e-01 9.627e-02 2.111e-01 2.174e-01
2.870e-01 9.552e-02 2.094e-01 2.157e-01
2.890e-01 9.478e-02 2.078e-01 2.140e-01
2.909e-01 9.404e-02 2.061e-01 2.123e-01
2.929e-01 9.331e-02 2.045e-01 2.106e-01
2.949e-01 9.258e-02 2.029e-01 2.090e-01
2.970e-01 9.186e-02 2.013e-01 2.073e-01
2.990e-01 9.114e-02 1.998e-01 2.057e-01
3.010e-01 9.043e-02 1.982e-01 2.041e-01
3.031e-01 8.972e-02 1.966e-01 2.025e-01
3.052e-01 8.902e-02 1.951e-01 2.009e-01
3.072e-01 8.832e-02 1.935e-01 1.993e-01
3.093e-01 8.762e-02 1.920e-01 1.977e-01
3.114e-01 8.693e-02 1.905e-01 1.961e-01
3.136e-01 8.625e-02 1.890e-01 1.946e-01
3.157e-01 8.557e-02 1.875e-01 1.931e-01
3.179e-01 8.490e-02 1.860e-01 1.915e-01
3.200e-01 8.423e-02 1.846e-01 1.900e-01
3.222e-01 8.356e-02 1.831e-01 1.885e-01
3.244e-01 8.290e-02 1.816e-01 1.870e-01
3.267e-01 8.224e-02 1.802e-01 1.855e-01
3.289e-01 8.159e-02 1.788e-01 1.840e-01
3.311e-01 8.094e-02 1.774e-01 1.826e-01
3.334e-01 8.030e-02 1.760e-01 1.811e-01
3.357e-01 7.966e-02 1.746e-01 1.797e-01
3.380e-01 7.903e-02 1.732e-01 1.782e-01
3.403e-01 7.840e-02 1.718e-01 1.768e-01
3.426e-01 7.778e-02 1.704e-01 1.754e-01
3.449e-01 7.716e-02 1.691e-01 1.740e-01
3.473e-01 7.654e-02 1.677e-01 1.726e-01
3.497e-01 7.593e-02 1.664e-01 1.712e-01
3.521e-01 7.532e-02 1.650e-01 1.698e-01
3.545e-01 7.472e-02 1.637e-01 1.684e-01
3.569e-01 7.412e-02 1.624e-01 1.671e-01
3.593e-01 7.352e-02 1.611e-01 1.657e-01
3.618e-01 7.293e-02 1.598e-01 1.644e-01
3.643e-01 7.234e-02 1.585e-01 1.631e-01
3.667e-01 7.176e-02 1.572e-01 1.617e-01
3.692e-01 7.118e-02 1.560e-01 1.604e-01
3.718e-01 7.061e-02 1.547e-01 1.591e-01
3.743e-01 7.004e-02 1.535e-01 1.578e-01
3.769e-01 6.947e-02 1.522e-01 1.565e-01
3.794e-01 6.891e-02 1.510e-01 1.553e-01
3.820e-01 6.835e-02 1.498e-01 1.540e-01
3.846e-01 6.779e-02 1.486e-01 1.527e-01
3.873e-01 6.724e-02 1.474e-01 1.515e-01
3.899e-01 6.670e-02 1.462e-01 1.503e-01
3.926e-01 6.616e-02 1.450e-01 1.490e-01
3.953e-01 6.562e-02 1.438e-01 1.478e-01
3.980e-01 6.508e-02 1.426e-01 1.466e-01
4.007e-01 6.455e-02 1.415e-01 1.454e-01
4.034e-01 6.403e-02 1.403e-01 1.442e-01
4.062e-01 6.350e-02 1.392e-01 1.430e-01
4.090e-01 6.298e-02 1.381e-01 1.418e-01
4.117e-01 6.247e-02 1.369e-01 1.406e-01
4.146e-01 6.196e-02 1.358e-01 1.395e-01
4.174e-01 6.145e-02 1.347e-01 1.383e-01
4.202e-01 6.094e-02 1.336e-01 1.372e-01
4.231e-01 6.044e-02 1.325e-01 1.360e-01
4.260e-01 5.994e-02 1.314e-01 1.349e-01
4.289e-01 5.945e-02 1.303e-01 1.338e-01
4.318e-01 5.896e-02 1.292e-01 1.327e-01
4.348e-01 5.848e-02 1.282e-01 1.316e-01
4.378e-01 5.800e-02 1.271e-01 1.305e-01
4.408e-01 5.752e-02 1.261e-01 1.294e-01
4.438e-01 5.705e-02 1.250e-01 1.283e-01
4.468e-01 5.658e-02 1.240e-01 1.272e-01
4.499e-01 5.611e-02 1.230e-01 1.261e-01
4.529e-01 5.565e-02 1.219e-01 1.251e-01
4.560e-01 5.519e-02 1.209e-01 1.240e-01
4.591e-01 5.473e-02 1.199e-01 1.230e-01
4.623e-01 5.427e-02 1.189e-01 1.220e-01
4.654e-01 5.382e-02 1.179e-01 1.209e-01
4.686e-01 5.338e-02 1.169e-01 1.199e-01
4.718e-01 5.293e-02 1.160e-01 1.189e-01
4.750e-01 5.249e-02 1.150e-01 1.179e-01
4.783e-01 5.205e-02 1.140e-01 1.169e-01
4.816e-01 5.162e-02 1.131e-01 1.159e-01
4.848e-01 5.118e-02 1.121e-01 1.149e-01
4.882e-01 5.075e-02 1.112e-01 1.140e-01
4.915e-01 5.033e-02 1.102e-01 1.130e-01
4.949e-01 4.990e-02 1.093e-01 1.120e-01
4.982e-01 4.948e-02 1.084e-01 1.111e-01
5.016e-01 4.907e-02 1.075e-01 1.101e-01
5.051e-01 4.865e-02 1.065e-01 1.092e-01
5.085e-01 4.824e-02 1.056e-01 1.083e-01
5.120e-01 4.783e-02 1.047e-01 1.073e-01
5.155e-01 4.743e-02 1.039e-01 1.064e-01
5.190e-01 4.703e-02 1.030e-01 1.055e-01
5.226e-01 4.663e-02 1.021e-01 1.046e-01
5.261e-01 4.623e-02 1.012e-01 1.037e-01
5.297e-01 4.584e-02 1.003e-01 1.028e-01
5.333e-01 4.545e-02 9.947e-02 1.019e-01
5.370e-01 4.506e-02 9.861e-02 1.010e-01
5.407e-01 4.468e-02 9.776e-02 1.001e-01
5.443e-01 4.430e-02 9.691e-02 9.928e-02
5.481e-01 4.392e-02 9.607e-02 9.841e-02
5.518e-01 4.355e-02 9.524e-02 9.756e-02
5.556e-01 4.318e-02 9.441e-02 9.670e-02
5.594e-01 4.281e-02 9.359e-02 9.586e-02
5.632e-01 4.244e-02 9.277e-02 9.502e-02
5.670e-01 4.208e-02 9.196e-02 9.419e-02
5.709e-01 4.171e-02 9.116e-02 9.336e-02
5.748e-01 4.135e-02 9.036e-02 9.254e-02
5.788e-01 4.099e-02 8.956e-02 9.173e-02
5.827e-01 4.063e-02 8.878e-02 9.092e-02
5.867e-01 4.027e-02 8.800e-02 9.011e-02
5.907e-01 3.991e-02 8.722e-02 8.932e-02
5.947e-01 3.956e-02 8.645e-02 8.853e-02
5.988e-01 3.920e-02 8.569e-02 8.774e-02
6.029e-01 3.886e-02 8.493e-02 8.695e-02
6.070e-01 3.851e-02 8.417e-02 8.617e-02
6.112e-01 3.816e-02 8.342e-02 8.540e-02
6.153e-01 3.782e-02 8.268e-02 8.464e-02
6.195e-01 3.748e-02 8.194e-02 8.387e-02
6.238e-01 3.715e-02 8.121e-02 8.312e-02
6.280e-01 3.681e-02 8.048e-02 8.237e-02
6.323e-01 3.648e-02 7.976e-02 8.162e-02
6.366e-01 3.615e-02 7.904e-02 8.088e-02
6.410e-01 3.582e-02 7.833e-02 8.015e-02
6.454e-01 3.550e-02 7.763e-02 7.942e-02
6.498e-01 3.518e-02 7.693e-02 7.870e-02
6.542e-01 3.486e-02 7.623e-02 7.798e-02
6.587e-01 3.454e-02 7.554e-02 7.727e-02
6.632e-01 3.423e-02 7.485e-02 7.656e-02
6.677e-01 3.392e-02 7.417e-02 7.586e-02
6.723e-01 3.361e-02 7.350e-02 7.516e-02
6.769e-01 3.330e-02 7.282e-02 7.447e-02
6.815e-01 3.300e-02 7.216e-02 7.378e-02
6.862e-01 3.270e-02 7.150e-02 7.310e-02
6.908e-01 3.240e-02 7.084e-02 7.242e-02
6.956e-01 3.210e-02 7.019e-02 7.175e-02
7.003e-01 3.180e-02 6.954e-02 7.108e-02
7.051e-01 3.151e-02 6.890e-02 7.042e-02
7.099e-01 3.123e-02 6.826e-02 6.977e-02
7.148e-01 3.095e-02 6.763e-02 6.911e-02
7.197e-01 3.067e-02 6.700e-02 6.847e-02
7.246e-01 3.039e-02 6.638e-02 6.782e-02
7.295e-01 3.012e-02 6.576e-02 6.719e-02
7.345e-01 2.985e-02 6.515e-02 6.655e-02
7.395e-01 2.958e-02 6.454e-02 6.592e-02
7.446e-01 2.931e-02 6.394e-02 6.530e-02
7.497e-01 2.904e-02 6.335e-02 6.468e-02
7.548e-01 2.878e-02 6.275e-02 6.408e-02
7.599e-01 2.851e-02 6.217e-02 6.347e-02
7.651e-01 2.825e-02 6.158e-02 6.287e-02
7.704e-01 2.799e-02 6.100e-02 6.227e-02
7.756e-01 2.774e-02 6.043e-02 6.168e-02
7.809e-01 2.748e-02 5.986e-02 6.109e-02
7.863e-01 2.723e-02 5.929e-02 6.051e-02
7.916e-01 2.698e-02 5.873e-02 5.993e-02
7.970e-01 2.672e-02 5.818e-02 5.936e-02
8.025e-01 2.647e-02 5.763e-02 5.879e-02
8.080e-01 2.622e-02 5.708e-02 5.822e-02
8.135e-01 2.597e-02 5.654e-02 5.766e-02
8.190e-01 2.573e-02 5.600e-02 5.711e-02
8.246e-01 2.548e-02 5.547e-02 5.655e-02
8.303e-01 2.524e-02 5.494e-02 5.600e-02
8.359e-01 2.500e-02 5.441e-02 5.546e-02
8.417e-01 2.476e-02 5.389e-02 5.492e-02
8.474e-01 2.452e-02 5.337e-02 5.438e-02
8.532e-01 2.428e-02 5.286e-02 5.385e-02
8.590e-01 2.405e-02 5.235e-02 5.332e-02
8.649e-01 2.381e-02 5.184e-02 5.280e-02
8.708e-01 2.358e-02 5.134e-02 5.228e-02
8.768e-01 2.335e-02 5.084e-02 5.176e-02
8.827e-01 2.312e-02 5.034e-02 5.125e-02
8.888e-01 2.289e-02 4.984e-02 5.075e-02
8.949e-01 2.267e-02 4.935e-02 5.024e-02
9.010e-01 2.244e-02 4.886e-02 4.974e-02
9.071e-01 2.222e-02 4.837e-02 4.925e-02
9.133e-01 2.200e-02 4.789e-02 4.876e-02
9.196e-01 2.178e-02 4.741e-02 4.827e-02
9.258e-01 2.156e-02 4.694e-02 4.779e-02
9.322e-01 2.135e-02 4.647e-02 4.731e-02
9.385e-01 2.114e-02 4.600e-02 4.684e-02
9.450e-01 2.093e-02 4.554e-02 4.636e-02
9.514e-01 2.072e-02 4.508e-02 4.590e-02
9.579e-01 2.052e-02 4.462e-02 4.543e-02
9.645e-01 2.031e-02 4.417e-02 4.497e-02
9.710e-01 2.011e-02 4.372e-02 4.452e-02
9.777e-01 1.991e-02 4.327e-02 4.406e-02
9.844e-01 1.971e-02 4.283e-02 4.361e-02
9.911e-01 1.951e-02 4.239e-02 4.317e-02
9.979e-01 1.932e-02 4.195e-02 4.272e-02
1.005e+00 1.912e-02 4.152e-02 4.229e-02
1.012e+00 1.892e-02 4.109e-02 4.185e-02
1.018e+00 1.873e-02 4.068e-02 4.142e-02
1.025e+00 1.854e-02 4.026e-02 4.099e-02
1.032e+00 1.835e-02 3.985e-02 4.056e-02
1.039e+00 1.816e-02 3.944e-02 4.014e-02
1.047e+00 1.797e-02 3.904e-02 3.972e-02
1.054e+00 1.779e-02 3.864e-02 3.931e-02
1.061e+00 1.761e-02 3.824e-02 3.889e-02
1.068e+00 1.742e-02 3.785e-02 3.848e-02
1.075e+00 1.724e-02 3.746e-02 3.808e-02
1.083e+00 1.706e-02 3.707e-02 3.768e-02
1.090e+00 1.688e-02 3.669e-02 3.728e-02
1.098e+00 1.671e-02 3.630e-02 3.688e-02
1.105e+00 1.653e-02 3.593e-02 3.649e-02
1.113e+00 1.636e-02 3.555e-02 3.610e-02
1.120e+00 1.618e-02 3.518e-02 3.571e-02
1.128e+00 1.601e-02 3.481e-02 3.532e-02
1.136e+00 1.584e-02 3.445e-02 3.494e-02
1.143e+00 1.567e-02 3.408e-02 3.457e-02
1.151e+00 1.550e-02 3.372e-02 3.419e-02
1.159e+00 1.534e-02 3.336e-02 3.382e-02
1.167e+00 1.517e-02 3.300e-02 3.345e-02
1.175e+00 1.501e-02 3.264e-02 3.309e-02
1.183e+00 1.484e-02 3.229e-02 3.272e-02
1.191e+00 1.468e-02 3.193e-02 3.236e-02
1.199e+00 1.452e-02 3.159e-02 3.201e-02
1.207e+00 1.437e-02 3.124e-02 3.165e-02
1.216e+00 1.421e-02 3.090e-02 3.130e-02
1.224e+00 1.405e-02 3.055e-02 3.095e-02
1.232e+00 1.390e-02 3.021e-02 3.061e-02
1.241e+00 1.375e-02 2.988e-02 3.027e-02
1.249e+00 1.360e-02 2.955e-02 2.993e-02
1.258e+00 1.345e-02 2.922e-02 2.959e-02
1.266e+00 1.330e-02 2.889e-02 2.926e-02
1.275e+00 1.316e-02 2.856e-02 2.893e-02
1.284e+00 1.301e-02 2.824e-02 2.860e-02
1.293e+00 1.287e-02 2.792e-02 2.827e-02
1.301e+00 1.273e-02 2.761e-02 2.795e-02
1.310e+00 1.259e-02 2.730e-02 2.763e-02
1.319e+00 1.245e-02 2.699e-02 2.732e-02
1.328e+00 1.231e-02 2.669e-02 2.700e-02
1.337e+00 1.217e-02 2.638e-02 2.669e-02
1.346e+00 1.204e-02 2.608e-02 2.638e-02
1.356e+00 1.190e-02 2.578e-02 2.608e-02
1.365e+00 1.177e-02 2.548e-02 2.578e-02
1.374e+00 1.163e-02 2.519e-02 2.549e-02
1.384e+00 1.150e-02 2.489e-02 2.520e-02
1.393e+00 1.137e-02 2.460e-02 2.491e-02
1.403e+00 1.124e-02 2.431e-02 2.462e-02
1.412e+00 1.112e-02 2.403e-02 2.433e-02
1.422e+00 1.099e-02 2.374e-02 2.405e-02
1.432e+00 1.086e-02 2.346e-02 2.377e-02
1.441e+00 1.074e-02 2.318e-02 2.349e-02
1.451e+00 1.062e-02 2.291e-02 2.322e-02
1.461e+00 1.050e-02 2.263e-02 2.295e-02
1.471e+00 1.038e-02 2.236e-02 2.268e-02
1.481e+00 1.026e-02 2.210e-02 2.241e-02
1.491e+00 1.014e-02 2.183e-02 2.214e-02
1.501e+00 1.002e-02 2.157e-02 2.188e-02
1.512e+00 9.905e-03 2.132e-02 2.162e-02
1.522e+00 9.791e-03 2.107e-02 2.135e-02
1.532e+00 9.678e-03 2.082e-02 2.110e-02
1.543e+00 9.565e-03 2.057e-02 2.084e-02
1.553e+00 9.454e-03 2.032e-02 2.059e-02
1.564e+00 9.344e-03 2.008e-02 2.033e-02
1.575e+00 9.235e-03 1.984e-02 2.008e-02
1.585e+00 9.126e-03 1.961e-02 1.984e-02
1.596e+00 9.019e-03 1.937e-02 1.959e-02
1.607e+00 8.912e-03 1.914e-02 1.935e-02
1.618e+00 8.807e-03 1.891e-02 1.911e-02
1.629e+00 8.702e-03 1.868e-02 1.887e-02
1.640e+00 8.599e-03 1.845e-02 1.864e-02
1.652e+00 8.496e-03 1.823e-02 1.840e-02
1.663e+00 8.394e-03 1.800e-02 1.817e-02
1.674e+00 8.293e-03 1.778e-02 1.795e-02
1.686e+00 8.192e-03 1.756e-02 1.773e-02
1.697e+00 8.092e-03 1.735e-02 1.750e-02
1.709e+00 7.993e-03 1.713e-02 1.728e-02
1.720e+00 7.895e-03 1.692e-02 1.707e-02
1.732e+00 7.797e-03 1.671e-02 1.685e-02
1.744e+00 7.701e-03 1.650e-02 1.664e-02
1.756e+00 7.605e-03 1.629e-02 1.643e-02
1.768e+00 7.511e-03 1.608e-02 1.622e-02
1.780e+00 7.415e-03 1.588e-02 1.601e-02
1.792e+00 7.321e-03 1.568e-02 1.580e-02
1.804e+00 7.228e-03 1.547e-02 1.560e-02
1.817e+00 7.135e-03 1.527e-02 1.540e-02
1.829e+00 7.043e-03 1.507e-02 1.521e-02
1.842e+00 6.952e-03 1.487e-02 1.501e-02
1.854e+00 6.862e-03 1.468e-02 1.482e-02
1.867e+00 6.773e-03 1.449e-02 1.463e-02
1.880e+00 6.685e-03 1.430e-02 1.444e-02
1.893e+00 6.598e-03 1.411e-02 1.426e-02
1.905e+00 6.511e-03 1.393e-02 1.407e-02
1.918e+00 6.427e-03 1.374e-02 1.389e-02
1.932e+00 6.343e-03 1.356e-02 1.371e-02
1.945e+00 6.261e-03 1.338e-02 1.353e-02
1.958e+00 6.179e-03 1.321e-02 1.335e-02
1.971e+00 6.099e-03 1.303e-02 1.317e-02
1.985e+00 6.019e-03 1.286e-02 1.299e-02
1.998e+00 5.940e-03 1.269e-02 1.281e-02
2.012e+00 5.862e-03 1.252e-02 1.264e-02
2.026e+00 5.784e-03 1.235e-02 1.247e-02
2.040e+00 5.707e-03 1.218e-02 1.230e-02
2.054e+00 5.631e-03 1.201e-02 1.213e-02
2.068e+00 5.556e-03 1.185e-02 1.196e-02
2.082e+00 5.481e-03 1.169e-02 1.179e-02
2.096e+00 5.407e-03 1.153e-02 1.163e-02
2.110e+00 5.333e-03 1.137e-02 1.147e-02
2.125e+00 5.259e-03 1.121e-02 1.131e-02
2.139e+00 5.185e-03 1.105e-02 1.115e-02
2.154e+00 5.111e-03 1.090e-02 1.100e-02
2.169e+00 5.039e-03 1.075e-02 1.084e-02
2.183e+00 4.967e-03 1.060e-02 1.069e-02
2.198e+00 4.896e-03 1.046e-02 1.054e-02
2.213e+00 4.827e-03 1.031e-02 1.039e-02
2.229e+00 4.759e-03 1.017e-02 1.025e-02
2.244e+00 4.693e-03 1.003e-02 1.010e-02
2.259e+00 4.629e-03 9.885e-03 9.958e-03
2.275e+00 4.567e-03 9.746e-03 9.816e-03
2.290e+00 4.504e-03 9.607e-03 9.676e-03
2.306e+00 4.443e-03 9.469e-03 9.538e-03
2.321e+00 4.382e-03 9.333e-03 9.400e-03
2.337e+00 4.322e-03 9.198e-03 9.265e-03
2.353e+00 4.262e-03 9.065e-03 9.130e-03
2.369e+00 4.201e-03 8.932e-03 8.997e-03
2.386e+00 4.141e-03 8.801e-03 8.866e-03
2.402e+00 4.081e-03 8.671e-03 8.736e-03
2.418e+00 4.021e-03 8.543e-03 8.611e-03
2.435e+00 3.963e-03 8.417e-03 8.488e-03
2.451e+00 3.905e-03 8.292e-03 8.367e-03
2.468e+00 3.848e-03 8.168e-03 8.247e-03
2.485e+00 3.794e-03 8.046e-03 8.128e-03
2.502e+00 3.740e-03 7.927e-03 8.010e-03
2.519e+00 3.686e-03 7.809e-03 7.894e-03
2.536e+00 3.633e-03 7.693e-03 7.778e-03
2.554e+00 3.580e-03 7.579e-03 7.665e-03
2.571e+00 3.528e-03 7.467e-03 7.549e-03
2.589e+00 3.476e-03 7.357e-03 7.434e-03
2.606e+00 3.425e-03 7.248e-03 7.321e-03
2.624e+00 3.374e-03 7.141e-03 7.209e-03
2.642e+00 3.325e-03 7.034e-03 7.098e-03
2.660e+00 3.275e-03 6.927e-03 6.989e-03
2.678e+00 3.226e-03 6.821e-03 6.881e-03
2.697e+00 3.178e-03 6.716e-03 6.774e-03
2.715e+00 3.130e-03 6.612e-03 6.669e-03
2.734e+00 3.083e-03 6.510e-03 6.567e-03
2.752e+00 3.035e-03 6.409e-03 6.466e-03
2.771e+00 2.987e-03 6.309e-03 6.366e-03
2.790e+00 2.940e-03 6.212e-03 6.267e-03
2.809e+00 2.893e-03 6.115e-03 6.169e-03
2.828e+00 2.847e-03 6.020e-03 6.072e-03
2.848e+00 2.802e-03 5.926e-03 5.976e-03
2.867e+00 2.757e-03 5.833e-03 5.883e-03
2.887e+00 2.713e-03 5.741e-03 5.791e-03
2.906e+00 2.669e-03 5.650e-03 5.701e-03
2.926e+00 2.627e-03 5.560e-03 5.611e-03
2.946e+00 2.585e-03 5.471e-03 5.523e-03
2.966e+00 2.544e-03 5.384e-03 5.436e-03
2.987e+00 2.503e-03 5.298e-03 5.349e-03
3.007e+00 2.463e-03 5.213e-03 5.264e-03
3.028e+00 2.423e-03 5.130e-03 5.179e-03
3.048e+00 2.384e-03 5.047e-03 5.095e-03
3.069e+00 2.346e-03 4.965e-03 5.011e-03
3.090e+00 2.308e-03 4.885e-03 4.929e-03
3.111e+00 2.271e-03 4.806e-03 4.847e-03
3.132e+00 2.234e-03 4.729e-03 4.767e-03
3.154e+00 2.198e-03 4.652e-03 4.687e-03
3.175e+00 2.162e-03 4.577e-03 4.612e-03
3.197e+00 2.127e-03 4.502e-03 4.538e-03
3.219e+00 2.093e-03 4.429e-03 4.465e-03
3.241e+00 2.059e-03 4.356e-03 4.393e-03
3.263e+00 2.025e-03 4.284e-03 4.321e-03
3.285e+00 1.992e-03 4.212e-03 4.251e-03
3.308e+00 1.960e-03 4.142e-03 4.181e-03
3.330e+00 1.928e-03 4.072e-03 4.110e-03
3.353e+00 1.896e-03 4.003e-03 4.041e-03
3.376e+00 1.865e-03 3.934e-03 3.972e-03
3.399e+00 1.834e-03 3.867e-03 3.903e-03
3.422e+00 1.803e-03 3.801e-03 3.836e-03
3.446e+00 1.773e-03 3.735e-03 3.770e-03
3.469e+00 1.742e-03 3.670e-03 3.704e-03
3.493e+00 1.711e-03 3.607e-03 3.639e-03
3.517e+00 1.681e-03 3.545e-03 3.575e-03
3.541e+00 1.651e-03 3.484e-03 3.512e-03
3.565e+00 1.622e-03 3.423e-03 3.450e-03
3.589e+00 1.594e-03 3.364e-03 3.389e-03
3.614e+00 1.566e-03 3.305e-03 3.327e-03
3.639e+00 1.539e-03 3.246e-03 3.264e-03
3.663e+00 1.512e-03 3.188e-03 3.202e-03
3.688e+00 1.486e-03 3.132e-03 3.140e-03
3.714e+00 1.460e-03 3.077e-03 3.079e-03
3.739e+00 1.435e-03 3.023e-03 3.020e-03
3.765e+00 1.410e-03 2.969e-03 2.961e-03
3.790e+00 1.385e-03 2.916e-03 2.907e-03
3.816e+00 1.360e-03 2.862e-03 2.853e-03
3.842e+00 1.336e-03 2.809e-03 2.800e-03
3.869e+00 1.311e-03 2.756e-03 2.747e-03
3.895e+00 1.287e-03 2.703e-03 2.695e-03
3.922e+00 1.263e-03 2.653e-03 2.645e-03
3.948e+00 1.240e-03 2.603e-03 2.595e-03
3.975e+00 1.218e-03 2.553e-03 2.546e-03
4.003e+00 1.195e-03 2.505e-03 2.498e-03
4.030e+00 1.174e-03 2.457e-03 2.450e-03
4.057e+00 1.152e-03 2.409e-03 2.403e-03
4.085e+00 1.131e-03 2.362e-03 2.357e-03
4.113e+00 1.110e-03 2.317e-03 2.312e-03
4.141e+00 1.089e-03 2.273e-03 2.267e-03
4.169e+00 1.068e-03 2.229e-03 2.222e-03
4.198e+00 1.047e-03 2.186e-03 2.178e-03
4.227e+00 1.026e-03 2.144e-03 2.136e-03
4.255e+00 1.005e-03 2.102e-03 2.095e-03
4.285e+00 9.844e-04 2.060e-03 2.054e-03
4.314e+00 9.654e-04 2.019e-03 2.015e-03
4.343e+00 9.468e-04 1.978e-03 1.975e-03
4.373e+00 9.286e-04 1.938e-03 1.936e-03
4.403e+00 9.106e-04 1.899e-03 1.897e-03
4.433e+00 8.928e-04 1.861e-03 1.858e-03
4.463e+00 8.752e-04 1.824e-03 1.819e-03
4.494e+00 8.583e-04 1.787e-03 1.782e-03
4.524e+00 8.416e-04 1.751e-03 1.745e-03
4.555e+00 8.251e-04 1.716e-03 1.710e-03
4.586e+00 8.090e-04 1.681e-03 1.675e-03
4.618e+00 7.932e-04 1.646e-03 1.641e-03
4.649e+00 7.777e-04 1.613e-03 1.607e-03
4.681e+00 7.625e-04 1.579e-03 1.574e-03
4.713e+00 7.473e-04 1.546e-03 1.542e-03
4.745e+00 7.322e-04 1.513e-03 1.510e-03
4.778e+00 7.169e-04 1.481e-03 1.478e-03
4.810e+00 7.020e-04 1.450e-03 1.447e-03
4.843e+00 6.874e-04 1.420e-03 1.416e-03
4.876e+00 6.734e-04 1.390e-03 1.386e-03
4.910e+00 6.594e-04 1.361e-03 1.355e-03
4.943e+00 6.456e-04 1.333e-03 1.326e-03
4.977e+00 6.320e-04 1.305e-03 1.296e-03
5.011e+00 6.186e-04 1.278e-03 1.268e-03
5.045e+00 6.056e-04 1.251e-03 1.240e-03
5.080e+00 5.929e-04 1.223e-03 1.212e-03
5.114e+00 5.804e-04 1.197e-03 1.184e-03
5.149e+00 5.681e-04 1.170e-03 1.158e-03
5.185e+00 5.564e-04 1.144e-03 1.133e-03
5.220e+00 5.449e-04 1.119e-03 1.107e-03
5.256e+00 5.336e-04 1.094e-03 1.082e-03
5.292e+00 5.222e-04 1.069e-03 1.058e-03
5.328e+00 5.105e-04 1.046e-03 1.035e-03
5.364e+00 4.988e-04 1.022e-03 1.011e-03
5.401e+00 4.873e-04 9.983e-04 9.886e-04
5.438e+00 4.760e-04 9.752e-04 9.659e-04
5.475e+00 4.651e-04 9.524e-04 9.433e-04
5.512e+00 4.544e-04 9.303e-04 9.210e-04
5.550e+00 4.442e-04 9.086e-04 8.992e-04
5.588e+00 4.343e-04 8.874e-04 8.778e-04
5.626e+00 4.247e-04 8.667e-04 8.567e-04
5.664e+00 4.153e-04 8.460e-04 8.361e-04
5.703e+00 4.059e-04 8.257e-04 8.157e-04
5.742e+00 3.966e-04 8.055e-04 7.962e-04
5.781e+00 3.876e-04 7.861e-04 7.772e-04
5.821e+00 3.785e-04 7.674e-04 7.586e-04
5.861e+00 3.694e-04 7.490e-04 7.403e-04
5.901e+00 3.606e-04 7.312e-04 7.221e-04
5.941e+00 3.520e-04 7.134e-04 7.042e-04
5.982e+00 3.436e-04 6.959e-04 6.866e-04
6.022e+00 3.353e-04 6.789e-04 6.694e-04
6.064e+00 3.271e-04 6.621e-04 6.530e-04
6.105e+00 3.190e-04 6.455e-04 6.368e-04
6.147e+00 3.113e-04 6.292e-04 6.210e-04
6.189e+00 3.036e-04 6.132e-04 6.053e-04
6.231e+00 2.961e-04 5.977e-04 5.897e-04
6.274e+00 2.885e-04 5.825e-04 5.745e-04
6.316e+00 2.812e-04 5.674e-04 5.595e-04
6.360e+00 2.740e-04 5.526e-04 5.446e-04
6.403e+00 2.672e-04 5.381e-04 5.299e-04
6.447e+00 2.606e-04 5.241e-04 5.155e-04
6.491e+00 2.542e-04 5.105e-04 5.018e-04
6.535e+00 2.478e-04 4.970e-04 4.888e-04
6.580e+00 2.414e-04 4.838e-04 4.760e-04
6.625e+00 2.353e-04 4.708e-04 4.635e-04
6.670e+00 2.291e-04 4.583e-04 4.508e-04
6.716e+00 2.230e-04 4.461e-04 4.383e-04
6.761e+00 2.170e-04 4.341e-04 4.260e-04
6.808e+00 2.111e-04 4.223e-04 4.141e-04
6.854e+00 2.053e-04 4.105e-04 4.024e-04
6.901e+00 1.995e-04 3.989e-04 3.909e-04
6.948e+00 1.938e-04 3.874e-04 3.798e-04
6.996e+00 1.883e-04 3.764e-04 3.690e-04
7.043e+00 1.830e-04 3.656e-04 3.584e-04
7.092e+00 1.779e-04 3.551e-04 3.481e-04
7.140e+00 1.730e-04 3.447e-04 3.379e-04
7.189e+00 1.682e-04 3.345e-04 3.280e-04
7.238e+00 1.634e-04 3.246e-04 3.182e-04
7.287e+00 1.587e-04 3.150e-04 3.084e-04
7.337e+00 1.542e-04 3.058e-04 2.989e-04
7.387e+00 1.497e-04 2.968e-04 2.897e-04
7.438e+00 1.453e-04 2.877e-04 2.810e-04
7.489e+00 1.411e-04 2.791e-04 2.725e-04
7.540e+00 1.369e-04 2.707e-04 2.641e-04
7.591e+00 1.328e-04 2.625e-04 2.556e-04
7.643e+00 1.288e-04 2.544e-04 2.474e-04
7.695e+00 1.248e-04 2.463e-04 2.393e-04
7.748e+00 1.210e-04 2.384e-04 2.316e-04
7.801e+00 1.173e-04 2.308e-04 2.241e-04
7.854e+00 1.135e-04 2.233e-04 2.167e-04
7.908e+00 1.100e-04 2.159e-04 2.093e-04
7.962e+00 1.067e-04 2.087e-04 2.021e-04
8.016e+00 1.036e-04 2.016e-04 1.953e-04
8.071e+00 1.002e-04 1.948e-04 1.886e-04
8.126e+00 9.694e-05 1.881e-04 1.821e-04
8.182e+00 9.383e-05 1.816e-04 1.758e-04
8.238e+00 9.084e-05 1.753e-04 1.697e-04
8.294e+00 8.786e-05 nan nan
8.351e+00 nan nan nan
8.408e+00 nan nan nan
8.465e+00 nan nan nan
8.523e+00 nan nan nan
8.581e+00 nan nan nan
8.640e+00 nan nan nan
8.699e+00 nan nan nan
8.758e+00 nan nan nan
8.818e+00 nan nan nan
8.878e+00 nan nan nan
8.939e+00 nan nan nan
9.000e+00 nan nan nan
