# e- + H+ + LiH -> H + LiH+ + e-
# ICEC electron spectrum at E_in = 1 eV
# R = 3.952 Angstrom
# Number of initial vibrational states: 8
# Dissociative states of D+: Max energy = 2.0 eV, Box length = 8 Angstrom
# | vD, diss_energy [eV], E_out [eV], xs [Mb] |
0.000e+00 1.769e-03 6.796e+00 4.006e+00 1.000e+00 1.769e-03 6.965e+00 5.468e+00 2.000e+00 1.769e-03 7.128e+00 1.589e+00 3.000e+00 1.769e-03 7.284e+00 2.351e-01 4.000e+00 1.769e-03 7.435e+00 3.278e+00 5.000e+00 1.769e-03 7.580e+00 3.933e+00 6.000e+00 1.769e-03 7.720e+00 9.631e-01 7.000e+00 1.769e-03 7.853e+00 3.533e-01
0.000e+00 6.607e-03 6.792e+00 4.822e+00 1.000e+00 6.607e-03 6.960e+00 6.220e+00 2.000e+00 6.607e-03 7.123e+00 1.532e+00 3.000e+00 6.607e-03 7.279e+00 4.558e-01 4.000e+00 6.607e-03 7.430e+00 4.090e+00 5.000e+00 6.607e-03 7.576e+00 4.185e+00 6.000e+00 6.607e-03 7.715e+00 6.700e-01 7.000e+00 6.607e-03 7.848e+00 8.285e-01
0.000e+00 1.334e-02 6.785e+00 5.243e+00 1.000e+00 1.334e-02 6.953e+00 6.237e+00 2.000e+00 1.334e-02 7.116e+00 1.182e+00 3.000e+00 1.334e-02 7.273e+00 7.968e-01 4.000e+00 1.334e-02 7.424e+00 4.555e+00 5.000e+00 1.334e-02 7.569e+00 3.710e+00 6.000e+00 1.334e-02 7.708e+00 2.400e-01 7.000e+00 1.334e-02 7.842e+00 1.617e+00
0.000e+00 2.164e-02 6.776e+00 5.610e+00 1.000e+00 2.164e-02 6.945e+00 6.014e+00 2.000e+00 2.164e-02 7.108e+00 7.682e-01 3.000e+00 2.164e-02 7.264e+00 1.286e+00 4.000e+00 2.164e-02 7.415e+00 4.841e+00 5.000e+00 2.164e-02 7.561e+00 2.908e+00 6.000e+00 2.164e-02 7.700e+00 4.760e-03 7.000e+00 2.164e-02 7.833e+00 2.686e+00
0.000e+00 3.136e-02 6.767e+00 5.966e+00 1.000e+00 3.136e-02 6.935e+00 5.625e+00 2.000e+00 3.136e-02 7.098e+00 3.850e-01 3.000e+00 3.136e-02 7.255e+00 1.913e+00 4.000e+00 3.136e-02 7.406e+00 4.879e+00 5.000e+00 3.136e-02 7.551e+00 1.933e+00 6.000e+00 3.136e-02 7.690e+00 1.667e-01 7.000e+00 3.136e-02 7.823e+00 3.825e+00
0.000e+00 4.240e-02 6.756e+00 6.313e+00 1.000e+00 4.240e-02 6.924e+00 5.097e+00 2.000e+00 4.240e-02 7.087e+00 1.080e-01 3.000e+00 4.240e-02 7.244e+00 2.628e+00 4.000e+00 4.240e-02 7.395e+00 4.597e+00 5.000e+00 4.240e-02 7.540e+00 9.768e-01 6.000e+00 4.240e-02 7.679e+00 8.132e-01 7.000e+00 4.240e-02 7.812e+00 4.683e+00
0.000e+00 5.470e-02 6.743e+00 6.645e+00 1.000e+00 5.470e-02 6.912e+00 4.451e+00 2.000e+00 5.470e-02 7.075e+00 1.036e-04 3.000e+00 5.470e-02 7.231e+00 3.344e+00 4.000e+00 5.470e-02 7.382e+00 3.971e+00 5.000e+00 5.470e-02 7.527e+00 2.640e-01 6.000e+00 5.470e-02 7.667e+00 1.859e+00 7.000e+00 5.470e-02 7.800e+00 4.890e+00
0.000e+00 6.821e-02 6.730e+00 6.948e+00 1.000e+00 6.821e-02 6.898e+00 3.716e+00 2.000e+00 6.821e-02 7.061e+00 1.051e-01 3.000e+00 6.821e-02 7.218e+00 3.949e+00 4.000e+00 6.821e-02 7.369e+00 3.054e+00 5.000e+00 6.821e-02 7.514e+00 5.858e-05 6.000e+00 6.821e-02 7.653e+00 3.033e+00 7.000e+00 6.821e-02 7.787e+00 4.251e+00
0.000e+00 8.289e-02 6.715e+00 7.208e+00 1.000e+00 8.289e-02 6.884e+00 2.931e+00 2.000e+00 8.289e-02 7.046e+00 4.390e-01 3.000e+00 8.289e-02 7.203e+00 4.323e+00 4.000e+00 8.289e-02 7.354e+00 1.989e+00 5.000e+00 8.289e-02 7.499e+00 2.921e-01 6.000e+00 8.289e-02 7.639e+00 3.943e+00 7.000e+00 8.289e-02 7.772e+00 2.904e+00
0.000e+00 9.870e-02 6.699e+00 7.410e+00 1.000e+00 9.870e-02 6.868e+00 2.144e+00 2.000e+00 9.870e-02 7.031e+00 9.825e-01 3.000e+00 9.870e-02 7.187e+00 4.369e+00 4.000e+00 9.870e-02 7.338e+00 9.817e-01 5.000e+00 9.870e-02 7.483e+00 1.085e+00 6.000e+00 9.870e-02 7.623e+00 4.224e+00 7.000e+00 9.870e-02 7.756e+00 1.344e+00
0.000e+00 1.156e-01 6.683e+00 7.538e+00 1.000e+00 1.156e-01 6.851e+00 1.409e+00 2.000e+00 1.156e-01 7.014e+00 1.679e+00 3.000e+00 1.156e-01 7.170e+00 4.043e+00 4.000e+00 1.156e-01 7.321e+00 2.597e-01 5.000e+00 1.156e-01 7.467e+00 2.146e+00 6.000e+00 1.156e-01 7.606e+00 3.714e+00 7.000e+00 1.156e-01 7.739e+00 2.305e-01
0.000e+00 1.336e-01 6.664e+00 7.579e+00 1.000e+00 1.336e-01 6.833e+00 7.823e-01 2.000e+00 1.336e-01 6.996e+00 2.440e+00 3.000e+00 1.336e-01 7.152e+00 3.373e+00 4.000e+00 1.336e-01 7.303e+00 1.922e-05 5.000e+00 1.336e-01 7.449e+00 3.121e+00 6.000e+00 1.336e-01 7.588e+00 2.565e+00 7.000e+00 1.336e-01 7.721e+00 6.311e-02
0.000e+00 1.527e-01 6.645e+00 7.526e+00 1.000e+00 1.527e-01 6.814e+00 3.168e-01 2.000e+00 1.527e-01 6.977e+00 3.154e+00 3.000e+00 1.527e-01 7.133e+00 2.469e+00 4.000e+00 1.527e-01 7.284e+00 2.662e-01 5.000e+00 1.527e-01 7.429e+00 3.656e+00 6.000e+00 1.527e-01 7.569e+00 1.223e+00 7.000e+00 1.527e-01 7.702e+00 8.772e-01
0.000e+00 1.729e-01 6.625e+00 7.373e+00 1.000e+00 1.729e-01 6.794e+00 5.237e-02 2.000e+00 1.729e-01 6.956e+00 3.710e+00 3.000e+00 1.729e-01 7.113e+00 1.499e+00 4.000e+00 1.729e-01 7.264e+00 9.732e-01 5.000e+00 1.729e-01 7.409e+00 3.537e+00 6.000e+00 1.729e-01 7.549e+00 2.417e-01 7.000e+00 1.729e-01 7.682e+00 2.181e+00
0.000e+00 1.940e-01 6.604e+00 7.120e+00 1.000e+00 1.940e-01 6.773e+00 1.203e-02 2.000e+00 1.940e-01 6.935e+00 4.012e+00 3.000e+00 1.940e-01 7.092e+00 6.606e-01 4.000e+00 1.940e-01 7.243e+00 1.899e+00 5.000e+00 1.940e-01 7.388e+00 2.788e+00 6.000e+00 1.940e-01 7.527e+00 2.857e-02 7.000e+00 1.940e-01 7.661e+00 3.202e+00
0.000e+00 2.162e-01 6.582e+00 6.774e+00 1.000e+00 2.162e-01 6.750e+00 1.973e-01 2.000e+00 2.162e-01 6.913e+00 4.003e+00 3.000e+00 2.162e-01 7.070e+00 1.291e-01 4.000e+00 2.162e-01 7.221e+00 2.746e+00 5.000e+00 2.162e-01 7.366e+00 1.682e+00 6.000e+00 2.162e-01 7.505e+00 6.303e-01 7.000e+00 2.162e-01 7.639e+00 3.332e+00
0.000e+00 2.395e-01 6.559e+00 6.344e+00 1.000e+00 2.395e-01 6.727e+00 5.870e-01 2.000e+00 2.395e-01 6.890e+00 3.679e+00 3.000e+00 2.395e-01 7.047e+00 1.192e-02 4.000e+00 2.395e-01 7.198e+00 3.238e+00 5.000e+00 2.395e-01 7.343e+00 6.397e-01 6.000e+00 2.395e-01 7.482e+00 1.697e+00 7.000e+00 2.395e-01 7.615e+00 2.493e+00
0.000e+00 2.637e-01 6.534e+00 5.846e+00 1.000e+00 2.637e-01 6.703e+00 1.139e+00 2.000e+00 2.637e-01 6.866e+00 3.087e+00 3.000e+00 2.637e-01 7.022e+00 3.177e-01 4.000e+00 2.637e-01 7.173e+00 3.211e+00 5.000e+00 2.637e-01 7.318e+00 5.295e-02 6.000e+00 2.637e-01 7.458e+00 2.653e+00 7.000e+00 2.637e-01 7.591e+00 1.191e+00
0.000e+00 2.889e-01 6.509e+00 5.298e+00 1.000e+00 2.889e-01 6.678e+00 1.795e+00 2.000e+00 2.889e-01 6.840e+00 2.324e+00 3.000e+00 2.889e-01 6.997e+00 9.512e-01 4.000e+00 2.889e-01 7.148e+00 2.674e+00 5.000e+00 2.889e-01 7.293e+00 1.227e-01 6.000e+00 2.889e-01 7.433e+00 2.994e+00 7.000e+00 2.889e-01 7.566e+00 1.976e-01
0.000e+00 3.151e-01 6.483e+00 4.720e+00 1.000e+00 3.151e-01 6.652e+00 2.487e+00 2.000e+00 3.151e-01 6.814e+00 1.515e+00 3.000e+00 3.151e-01 6.971e+00 1.737e+00 4.000e+00 3.151e-01 7.122e+00 1.805e+00 5.000e+00 3.151e-01 7.267e+00 7.705e-01 6.000e+00 3.151e-01 7.406e+00 2.550e+00 7.000e+00 3.151e-01 7.540e+00 6.422e-02
0.000e+00 3.423e-01 6.456e+00 4.132e+00 1.000e+00 3.423e-01 6.624e+00 3.147e+00 2.000e+00 3.423e-01 6.787e+00 7.912e-01 3.000e+00 3.423e-01 6.944e+00 2.466e+00 4.000e+00 3.423e-01 7.095e+00 8.908e-01 5.000e+00 3.423e-01 7.240e+00 1.677e+00 6.000e+00 3.423e-01 7.379e+00 1.565e+00 7.000e+00 3.423e-01 7.513e+00 7.858e-01
0.000e+00 3.704e-01 6.428e+00 3.554e+00 1.000e+00 3.704e-01 6.596e+00 3.715e+00 2.000e+00 3.704e-01 6.759e+00 2.667e-01 3.000e+00 3.704e-01 6.916e+00 2.950e+00 4.000e+00 3.704e-01 7.067e+00 2.233e-01 5.000e+00 3.704e-01 7.212e+00 2.428e+00 6.000e+00 3.704e-01 7.351e+00 5.553e-01 7.000e+00 3.704e-01 7.484e+00 1.828e+00
0.000e+00 3.995e-01 6.399e+00 3.002e+00 1.000e+00 3.995e-01 6.567e+00 4.142e+00 2.000e+00 3.995e-01 6.730e+00 1.650e-02 3.000e+00 3.995e-01 6.887e+00 3.072e+00 4.000e+00 3.995e-01 7.038e+00 7.669e-04 5.000e+00 3.995e-01 7.183e+00 2.694e+00 6.000e+00 3.995e-01 7.322e+00 2.350e-02 7.000e+00 3.995e-01 7.455e+00 2.490e+00
0.000e+00 4.295e-01 6.369e+00 2.490e+00 1.000e+00 4.295e-01 6.537e+00 4.400e+00 2.000e+00 4.295e-01 6.700e+00 6.621e-02 3.000e+00 4.295e-01 6.857e+00 2.810e+00 4.000e+00 4.295e-01 7.008e+00 2.629e-01 5.000e+00 4.295e-01 7.153e+00 2.374e+00 6.000e+00 4.295e-01 7.292e+00 1.942e-01 7.000e+00 4.295e-01 7.425e+00 2.359e+00
0.000e+00 4.605e-01 6.338e+00 2.028e+00 1.000e+00 4.605e-01 6.506e+00 4.478e+00 2.000e+00 4.605e-01 6.669e+00 3.905e-01 3.000e+00 4.605e-01 6.826e+00 2.241e+00 4.000e+00 4.605e-01 6.977e+00 8.863e-01 5.000e+00 4.605e-01 7.122e+00 1.622e+00 6.000e+00 4.605e-01 7.261e+00 9.127e-01 7.000e+00 4.605e-01 7.394e+00 1.544e+00
0.000e+00 4.925e-01 6.306e+00 1.621e+00 1.000e+00 4.925e-01 6.474e+00 4.386e+00 2.000e+00 4.925e-01 6.637e+00 9.222e-01 3.000e+00 4.925e-01 6.794e+00 1.513e+00 4.000e+00 4.925e-01 6.945e+00 1.636e+00 5.000e+00 4.925e-01 7.090e+00 7.653e-01 6.000e+00 4.925e-01 7.229e+00 1.752e+00 7.000e+00 4.925e-01 7.362e+00 5.720e-01
0.000e+00 5.253e-01 6.273e+00 1.271e+00 1.000e+00 5.253e-01 6.441e+00 4.147e+00 2.000e+00 5.253e-01 6.604e+00 1.568e+00 3.000e+00 5.253e-01 6.761e+00 8.008e-01 4.000e+00 5.253e-01 6.912e+00 2.253e+00 5.000e+00 5.253e-01 7.057e+00 1.547e-01 6.000e+00 5.253e-01 7.196e+00 2.257e+00 7.000e+00 5.253e-01 7.330e+00 2.717e-02
0.000e+00 5.591e-01 6.239e+00 9.785e-01 1.000e+00 5.591e-01 6.407e+00 3.794e+00 2.000e+00 5.591e-01 6.570e+00 2.225e+00 3.000e+00 5.591e-01 6.727e+00 2.655e-01 4.000e+00 5.591e-01 6.878e+00 2.540e+00 5.000e+00 5.591e-01 7.023e+00 1.344e-02 6.000e+00 5.591e-01 7.162e+00 2.177e+00 7.000e+00 5.591e-01 7.296e+00 1.866e-01
0.000e+00 5.939e-01 6.204e+00 7.390e-01 1.000e+00 5.939e-01 6.373e+00 3.364e+00 2.000e+00 5.939e-01 6.535e+00 2.804e+00 3.000e+00 5.939e-01 6.692e+00 1.332e-02 4.000e+00 5.939e-01 6.843e+00 2.421e+00 5.000e+00 5.939e-01 6.988e+00 3.575e-01 6.000e+00 5.939e-01 7.128e+00 1.578e+00 7.000e+00 5.939e-01 7.261e+00 8.816e-01
0.000e+00 6.295e-01 6.169e+00 5.476e-01 1.000e+00 6.295e-01 6.337e+00 2.896e+00 2.000e+00 6.295e-01 6.500e+00 3.236e+00 3.000e+00 6.295e-01 6.657e+00 7.912e-02 4.000e+00 6.295e-01 6.808e+00 1.953e+00 5.000e+00 6.295e-01 6.953e+00 1.008e+00 6.000e+00 6.295e-01 7.092e+00 7.787e-01 7.000e+00 6.295e-01 7.225e+00 1.642e+00
0.000e+00 6.660e-01 6.132e+00 3.981e-01 1.000e+00 6.660e-01 6.301e+00 2.424e+00 2.000e+00 6.660e-01 6.463e+00 3.482e+00 3.000e+00 6.660e-01 6.620e+00 4.273e-01 4.000e+00 6.660e-01 6.771e+00 1.292e+00 5.000e+00 6.660e-01 6.916e+00 1.683e+00 6.000e+00 6.660e-01 7.055e+00 1.677e-01 7.000e+00 6.660e-01 7.189e+00 2.004e+00
0.000e+00 7.035e-01 6.095e+00 2.839e-01 1.000e+00 7.035e-01 6.263e+00 1.973e+00 2.000e+00 7.035e-01 6.426e+00 3.534e+00 3.000e+00 7.035e-01 6.583e+00 9.692e-01 4.000e+00 7.035e-01 6.734e+00 6.396e-01 5.000e+00 7.035e-01 6.879e+00 2.117e+00 6.000e+00 7.035e-01 7.018e+00 9.768e-03 7.000e+00 7.035e-01 7.151e+00 1.776e+00
0.000e+00 7.419e-01 6.056e+00 1.986e-01 1.000e+00 7.419e-01 6.225e+00 1.565e+00 2.000e+00 7.419e-01 6.387e+00 3.410e+00 3.000e+00 7.419e-01 6.544e+00 1.590e+00 4.000e+00 7.419e-01 6.695e+00 1.723e-01 5.000e+00 7.419e-01 6.840e+00 2.161e+00 6.000e+00 7.419e-01 6.980e+00 3.353e-01 7.000e+00 7.419e-01 7.113e+00 1.117e+00
0.000e+00 7.811e-01 6.017e+00 1.363e-01 1.000e+00 7.811e-01 6.186e+00 1.209e+00 2.000e+00 7.811e-01 6.348e+00 3.146e+00 3.000e+00 7.811e-01 6.505e+00 2.175e+00 4.000e+00 7.811e-01 6.656e+00 1.554e-04 5.000e+00 7.811e-01 6.801e+00 1.823e+00 6.000e+00 7.811e-01 6.940e+00 9.532e-01 7.000e+00 7.811e-01 7.074e+00 4.088e-01
0.000e+00 8.213e-01 5.977e+00 9.172e-02 1.000e+00 8.213e-01 6.145e+00 9.110e-01 2.000e+00 8.213e-01 6.308e+00 2.786e+00 3.000e+00 8.213e-01 6.465e+00 2.635e+00 4.000e+00 8.213e-01 6.616e+00 1.448e-01 5.000e+00 8.213e-01 6.761e+00 1.241e+00 6.000e+00 8.213e-01 6.900e+00 1.564e+00 7.000e+00 8.213e-01 7.034e+00 2.162e-02
0.000e+00 8.623e-01 5.936e+00 6.056e-02 1.000e+00 8.623e-01 6.104e+00 6.697e-01 2.000e+00 8.623e-01 6.267e+00 2.376e+00 3.000e+00 8.623e-01 6.424e+00 2.915e+00 4.000e+00 8.623e-01 6.575e+00 5.481e-01 5.000e+00 8.623e-01 6.720e+00 6.251e-01 6.000e+00 8.623e-01 6.859e+00 1.904e+00 7.000e+00 8.623e-01 6.993e+00 1.215e-01
0.000e+00 9.042e-01 5.894e+00 3.922e-02 1.000e+00 9.042e-01 6.062e+00 4.806e-01 2.000e+00 9.042e-01 6.225e+00 1.957e+00 3.000e+00 9.042e-01 6.382e+00 2.999e+00 4.000e+00 9.042e-01 6.533e+00 1.100e+00 5.000e+00 9.042e-01 6.678e+00 1.701e-01 6.000e+00 9.042e-01 6.817e+00 1.849e+00 7.000e+00 9.042e-01 6.951e+00 6.120e-01
0.000e+00 9.470e-01 5.851e+00 2.492e-02 1.000e+00 9.470e-01 6.020e+00 3.368e-01 2.000e+00 9.470e-01 6.182e+00 1.559e+00 3.000e+00 9.470e-01 6.339e+00 2.902e+00 4.000e+00 9.470e-01 6.490e+00 1.675e+00 5.000e+00 9.470e-01 6.635e+00 1.695e-04 6.000e+00 9.470e-01 6.774e+00 1.447e+00 7.000e+00 9.470e-01 6.908e+00 1.217e+00
0.000e+00 9.907e-01 5.807e+00 1.553e-02 1.000e+00 9.907e-01 5.976e+00 2.306e-01 2.000e+00 9.907e-01 6.139e+00 1.203e+00 3.000e+00 9.907e-01 6.295e+00 2.664e+00 4.000e+00 9.907e-01 6.446e+00 2.162e+00 5.000e+00 9.907e-01 6.591e+00 1.417e-01 6.000e+00 9.907e-01 6.731e+00 8.746e-01 7.000e+00 9.907e-01 6.864e+00 1.639e+00
0.000e+00 1.035e+00 5.763e+00 9.501e-03 1.000e+00 1.035e+00 5.931e+00 1.543e-01 2.000e+00 1.035e+00 6.094e+00 9.010e-01 3.000e+00 1.035e+00 6.251e+00 2.332e+00 4.000e+00 1.035e+00 6.402e+00 2.487e+00 5.000e+00 1.035e+00 6.547e+00 5.330e-01 6.000e+00 1.035e+00 6.686e+00 3.475e-01 7.000e+00 1.035e+00 6.820e+00 1.698e+00
0.000e+00 1.081e+00 5.717e+00 5.703e-03 1.000e+00 1.081e+00 5.886e+00 1.009e-01 2.000e+00 1.081e+00 6.049e+00 6.554e-01 3.000e+00 1.081e+00 6.205e+00 1.956e+00 4.000e+00 1.081e+00 6.356e+00 2.620e+00 5.000e+00 1.081e+00 6.501e+00 1.058e+00 6.000e+00 1.081e+00 6.641e+00 4.110e-02 7.000e+00 1.081e+00 6.774e+00 1.394e+00
0.000e+00 1.127e+00 5.671e+00 3.359e-03 1.000e+00 1.127e+00 5.840e+00 6.454e-02 2.000e+00 1.127e+00 6.002e+00 4.636e-01 3.000e+00 1.127e+00 6.159e+00 1.577e+00 4.000e+00 1.127e+00 6.310e+00 2.570e+00 5.000e+00 1.127e+00 6.455e+00 1.586e+00 6.000e+00 1.127e+00 6.594e+00 3.597e-02 7.000e+00 1.127e+00 6.728e+00 8.790e-01
0.000e+00 1.174e+00 5.624e+00 1.943e-03 1.000e+00 1.174e+00 5.792e+00 4.039e-02 2.000e+00 1.174e+00 5.955e+00 3.192e-01 3.000e+00 1.174e+00 6.112e+00 1.226e+00 4.000e+00 1.174e+00 6.263e+00 2.371e+00 5.000e+00 1.174e+00 6.408e+00 2.012e+00 6.000e+00 1.174e+00 6.547e+00 3.099e-01 7.000e+00 1.174e+00 6.681e+00 3.700e-01
0.000e+00 1.222e+00 5.576e+00 1.104e-03 1.000e+00 1.222e+00 5.744e+00 2.473e-02 2.000e+00 1.222e+00 5.907e+00 2.140e-01 3.000e+00 1.222e+00 6.064e+00 9.200e-01 4.000e+00 1.222e+00 6.215e+00 2.075e+00 5.000e+00 1.222e+00 6.360e+00 2.268e+00 6.000e+00 1.222e+00 6.499e+00 7.648e-01 7.000e+00 1.222e+00 6.633e+00 5.358e-02
0.000e+00 1.271e+00 5.527e+00 6.162e-04 1.000e+00 1.271e+00 5.696e+00 1.483e-02 2.000e+00 1.271e+00 5.858e+00 1.399e-01 3.000e+00 1.271e+00 6.015e+00 6.682e-01 4.000e+00 1.271e+00 6.166e+00 1.731e+00 5.000e+00 1.271e+00 6.311e+00 2.336e+00 6.000e+00 1.271e+00 6.450e+00 1.271e+00 7.000e+00 1.271e+00 6.584e+00 2.394e-02
0.000e+00 1.321e+00 5.477e+00 3.382e-04 1.000e+00 1.321e+00 5.646e+00 8.712e-03 2.000e+00 1.321e+00 5.808e+00 8.915e-02 3.000e+00 1.321e+00 5.965e+00 4.703e-01 4.000e+00 1.321e+00 6.116e+00 1.382e+00 5.000e+00 1.321e+00 6.261e+00 2.236e+00 6.000e+00 1.321e+00 6.401e+00 1.708e+00 7.000e+00 1.321e+00 6.534e+00 2.676e-01
0.000e+00 1.371e+00 5.427e+00 1.827e-04 1.000e+00 1.371e+00 5.595e+00 5.015e-03 2.000e+00 1.371e+00 5.758e+00 5.546e-02 3.000e+00 1.371e+00 5.915e+00 3.211e-01 4.000e+00 1.371e+00 6.066e+00 1.061e+00 5.000e+00 1.371e+00 6.211e+00 2.010e+00 6.000e+00 1.371e+00 6.350e+00 1.997e+00 7.000e+00 1.371e+00 6.483e+00 6.901e-01
0.000e+00 1.423e+00 5.375e+00 9.720e-05 1.000e+00 1.423e+00 5.544e+00 2.832e-03 2.000e+00 1.423e+00 5.706e+00 3.370e-02 3.000e+00 1.423e+00 5.863e+00 2.131e-01 4.000e+00 1.423e+00 6.014e+00 7.838e-01 5.000e+00 1.423e+00 6.159e+00 1.711e+00 6.000e+00 1.423e+00 6.299e+00 2.105e+00 7.000e+00 1.423e+00 6.432e+00 1.163e+00
0.000e+00 1.475e+00 5.323e+00 5.101e-05 1.000e+00 1.475e+00 5.491e+00 1.569e-03 2.000e+00 1.475e+00 5.654e+00 2.001e-02 3.000e+00 1.475e+00 5.811e+00 1.375e-01 4.000e+00 1.475e+00 5.962e+00 5.591e-01 5.000e+00 1.475e+00 6.107e+00 1.386e+00 6.000e+00 1.475e+00 6.246e+00 2.043e+00 7.000e+00 1.475e+00 6.380e+00 1.567e+00
0.000e+00 1.528e+00 5.270e+00 2.645e-05 1.000e+00 1.528e+00 5.438e+00 8.545e-04 2.000e+00 1.528e+00 5.601e+00 1.162e-02 3.000e+00 1.528e+00 5.758e+00 8.634e-02 4.000e+00 1.528e+00 5.909e+00 3.857e-01 5.000e+00 1.528e+00 6.054e+00 1.074e+00 6.000e+00 1.528e+00 6.193e+00 1.852e+00 7.000e+00 1.528e+00 6.327e+00 1.826e+00
0.000e+00 1.582e+00 5.216e+00 1.357e-05 1.000e+00 1.582e+00 5.384e+00 4.577e-04 2.000e+00 1.582e+00 5.547e+00 6.609e-03 3.000e+00 1.582e+00 5.704e+00 5.285e-02 4.000e+00 1.582e+00 5.855e+00 2.577e-01 5.000e+00 1.582e+00 6.000e+00 7.989e-01 6.000e+00 1.582e+00 6.139e+00 1.582e+00 7.000e+00 1.582e+00 6.273e+00 1.911e+00
0.000e+00 1.637e+00 5.161e+00 6.912e-06 1.000e+00 1.637e+00 5.330e+00 2.415e-04 2.000e+00 1.637e+00 5.492e+00 3.684e-03 3.000e+00 1.637e+00 5.649e+00 3.155e-02 4.000e+00 1.637e+00 5.800e+00 1.670e-01 5.000e+00 1.637e+00 5.945e+00 5.717e-01 6.000e+00 1.637e+00 6.084e+00 1.281e+00 7.000e+00 1.637e+00 6.218e+00 1.836e+00
0.000e+00 1.693e+00 5.105e+00 3.502e-06 1.000e+00 1.693e+00 5.274e+00 1.258e-04 2.000e+00 1.693e+00 5.437e+00 2.014e-03 3.000e+00 1.693e+00 5.593e+00 1.839e-02 4.000e+00 1.693e+00 5.744e+00 1.052e-01 5.000e+00 1.693e+00 5.889e+00 3.945e-01 6.000e+00 1.693e+00 6.029e+00 9.895e-01 7.000e+00 1.693e+00 6.162e+00 1.644e+00
0.000e+00 1.749e+00 5.049e+00 1.771e-06 1.000e+00 1.749e+00 5.217e+00 6.481e-05 2.000e+00 1.749e+00 5.380e+00 1.083e-03 3.000e+00 1.749e+00 5.537e+00 1.048e-02 4.000e+00 1.749e+00 5.688e+00 6.441e-02 5.000e+00 1.749e+00 5.833e+00 2.632e-01 6.000e+00 1.749e+00 5.972e+00 7.315e-01 7.000e+00 1.749e+00 6.106e+00 1.385e+00
0.000e+00 1.807e+00 4.992e+00 8.974e-07 1.000e+00 1.807e+00 5.160e+00 3.312e-05 2.000e+00 1.807e+00 5.323e+00 5.728e-04 3.000e+00 1.807e+00 5.480e+00 5.848e-03 4.000e+00 1.807e+00 5.630e+00 3.842e-02 5.000e+00 1.807e+00 5.776e+00 1.700e-01 6.000e+00 1.807e+00 5.915e+00 5.194e-01 7.000e+00 1.807e+00 6.048e+00 1.105e+00
0.000e+00 1.865e+00 4.933e+00 4.571e-07 1.000e+00 1.865e+00 5.102e+00 1.684e-05 2.000e+00 1.865e+00 5.265e+00 2.990e-04 3.000e+00 1.865e+00 5.421e+00 3.199e-03 4.000e+00 1.865e+00 5.572e+00 2.235e-02 5.000e+00 1.865e+00 5.717e+00 1.065e-01 6.000e+00 1.865e+00 5.857e+00 3.551e-01 7.000e+00 1.865e+00 5.990e+00 8.391e-01
0.000e+00 1.924e+00 4.874e+00 2.348e-07 1.000e+00 1.924e+00 5.043e+00 8.549e-06 2.000e+00 1.924e+00 5.206e+00 1.544e-04 3.000e+00 1.924e+00 5.362e+00 1.719e-03 4.000e+00 1.924e+00 5.513e+00 1.270e-02 5.000e+00 1.924e+00 5.658e+00 6.479e-02 6.000e+00 1.924e+00 5.798e+00 2.343e-01 7.000e+00 1.924e+00 5.931e+00 6.095e-01
0.000e+00 1.983e+00 4.815e+00 1.238e-07 1.000e+00 1.983e+00 4.983e+00 4.409e-06 2.000e+00 1.983e+00 5.146e+00 8.018e-05 3.000e+00 1.983e+00 5.303e+00 9.214e-04 4.000e+00 1.983e+00 5.454e+00 7.154e-03 5.000e+00 1.983e+00 5.599e+00 3.888e-02 6.000e+00 1.983e+00 5.738e+00 1.516e-01 7.000e+00 1.983e+00 5.871e+00 4.307e-01
