# e- + H+ + LiH -> H + LiH+ + e-
# Number of initial vibrational states: 3
# Number of final vibrational states: 7
# 
1.000e-02 4.261e+01 1.013e+02 1.081e+02
1.007e-02 4.232e+01 1.007e+02 1.074e+02
1.014e-02 4.203e+01 9.997e+01 1.066e+02
1.021e-02 4.174e+01 9.929e+01 1.059e+02
1.028e-02 4.146e+01 9.861e+01 1.052e+02
1.035e-02 4.117e+01 9.794e+01 1.045e+02
1.042e-02 4.089e+01 9.727e+01 1.038e+02
1.049e-02 4.061e+01 9.661e+01 1.031e+02
1.056e-02 4.034e+01 9.595e+01 1.024e+02
1.063e-02 4.006e+01 9.530e+01 1.017e+02
1.070e-02 3.979e+01 9.465e+01 1.010e+02
1.078e-02 3.952e+01 9.400e+01 1.003e+02
1.085e-02 3.925e+01 9.336e+01 9.959e+01
1.093e-02 3.898e+01 9.272e+01 9.891e+01
1.100e-02 3.871e+01 9.209e+01 9.823e+01
1.108e-02 3.845e+01 9.146e+01 9.756e+01
1.115e-02 3.819e+01 9.084e+01 9.690e+01
1.123e-02 3.793e+01 9.022e+01 9.624e+01
1.130e-02 3.767e+01 8.960e+01 9.558e+01
1.138e-02 3.741e+01 8.899e+01 9.493e+01
1.146e-02 3.716e+01 8.838e+01 9.428e+01
1.154e-02 3.690e+01 8.778e+01 9.364e+01
1.162e-02 3.665e+01 8.718e+01 9.300e+01
1.170e-02 3.640e+01 8.659e+01 9.237e+01
1.178e-02 3.615e+01 8.600e+01 9.173e+01
1.186e-02 3.591e+01 8.541e+01 9.111e+01
1.194e-02 3.566e+01 8.483e+01 9.049e+01
1.202e-02 3.542e+01 8.425e+01 8.987e+01
1.210e-02 3.518e+01 8.367e+01 8.926e+01
1.218e-02 3.494e+01 8.310e+01 8.865e+01
1.227e-02 3.470e+01 8.254e+01 8.804e+01
1.235e-02 3.446e+01 8.197e+01 8.744e+01
1.243e-02 3.422e+01 8.141e+01 8.684e+01
1.252e-02 3.399e+01 8.086e+01 8.625e+01
1.261e-02 3.376e+01 8.030e+01 8.566e+01
1.269e-02 3.353e+01 7.976e+01 8.508e+01
1.278e-02 3.330e+01 7.921e+01 8.450e+01
1.287e-02 3.307e+01 7.867e+01 8.392e+01
1.295e-02 3.285e+01 7.813e+01 8.335e+01
1.304e-02 3.262e+01 7.760e+01 8.278e+01
1.313e-02 3.240e+01 7.707e+01 8.221e+01
1.322e-02 3.218e+01 7.654e+01 8.165e+01
1.331e-02 3.196e+01 7.602e+01 8.109e+01
1.340e-02 3.174e+01 7.550e+01 8.054e+01
1.349e-02 3.152e+01 7.499e+01 7.999e+01
1.359e-02 3.131e+01 7.447e+01 7.944e+01
1.368e-02 3.109e+01 7.397e+01 7.890e+01
1.377e-02 3.088e+01 7.346e+01 7.836e+01
1.387e-02 3.067e+01 7.296e+01 7.783e+01
1.396e-02 3.046e+01 7.246e+01 7.730e+01
1.406e-02 3.025e+01 7.197e+01 7.677e+01
1.415e-02 3.005e+01 7.147e+01 7.624e+01
1.425e-02 2.984e+01 7.099e+01 7.572e+01
1.435e-02 2.964e+01 7.050e+01 7.520e+01
1.444e-02 2.944e+01 7.002e+01 7.469e+01
1.454e-02 2.923e+01 6.954e+01 7.418e+01
1.464e-02 2.903e+01 6.907e+01 7.367e+01
1.474e-02 2.884e+01 6.859e+01 7.317e+01
1.484e-02 2.864e+01 6.812e+01 7.267e+01
1.494e-02 2.844e+01 6.766e+01 7.217e+01
1.505e-02 2.825e+01 6.720e+01 7.168e+01
1.515e-02 2.806e+01 6.674e+01 7.119e+01
1.525e-02 2.786e+01 6.628e+01 7.070e+01
1.536e-02 2.767e+01 6.583e+01 7.022e+01
1.546e-02 2.748e+01 6.538e+01 6.974e+01
1.557e-02 2.730e+01 6.493e+01 6.926e+01
1.567e-02 2.711e+01 6.449e+01 6.879e+01
1.578e-02 2.692e+01 6.405e+01 6.832e+01
1.589e-02 2.674e+01 6.361e+01 6.785e+01
1.600e-02 2.656e+01 6.317e+01 6.739e+01
1.611e-02 2.638e+01 6.274e+01 6.693e+01
1.622e-02 2.620e+01 6.231e+01 6.647e+01
1.633e-02 2.602e+01 6.189e+01 6.602e+01
1.644e-02 2.584e+01 6.146e+01 6.556e+01
1.655e-02 2.566e+01 6.104e+01 6.512e+01
1.666e-02 2.549e+01 6.063e+01 6.467e+01
1.678e-02 2.531e+01 6.021e+01 6.423e+01
1.689e-02 2.514e+01 5.980e+01 6.379e+01
1.701e-02 2.497e+01 5.939e+01 6.335e+01
1.712e-02 2.480e+01 5.898e+01 6.292e+01
1.724e-02 2.463e+01 5.858e+01 6.249e+01
1.736e-02 2.446e+01 5.818e+01 6.206e+01
1.748e-02 2.429e+01 5.778e+01 6.164e+01
1.760e-02 2.412e+01 5.739e+01 6.122e+01
1.772e-02 2.396e+01 5.699e+01 6.080e+01
1.784e-02 2.380e+01 5.660e+01 6.038e+01
1.796e-02 2.363e+01 5.622e+01 5.997e+01
1.808e-02 2.347e+01 5.583e+01 5.956e+01
1.821e-02 2.331e+01 5.545e+01 5.915e+01
1.833e-02 2.315e+01 5.507e+01 5.874e+01
1.846e-02 2.299e+01 5.469e+01 5.834e+01
1.858e-02 2.283e+01 5.432e+01 5.794e+01
1.871e-02 2.268e+01 5.395e+01 5.755e+01
1.884e-02 2.252e+01 5.358e+01 5.715e+01
1.897e-02 2.237e+01 5.321e+01 5.676e+01
1.910e-02 2.222e+01 5.285e+01 5.637e+01
1.923e-02 2.206e+01 5.248e+01 5.599e+01
1.936e-02 2.191e+01 5.212e+01 5.560e+01
1.949e-02 2.176e+01 5.177e+01 5.522e+01
1.962e-02 2.161e+01 5.141e+01 5.484e+01
1.976e-02 2.147e+01 5.106e+01 5.447e+01
1.989e-02 2.132e+01 5.071e+01 5.409e+01
2.003e-02 2.117e+01 5.036e+01 5.372e+01
2.016e-02 2.103e+01 5.002e+01 5.336e+01
2.030e-02 2.088e+01 4.968e+01 5.299e+01
2.044e-02 2.074e+01 4.934e+01 5.263e+01
2.058e-02 2.060e+01 4.900e+01 5.227e+01
2.072e-02 2.046e+01 4.866e+01 5.191e+01
2.086e-02 2.032e+01 4.833e+01 5.155e+01
2.101e-02 2.018e+01 4.800e+01 5.120e+01
2.115e-02 2.004e+01 4.767e+01 5.085e+01
2.129e-02 1.990e+01 4.734e+01 5.050e+01
2.144e-02 1.977e+01 4.702e+01 5.015e+01
2.159e-02 1.963e+01 4.669e+01 4.981e+01
2.173e-02 1.950e+01 4.637e+01 4.947e+01
2.188e-02 1.936e+01 4.606e+01 4.913e+01
2.203e-02 1.923e+01 4.574e+01 4.879e+01
2.218e-02 1.910e+01 4.543e+01 4.846e+01
2.233e-02 1.897e+01 4.512e+01 4.813e+01
2.249e-02 1.884e+01 4.481e+01 4.780e+01
2.264e-02 1.871e+01 4.450e+01 4.747e+01
2.279e-02 1.858e+01 4.419e+01 4.714e+01
2.295e-02 1.845e+01 4.389e+01 4.682e+01
2.311e-02 1.832e+01 4.359e+01 4.650e+01
2.326e-02 1.820e+01 4.329e+01 4.618e+01
2.342e-02 1.807e+01 4.299e+01 4.586e+01
2.358e-02 1.795e+01 4.270e+01 4.555e+01
2.374e-02 1.783e+01 4.241e+01 4.524e+01
2.391e-02 1.770e+01 4.211e+01 4.492e+01
2.407e-02 1.758e+01 4.183e+01 4.462e+01
2.423e-02 1.746e+01 4.154e+01 4.431e+01
2.440e-02 1.734e+01 4.125e+01 4.401e+01
2.457e-02 1.722e+01 4.097e+01 4.370e+01
2.473e-02 1.711e+01 4.069e+01 4.340e+01
2.490e-02 1.699e+01 4.041e+01 4.311e+01
2.507e-02 1.687e+01 4.013e+01 4.281e+01
2.525e-02 1.676e+01 3.986e+01 4.252e+01
2.542e-02 1.664e+01 3.958e+01 4.222e+01
2.559e-02 1.653e+01 3.931e+01 4.193e+01
2.577e-02 1.641e+01 3.904e+01 4.165e+01
2.594e-02 1.630e+01 3.877e+01 4.136e+01
2.612e-02 1.619e+01 3.851e+01 4.108e+01
2.630e-02 1.608e+01 3.824e+01 4.079e+01
2.648e-02 1.597e+01 3.798e+01 4.051e+01
2.666e-02 1.586e+01 3.772e+01 4.023e+01
2.684e-02 1.575e+01 3.746e+01 3.996e+01
2.702e-02 1.564e+01 3.720e+01 3.968e+01
2.721e-02 1.553e+01 3.695e+01 3.941e+01
2.739e-02 1.542e+01 3.669e+01 3.914e+01
2.758e-02 1.532e+01 3.644e+01 3.887e+01
2.777e-02 1.521e+01 3.619e+01 3.860e+01
2.796e-02 1.511e+01 3.594e+01 3.834e+01
2.815e-02 1.500e+01 3.569e+01 3.807e+01
2.834e-02 1.490e+01 3.545e+01 3.781e+01
2.854e-02 1.480e+01 3.520e+01 3.755e+01
2.873e-02 1.470e+01 3.496e+01 3.729e+01
2.893e-02 1.460e+01 3.472e+01 3.704e+01
2.913e-02 1.450e+01 3.448e+01 3.678e+01
2.932e-02 1.440e+01 3.425e+01 3.653e+01
2.953e-02 1.430e+01 3.401e+01 3.628e+01
2.973e-02 1.420e+01 3.378e+01 3.603e+01
2.993e-02 1.410e+01 3.354e+01 3.578e+01
3.013e-02 1.400e+01 3.331e+01 3.553e+01
3.034e-02 1.391e+01 3.308e+01 3.529e+01
3.055e-02 1.381e+01 3.286e+01 3.505e+01
3.076e-02 1.372e+01 3.263e+01 3.481e+01
3.097e-02 1.362e+01 3.240e+01 3.457e+01
3.118e-02 1.353e+01 3.218e+01 3.433e+01
3.139e-02 1.344e+01 3.196e+01 3.409e+01
3.161e-02 1.334e+01 3.174e+01 3.386e+01
3.182e-02 1.325e+01 3.152e+01 3.362e+01
3.204e-02 1.316e+01 3.130e+01 3.339e+01
3.226e-02 1.307e+01 3.109e+01 3.316e+01
3.248e-02 1.298e+01 3.087e+01 3.293e+01
3.270e-02 1.289e+01 3.066e+01 3.271e+01
3.292e-02 1.280e+01 3.045e+01 3.248e+01
3.315e-02 1.271e+01 3.024e+01 3.226e+01
3.338e-02 1.262e+01 3.003e+01 3.204e+01
3.360e-02 1.254e+01 2.982e+01 3.181e+01
3.383e-02 1.245e+01 2.962e+01 3.160e+01
3.406e-02 1.237e+01 2.941e+01 3.138e+01
3.430e-02 1.228e+01 2.921e+01 3.116e+01
3.453e-02 1.220e+01 2.901e+01 3.095e+01
3.477e-02 1.211e+01 2.881e+01 3.073e+01
3.500e-02 1.203e+01 2.861e+01 3.052e+01
3.524e-02 1.194e+01 2.841e+01 3.031e+01
3.548e-02 1.186e+01 2.822e+01 3.010e+01
3.573e-02 1.178e+01 2.802e+01 2.989e+01
3.597e-02 1.170e+01 2.783e+01 2.969e+01
3.622e-02 1.162e+01 2.764e+01 2.948e+01
3.646e-02 1.154e+01 2.745e+01 2.928e+01
3.671e-02 1.146e+01 2.726e+01 2.908e+01
3.696e-02 1.138e+01 2.707e+01 2.888e+01
3.722e-02 1.130e+01 2.688e+01 2.868e+01
3.747e-02 1.122e+01 2.670e+01 2.848e+01
3.773e-02 1.115e+01 2.651e+01 2.828e+01
3.798e-02 1.107e+01 2.633e+01 2.809e+01
3.824e-02 1.099e+01 2.615e+01 2.789e+01
3.851e-02 1.092e+01 2.597e+01 2.770e+01
3.877e-02 1.084e+01 2.579e+01 2.751e+01
3.903e-02 1.077e+01 2.561e+01 2.732e+01
3.930e-02 1.069e+01 2.543e+01 2.713e+01
3.957e-02 1.062e+01 2.526e+01 2.694e+01
3.984e-02 1.054e+01 2.508e+01 2.676e+01
4.011e-02 1.047e+01 2.491e+01 2.657e+01
4.039e-02 1.040e+01 2.474e+01 2.639e+01
4.066e-02 1.033e+01 2.457e+01 2.620e+01
4.094e-02 1.026e+01 2.440e+01 2.602e+01
4.122e-02 1.018e+01 2.423e+01 2.584e+01
4.150e-02 1.011e+01 2.406e+01 2.566e+01
4.178e-02 1.004e+01 2.389e+01 2.549e+01
4.207e-02 9.974e+00 2.373e+01 2.531e+01
4.236e-02 9.905e+00 2.356e+01 2.513e+01
4.265e-02 9.837e+00 2.340e+01 2.496e+01
4.294e-02 9.769e+00 2.324e+01 2.479e+01
4.323e-02 9.701e+00 2.308e+01 2.462e+01
4.353e-02 9.634e+00 2.292e+01 2.445e+01
4.382e-02 9.567e+00 2.276e+01 2.428e+01
4.412e-02 9.501e+00 2.260e+01 2.411e+01
4.442e-02 9.435e+00 2.244e+01 2.394e+01
4.473e-02 9.370e+00 2.229e+01 2.378e+01
4.503e-02 9.305e+00 2.213e+01 2.361e+01
4.534e-02 9.240e+00 2.198e+01 2.345e+01
4.565e-02 9.176e+00 2.183e+01 2.328e+01
4.596e-02 9.113e+00 2.168e+01 2.312e+01
4.628e-02 9.049e+00 2.153e+01 2.296e+01
4.659e-02 8.987e+00 2.138e+01 2.280e+01
4.691e-02 8.924e+00 2.123e+01 2.265e+01
4.723e-02 8.862e+00 2.108e+01 2.249e+01
4.756e-02 8.801e+00 2.094e+01 2.233e+01
4.788e-02 8.740e+00 2.079e+01 2.218e+01
4.821e-02 8.679e+00 2.065e+01 2.202e+01
4.854e-02 8.619e+00 2.050e+01 2.187e+01
4.887e-02 8.559e+00 2.036e+01 2.172e+01
4.920e-02 8.500e+00 2.022e+01 2.157e+01
4.954e-02 8.441e+00 2.008e+01 2.142e+01
4.988e-02 8.382e+00 1.994e+01 2.127e+01
5.022e-02 8.324e+00 1.980e+01 2.112e+01
5.056e-02 8.266e+00 1.966e+01 2.097e+01
5.091e-02 8.209e+00 1.953e+01 2.083e+01
5.125e-02 8.152e+00 1.939e+01 2.068e+01
5.160e-02 8.095e+00 1.926e+01 2.054e+01
5.196e-02 8.039e+00 1.912e+01 2.040e+01
5.231e-02 7.983e+00 1.899e+01 2.026e+01
5.267e-02 7.927e+00 1.886e+01 2.011e+01
5.303e-02 7.872e+00 1.873e+01 1.998e+01
5.339e-02 7.817e+00 1.860e+01 1.984e+01
5.376e-02 7.763e+00 1.847e+01 1.970e+01
5.412e-02 7.709e+00 1.834e+01 1.956e+01
5.449e-02 7.655e+00 1.821e+01 1.942e+01
5.487e-02 7.602e+00 1.808e+01 1.929e+01
5.524e-02 7.549e+00 1.796e+01 1.916e+01
5.562e-02 7.496e+00 1.783e+01 1.902e+01
5.600e-02 7.444e+00 1.771e+01 1.889e+01
5.638e-02 7.392e+00 1.758e+01 1.876e+01
5.677e-02 7.341e+00 1.746e+01 1.863e+01
5.715e-02 7.290e+00 1.734e+01 1.850e+01
5.754e-02 7.239e+00 1.722e+01 1.837e+01
5.794e-02 7.188e+00 1.710e+01 1.824e+01
5.833e-02 7.138e+00 1.698e+01 1.811e+01
5.873e-02 7.088e+00 1.686e+01 1.799e+01
5.913e-02 7.039e+00 1.674e+01 1.786e+01
5.954e-02 6.990e+00 1.663e+01 1.774e+01
5.994e-02 6.941e+00 1.651e+01 1.761e+01
6.035e-02 6.893e+00 1.640e+01 1.749e+01
6.077e-02 6.845e+00 1.628e+01 1.737e+01
6.118e-02 6.797e+00 1.617e+01 1.725e+01
6.160e-02 6.749e+00 1.606e+01 1.713e+01
6.202e-02 6.702e+00 1.594e+01 1.701e+01
6.244e-02 6.655e+00 1.583e+01 1.689e+01
6.287e-02 6.609e+00 1.572e+01 1.677e+01
6.330e-02 6.563e+00 1.561e+01 1.665e+01
6.373e-02 6.517e+00 1.550e+01 1.654e+01
6.417e-02 6.471e+00 1.539e+01 1.642e+01
6.461e-02 6.426e+00 1.529e+01 1.631e+01
6.505e-02 6.381e+00 1.518e+01 1.619e+01
6.549e-02 6.336e+00 1.507e+01 1.608e+01
6.594e-02 6.292e+00 1.497e+01 1.597e+01
6.639e-02 6.248e+00 1.486e+01 1.585e+01
6.684e-02 6.204e+00 1.476e+01 1.574e+01
6.730e-02 6.161e+00 1.466e+01 1.563e+01
6.776e-02 6.118e+00 1.455e+01 1.552e+01
6.822e-02 6.075e+00 1.445e+01 1.541e+01
6.869e-02 6.032e+00 1.435e+01 1.531e+01
6.916e-02 5.990e+00 1.425e+01 1.520e+01
6.963e-02 5.948e+00 1.415e+01 1.509e+01
7.011e-02 5.906e+00 1.405e+01 1.499e+01
7.059e-02 5.865e+00 1.395e+01 1.488e+01
7.107e-02 5.824e+00 1.385e+01 1.478e+01
7.155e-02 5.783e+00 1.376e+01 1.467e+01
7.204e-02 5.742e+00 1.366e+01 1.457e+01
7.253e-02 5.702e+00 1.356e+01 1.447e+01
7.303e-02 5.662e+00 1.347e+01 1.437e+01
7.353e-02 5.622e+00 1.337e+01 1.427e+01
7.403e-02 5.583e+00 1.328e+01 1.417e+01
7.454e-02 5.544e+00 1.319e+01 1.407e+01
7.505e-02 5.505e+00 1.309e+01 1.397e+01
7.556e-02 5.466e+00 1.300e+01 1.387e+01
7.608e-02 5.428e+00 1.291e+01 1.377e+01
7.660e-02 5.389e+00 1.282e+01 1.368e+01
7.712e-02 5.351e+00 1.273e+01 1.358e+01
7.765e-02 5.314e+00 1.264e+01 1.348e+01
7.818e-02 5.276e+00 1.255e+01 1.339e+01
7.871e-02 5.239e+00 1.246e+01 1.329e+01
7.925e-02 5.202e+00 1.238e+01 1.320e+01
7.979e-02 5.166e+00 1.229e+01 1.311e+01
8.033e-02 5.129e+00 1.220e+01 1.302e+01
8.088e-02 5.093e+00 1.212e+01 1.292e+01
8.144e-02 5.057e+00 1.203e+01 1.283e+01
8.199e-02 5.022e+00 1.195e+01 1.274e+01
8.255e-02 4.986e+00 1.186e+01 1.265e+01
8.312e-02 4.951e+00 1.178e+01 1.256e+01
8.368e-02 4.916e+00 1.169e+01 1.247e+01
8.426e-02 4.882e+00 1.161e+01 1.239e+01
8.483e-02 4.847e+00 1.153e+01 1.230e+01
8.541e-02 4.813e+00 1.145e+01 1.221e+01
8.600e-02 4.779e+00 1.137e+01 1.213e+01
8.658e-02 4.745e+00 1.129e+01 1.204e+01
8.717e-02 4.712e+00 1.121e+01 1.196e+01
8.777e-02 4.678e+00 1.113e+01 1.187e+01
8.837e-02 4.645e+00 1.105e+01 1.179e+01
8.897e-02 4.612e+00 1.097e+01 1.170e+01
8.958e-02 4.580e+00 1.089e+01 1.162e+01
9.019e-02 4.547e+00 1.082e+01 1.154e+01
9.081e-02 4.515e+00 1.074e+01 1.146e+01
9.143e-02 4.483e+00 1.066e+01 1.138e+01
9.205e-02 4.451e+00 1.059e+01 1.130e+01
9.268e-02 4.420e+00 1.051e+01 1.122e+01
9.332e-02 4.388e+00 1.044e+01 1.114e+01
9.395e-02 4.357e+00 1.037e+01 1.106e+01
9.460e-02 4.326e+00 1.029e+01 1.098e+01
9.524e-02 4.296e+00 1.022e+01 1.090e+01
9.589e-02 4.265e+00 1.015e+01 1.082e+01
9.655e-02 4.235e+00 1.007e+01 1.075e+01
9.721e-02 4.205e+00 1.000e+01 1.067e+01
9.787e-02 4.175e+00 9.931e+00 1.059e+01
9.854e-02 4.145e+00 9.861e+00 1.052e+01
9.921e-02 4.116e+00 9.791e+00 1.044e+01
9.989e-02 4.087e+00 9.721e+00 1.037e+01
1.006e-01 4.057e+00 9.652e+00 1.030e+01
1.013e-01 4.029e+00 9.583e+00 1.022e+01
1.020e-01 4.000e+00 9.515e+00 1.015e+01
1.027e-01 3.971e+00 9.447e+00 1.008e+01
1.034e-01 3.943e+00 9.380e+00 1.001e+01
1.041e-01 3.915e+00 9.313e+00 9.934e+00
1.048e-01 3.887e+00 9.247e+00 9.863e+00
1.055e-01 3.859e+00 9.181e+00 9.793e+00
1.062e-01 3.832e+00 9.115e+00 9.723e+00
1.069e-01 3.805e+00 9.050e+00 9.654e+00
1.077e-01 3.777e+00 8.985e+00 9.585e+00
1.084e-01 3.750e+00 8.921e+00 9.517e+00
1.091e-01 3.724e+00 8.858e+00 9.449e+00
1.099e-01 3.697e+00 8.794e+00 9.381e+00
1.106e-01 3.671e+00 8.731e+00 9.314e+00
1.114e-01 3.644e+00 8.669e+00 9.247e+00
1.122e-01 3.618e+00 8.607e+00 9.181e+00
1.129e-01 3.592e+00 8.545e+00 9.116e+00
1.137e-01 3.567e+00 8.484e+00 9.050e+00
1.145e-01 3.541e+00 8.423e+00 8.985e+00
1.152e-01 3.516e+00 8.363e+00 8.921e+00
1.160e-01 3.491e+00 8.303e+00 8.857e+00
1.168e-01 3.466e+00 8.244e+00 8.794e+00
1.176e-01 3.441e+00 8.185e+00 8.731e+00
1.184e-01 3.416e+00 8.126e+00 8.668e+00
1.192e-01 3.391e+00 8.068e+00 8.606e+00
1.201e-01 3.367e+00 8.010e+00 8.544e+00
1.209e-01 3.343e+00 7.952e+00 8.483e+00
1.217e-01 3.319e+00 7.895e+00 8.422e+00
1.225e-01 3.295e+00 7.838e+00 8.361e+00
1.234e-01 3.271e+00 7.782e+00 8.301e+00
1.242e-01 3.248e+00 7.726e+00 8.241e+00
1.251e-01 3.224e+00 7.670e+00 8.182e+00
1.259e-01 3.201e+00 7.615e+00 8.123e+00
1.268e-01 3.178e+00 7.560e+00 8.065e+00
1.276e-01 3.155e+00 7.506e+00 8.007e+00
1.285e-01 3.133e+00 7.452e+00 7.949e+00
1.294e-01 3.110e+00 7.398e+00 7.892e+00
1.303e-01 3.088e+00 7.345e+00 7.835e+00
1.312e-01 3.065e+00 7.292e+00 7.778e+00
1.321e-01 3.043e+00 7.239e+00 7.722e+00
1.330e-01 3.021e+00 7.187e+00 7.666e+00
1.339e-01 2.999e+00 7.135e+00 7.611e+00
1.348e-01 2.978e+00 7.083e+00 7.556e+00
1.357e-01 2.956e+00 7.032e+00 7.501e+00
1.366e-01 2.935e+00 6.981e+00 7.447e+00
1.376e-01 2.914e+00 6.931e+00 7.393e+00
1.385e-01 2.892e+00 6.880e+00 7.340e+00
1.395e-01 2.872e+00 6.831e+00 7.286e+00
1.404e-01 2.851e+00 6.781e+00 7.234e+00
1.414e-01 2.830e+00 6.732e+00 7.181e+00
1.423e-01 2.810e+00 6.683e+00 7.129e+00
1.433e-01 2.789e+00 6.635e+00 7.077e+00
1.443e-01 2.769e+00 6.587e+00 7.026e+00
1.453e-01 2.749e+00 6.539e+00 6.975e+00
1.463e-01 2.729e+00 6.491e+00 6.924e+00
1.473e-01 2.709e+00 6.444e+00 6.874e+00
1.483e-01 2.689e+00 6.397e+00 6.824e+00
1.493e-01 2.670e+00 6.351e+00 6.774e+00
1.503e-01 2.650e+00 6.304e+00 6.725e+00
1.513e-01 2.631e+00 6.259e+00 6.676e+00
1.524e-01 2.612e+00 6.213e+00 6.627e+00
1.534e-01 2.593e+00 6.168e+00 6.579e+00
1.545e-01 2.574e+00 6.123e+00 6.531e+00
1.555e-01 2.555e+00 6.078e+00 6.484e+00
1.566e-01 2.536e+00 6.034e+00 6.436e+00
1.576e-01 2.518e+00 5.990e+00 6.389e+00
1.587e-01 2.500e+00 5.946e+00 6.343e+00
1.598e-01 2.481e+00 5.902e+00 6.296e+00
1.609e-01 2.463e+00 5.859e+00 6.250e+00
1.620e-01 2.445e+00 5.816e+00 6.204e+00
1.631e-01 2.427e+00 5.774e+00 6.159e+00
1.642e-01 2.409e+00 5.731e+00 6.114e+00
1.653e-01 2.392e+00 5.689e+00 6.069e+00
1.665e-01 2.374e+00 5.648e+00 6.025e+00
1.676e-01 2.357e+00 5.606e+00 5.980e+00
1.687e-01 2.340e+00 5.565e+00 5.937e+00
1.699e-01 2.322e+00 5.524e+00 5.893e+00
1.711e-01 2.305e+00 5.484e+00 5.850e+00
1.722e-01 2.288e+00 5.443e+00 5.807e+00
1.734e-01 2.272e+00 5.403e+00 5.764e+00
1.746e-01 2.255e+00 5.364e+00 5.722e+00
1.758e-01 2.238e+00 5.324e+00 5.679e+00
1.770e-01 2.222e+00 5.285e+00 5.638e+00
1.782e-01 2.205e+00 5.246e+00 5.596e+00
1.794e-01 2.189e+00 5.207e+00 5.555e+00
1.806e-01 2.173e+00 5.169e+00 5.514e+00
1.819e-01 2.157e+00 5.131e+00 5.473e+00
1.831e-01 2.141e+00 5.093e+00 5.433e+00
1.844e-01 2.125e+00 5.055e+00 5.393e+00
1.856e-01 2.109e+00 5.018e+00 5.353e+00
1.869e-01 2.094e+00 4.981e+00 5.313e+00
1.882e-01 2.078e+00 4.944e+00 5.274e+00
1.895e-01 2.063e+00 4.907e+00 5.235e+00
1.908e-01 2.048e+00 4.871e+00 5.196e+00
1.921e-01 2.033e+00 4.835e+00 5.158e+00
1.934e-01 2.018e+00 4.799e+00 5.120e+00
1.947e-01 2.003e+00 4.764e+00 5.082e+00
1.960e-01 1.988e+00 4.729e+00 5.044e+00
1.974e-01 1.973e+00 4.693e+00 5.007e+00
1.987e-01 1.958e+00 4.659e+00 4.970e+00
2.001e-01 1.944e+00 4.624e+00 4.933e+00
2.014e-01 1.929e+00 4.590e+00 4.896e+00
2.028e-01 1.915e+00 4.556e+00 4.860e+00
2.042e-01 1.901e+00 4.522e+00 4.823e+00
2.056e-01 1.887e+00 4.488e+00 4.788e+00
2.070e-01 1.873e+00 4.455e+00 4.752e+00
2.084e-01 1.859e+00 4.422e+00 4.717e+00
2.098e-01 1.845e+00 4.389e+00 4.681e+00
2.113e-01 1.831e+00 4.356e+00 4.646e+00
2.127e-01 1.817e+00 4.323e+00 4.612e+00
2.142e-01 1.804e+00 4.291e+00 4.577e+00
2.156e-01 1.790e+00 4.259e+00 4.543e+00
2.171e-01 1.777e+00 4.227e+00 4.509e+00
2.186e-01 1.764e+00 4.196e+00 4.475e+00
2.201e-01 1.751e+00 4.164e+00 4.442e+00
2.216e-01 1.737e+00 4.133e+00 4.409e+00
2.231e-01 1.724e+00 4.102e+00 4.376e+00
2.246e-01 1.711e+00 4.071e+00 4.343e+00
2.262e-01 1.699e+00 4.041e+00 4.310e+00
2.277e-01 1.686e+00 4.010e+00 4.278e+00
2.293e-01 1.673e+00 3.980e+00 4.246e+00
2.308e-01 1.661e+00 3.950e+00 4.214e+00
2.324e-01 1.648e+00 3.921e+00 4.182e+00
2.340e-01 1.636e+00 3.891e+00 4.151e+00
2.356e-01 1.623e+00 3.862e+00 4.119e+00
2.372e-01 1.611e+00 3.833e+00 4.088e+00
2.388e-01 1.599e+00 3.804e+00 4.057e+00
2.404e-01 1.587e+00 3.775e+00 4.027e+00
2.421e-01 1.575e+00 3.746e+00 3.996e+00
2.437e-01 1.563e+00 3.718e+00 3.966e+00
2.454e-01 1.551e+00 3.690e+00 3.936e+00
2.471e-01 1.539e+00 3.662e+00 3.906e+00
2.488e-01 1.528e+00 3.634e+00 3.877e+00
2.505e-01 1.516e+00 3.607e+00 3.847e+00
2.522e-01 1.505e+00 3.579e+00 3.818e+00
2.539e-01 1.493e+00 3.552e+00 3.789e+00
2.556e-01 1.482e+00 3.525e+00 3.760e+00
2.574e-01 1.471e+00 3.498e+00 3.732e+00
2.591e-01 1.459e+00 3.472e+00 3.703e+00
2.609e-01 1.448e+00 3.445e+00 3.675e+00
2.627e-01 1.437e+00 3.419e+00 3.647e+00
2.645e-01 1.426e+00 3.393e+00 3.619e+00
2.663e-01 1.415e+00 3.367e+00 3.592e+00
2.681e-01 1.405e+00 3.341e+00 3.564e+00
2.700e-01 1.394e+00 3.316e+00 3.537e+00
2.718e-01 1.383e+00 3.290e+00 3.510e+00
2.737e-01 1.373e+00 3.265e+00 3.483e+00
2.755e-01 1.362e+00 3.240e+00 3.456e+00
2.774e-01 1.352e+00 3.215e+00 3.430e+00
2.793e-01 1.341e+00 3.191e+00 3.404e+00
2.812e-01 1.331e+00 3.166e+00 3.377e+00
2.831e-01 1.321e+00 3.142e+00 3.352e+00
2.851e-01 1.311e+00 3.118e+00 3.326e+00
2.870e-01 1.301e+00 3.094e+00 3.300e+00
2.890e-01 1.291e+00 3.070e+00 3.275e+00
2.909e-01 1.281e+00 3.047e+00 3.250e+00
2.929e-01 1.271e+00 3.023e+00 3.225e+00
2.949e-01 1.261e+00 3.000e+00 3.200e+00
2.970e-01 1.252e+00 2.977e+00 3.176e+00
2.990e-01 1.242e+00 2.954e+00 3.152e+00
3.010e-01 1.232e+00 2.932e+00 3.127e+00
3.031e-01 1.223e+00 2.909e+00 3.103e+00
3.052e-01 1.214e+00 2.887e+00 3.079e+00
3.072e-01 1.204e+00 2.865e+00 3.056e+00
3.093e-01 1.195e+00 2.842e+00 3.032e+00
3.114e-01 1.186e+00 2.821e+00 3.009e+00
3.136e-01 1.177e+00 2.799e+00 2.986e+00
3.157e-01 1.167e+00 2.777e+00 2.962e+00
3.179e-01 1.158e+00 2.756e+00 2.940e+00
3.200e-01 1.149e+00 2.734e+00 2.917e+00
3.222e-01 1.141e+00 2.713e+00 2.894e+00
3.244e-01 1.132e+00 2.692e+00 2.872e+00
3.267e-01 1.123e+00 2.671e+00 2.849e+00
3.289e-01 1.114e+00 2.650e+00 2.827e+00
3.311e-01 1.106e+00 2.630e+00 2.805e+00
3.334e-01 1.097e+00 2.609e+00 2.784e+00
3.357e-01 1.088e+00 2.589e+00 2.762e+00
3.380e-01 1.080e+00 2.569e+00 2.740e+00
3.403e-01 1.072e+00 2.549e+00 2.719e+00
3.426e-01 1.063e+00 2.529e+00 2.698e+00
3.449e-01 1.055e+00 2.509e+00 2.677e+00
3.473e-01 1.047e+00 2.490e+00 2.656e+00
3.497e-01 1.038e+00 2.470e+00 2.635e+00
3.521e-01 1.030e+00 2.451e+00 2.614e+00
3.545e-01 1.022e+00 2.432e+00 2.594e+00
3.569e-01 1.014e+00 2.412e+00 2.573e+00
3.593e-01 1.006e+00 2.394e+00 2.553e+00
3.618e-01 9.983e-01 2.375e+00 2.533e+00
3.643e-01 9.904e-01 2.356e+00 2.513e+00
3.667e-01 9.826e-01 2.337e+00 2.493e+00
3.692e-01 9.749e-01 2.319e+00 2.474e+00
3.718e-01 9.672e-01 2.301e+00 2.454e+00
3.743e-01 9.595e-01 2.283e+00 2.435e+00
3.769e-01 9.520e-01 2.264e+00 2.416e+00
3.794e-01 9.444e-01 2.247e+00 2.396e+00
3.820e-01 9.369e-01 2.229e+00 2.377e+00
3.846e-01 9.294e-01 2.211e+00 2.358e+00
3.873e-01 9.220e-01 2.193e+00 2.340e+00
3.899e-01 9.146e-01 2.176e+00 2.321e+00
3.926e-01 9.073e-01 2.158e+00 2.302e+00
3.953e-01 9.000e-01 2.141e+00 2.284e+00
3.980e-01 8.928e-01 2.124e+00 2.265e+00
4.007e-01 8.856e-01 2.107e+00 2.247e+00
4.034e-01 8.785e-01 2.090e+00 2.229e+00
4.062e-01 8.714e-01 2.073e+00 2.211e+00
4.090e-01 8.644e-01 2.056e+00 2.193e+00
4.117e-01 8.574e-01 2.039e+00 2.176e+00
4.146e-01 8.504e-01 2.023e+00 2.158e+00
4.174e-01 8.436e-01 2.007e+00 2.141e+00
4.202e-01 8.367e-01 1.990e+00 2.123e+00
4.231e-01 8.299e-01 1.974e+00 2.106e+00
4.260e-01 8.232e-01 1.958e+00 2.089e+00
4.289e-01 8.165e-01 1.942e+00 2.072e+00
4.318e-01 8.099e-01 1.926e+00 2.055e+00
4.348e-01 8.033e-01 1.911e+00 2.038e+00
4.378e-01 7.967e-01 1.895e+00 2.022e+00
4.408e-01 7.902e-01 1.880e+00 2.005e+00
4.438e-01 7.837e-01 1.864e+00 1.989e+00
4.468e-01 7.773e-01 1.849e+00 1.972e+00
4.499e-01 7.710e-01 1.834e+00 1.956e+00
4.529e-01 7.646e-01 1.819e+00 1.940e+00
4.560e-01 7.583e-01 1.804e+00 1.924e+00
4.591e-01 7.521e-01 1.789e+00 1.908e+00
4.623e-01 7.459e-01 1.774e+00 1.893e+00
4.654e-01 7.398e-01 1.760e+00 1.877e+00
4.686e-01 7.337e-01 1.745e+00 1.862e+00
4.718e-01 7.276e-01 1.731e+00 1.846e+00
4.750e-01 7.216e-01 1.716e+00 1.831e+00
4.783e-01 7.156e-01 1.702e+00 1.816e+00
4.816e-01 7.096e-01 1.688e+00 1.801e+00
4.848e-01 7.037e-01 1.674e+00 1.786e+00
4.882e-01 6.978e-01 1.660e+00 1.771e+00
4.915e-01 6.919e-01 1.646e+00 1.756e+00
4.949e-01 6.861e-01 1.632e+00 1.741e+00
4.982e-01 6.803e-01 1.618e+00 1.726e+00
5.016e-01 6.746e-01 1.605e+00 1.712e+00
5.051e-01 6.689e-01 1.591e+00 1.697e+00
5.085e-01 6.632e-01 1.578e+00 1.683e+00
5.120e-01 6.576e-01 1.564e+00 1.669e+00
5.155e-01 6.520e-01 1.551e+00 1.655e+00
5.190e-01 6.465e-01 1.538e+00 1.640e+00
5.226e-01 6.410e-01 1.525e+00 1.627e+00
5.261e-01 6.356e-01 1.512e+00 1.613e+00
5.297e-01 6.301e-01 1.499e+00 1.599e+00
5.333e-01 6.248e-01 1.486e+00 1.585e+00
5.370e-01 6.194e-01 1.473e+00 1.572e+00
5.407e-01 6.141e-01 1.461e+00 1.558e+00
5.443e-01 6.089e-01 1.448e+00 1.545e+00
5.481e-01 6.036e-01 1.436e+00 1.532e+00
5.518e-01 5.984e-01 1.424e+00 1.519e+00
5.556e-01 5.933e-01 1.411e+00 1.505e+00
5.594e-01 5.882e-01 1.399e+00 1.492e+00
5.632e-01 5.831e-01 1.387e+00 1.480e+00
5.670e-01 5.780e-01 1.375e+00 1.467e+00
5.709e-01 5.730e-01 1.363e+00 1.454e+00
5.748e-01 5.681e-01 1.351e+00 1.441e+00
5.788e-01 5.632e-01 1.340e+00 1.429e+00
5.827e-01 5.584e-01 1.328e+00 1.417e+00
5.867e-01 5.536e-01 1.317e+00 1.405e+00
5.907e-01 5.488e-01 1.305e+00 1.393e+00
5.947e-01 5.441e-01 1.294e+00 1.381e+00
5.988e-01 5.394e-01 1.283e+00 1.369e+00
6.029e-01 5.347e-01 1.272e+00 1.357e+00
6.070e-01 5.301e-01 1.261e+00 1.345e+00
6.112e-01 5.255e-01 1.250e+00 1.333e+00
6.153e-01 5.209e-01 1.239e+00 1.322e+00
6.195e-01 5.164e-01 1.228e+00 1.310e+00
6.238e-01 5.119e-01 1.218e+00 1.299e+00
6.280e-01 5.074e-01 1.207e+00 1.287e+00
6.323e-01 5.030e-01 1.196e+00 1.276e+00
6.366e-01 4.986e-01 1.186e+00 1.265e+00
6.410e-01 4.942e-01 1.176e+00 1.254e+00
6.454e-01 4.898e-01 1.165e+00 1.243e+00
6.498e-01 4.855e-01 1.155e+00 1.232e+00
6.542e-01 4.813e-01 1.145e+00 1.221e+00
6.587e-01 4.770e-01 1.135e+00 1.210e+00
6.632e-01 4.728e-01 1.125e+00 1.200e+00
6.677e-01 4.686e-01 1.115e+00 1.189e+00
6.723e-01 4.645e-01 1.105e+00 1.179e+00
6.769e-01 4.603e-01 1.095e+00 1.168e+00
6.815e-01 4.562e-01 1.085e+00 1.158e+00
6.862e-01 4.521e-01 1.075e+00 1.147e+00
6.908e-01 4.481e-01 1.066e+00 1.137e+00
6.956e-01 4.440e-01 1.056e+00 1.127e+00
7.003e-01 4.400e-01 1.047e+00 1.117e+00
7.051e-01 4.361e-01 1.037e+00 1.106e+00
7.099e-01 4.321e-01 1.028e+00 1.096e+00
7.148e-01 4.282e-01 1.019e+00 1.087e+00
7.197e-01 4.243e-01 1.009e+00 1.077e+00
7.246e-01 4.205e-01 1.000e+00 1.067e+00
7.295e-01 4.166e-01 9.911e-01 1.057e+00
7.345e-01 4.128e-01 9.821e-01 1.048e+00
7.395e-01 4.091e-01 9.731e-01 1.038e+00
7.446e-01 4.053e-01 9.642e-01 1.029e+00
7.497e-01 4.016e-01 9.554e-01 1.019e+00
7.548e-01 3.979e-01 9.466e-01 1.010e+00
7.599e-01 3.943e-01 9.379e-01 1.000e+00
7.651e-01 3.906e-01 9.293e-01 9.913e-01
7.704e-01 3.870e-01 9.207e-01 9.821e-01
7.756e-01 3.835e-01 9.122e-01 9.731e-01
7.809e-01 3.800e-01 9.038e-01 9.641e-01
7.863e-01 3.765e-01 8.955e-01 9.553e-01
7.916e-01 3.730e-01 8.872e-01 9.464e-01
7.970e-01 3.695e-01 8.790e-01 9.377e-01
8.025e-01 3.661e-01 8.709e-01 9.290e-01
8.080e-01 3.627e-01 8.628e-01 9.204e-01
8.135e-01 3.593e-01 8.548e-01 9.118e-01
8.190e-01 3.560e-01 8.468e-01 9.033e-01
8.246e-01 3.527e-01 8.389e-01 8.949e-01
8.303e-01 3.494e-01 8.311e-01 8.865e-01
8.359e-01 3.461e-01 8.233e-01 8.782e-01
8.417e-01 3.428e-01 8.156e-01 8.700e-01
8.474e-01 3.396e-01 8.079e-01 8.618e-01
8.532e-01 3.364e-01 8.003e-01 8.537e-01
8.590e-01 3.332e-01 7.927e-01 8.456e-01
8.649e-01 3.301e-01 7.852e-01 8.376e-01
8.708e-01 3.270e-01 7.777e-01 8.296e-01
8.768e-01 3.238e-01 7.703e-01 8.217e-01
8.827e-01 3.207e-01 7.629e-01 8.138e-01
8.888e-01 3.176e-01 7.556e-01 8.060e-01
8.949e-01 3.146e-01 7.483e-01 7.982e-01
9.010e-01 3.115e-01 7.411e-01 7.905e-01
9.071e-01 3.085e-01 7.339e-01 7.829e-01
9.133e-01 3.055e-01 7.268e-01 7.753e-01
9.196e-01 3.026e-01 7.198e-01 7.678e-01
9.258e-01 2.996e-01 7.127e-01 7.603e-01
9.322e-01 2.967e-01 7.058e-01 7.529e-01
9.385e-01 2.938e-01 6.989e-01 7.455e-01
9.450e-01 2.909e-01 6.921e-01 7.382e-01
9.514e-01 2.881e-01 6.853e-01 7.310e-01
9.579e-01 2.852e-01 6.785e-01 7.238e-01
9.645e-01 2.824e-01 6.719e-01 7.167e-01
9.710e-01 2.797e-01 6.654e-01 7.098e-01
9.777e-01 2.770e-01 6.590e-01 7.029e-01
9.844e-01 2.743e-01 6.526e-01 6.962e-01
9.911e-01 2.717e-01 6.463e-01 6.894e-01
9.979e-01 2.691e-01 6.400e-01 6.827e-01
1.005e+00 2.664e-01 6.338e-01 6.761e-01
1.012e+00 2.638e-01 6.276e-01 6.695e-01
1.018e+00 2.613e-01 6.215e-01 6.630e-01
1.025e+00 2.587e-01 6.154e-01 6.565e-01
1.032e+00 2.562e-01 6.094e-01 6.501e-01
1.039e+00 2.537e-01 6.034e-01 6.437e-01
1.047e+00 2.512e-01 5.975e-01 6.373e-01
1.054e+00 2.487e-01 5.916e-01 6.311e-01
1.061e+00 2.462e-01 5.857e-01 6.248e-01
1.068e+00 2.438e-01 5.798e-01 6.185e-01
1.075e+00 2.413e-01 5.739e-01 6.122e-01
1.083e+00 2.388e-01 5.681e-01 6.060e-01
1.090e+00 2.364e-01 5.623e-01 5.998e-01
1.098e+00 2.340e-01 5.566e-01 5.937e-01
1.105e+00 2.316e-01 5.509e-01 5.876e-01
1.113e+00 2.292e-01 5.452e-01 5.816e-01
1.120e+00 2.268e-01 5.396e-01 5.756e-01
1.128e+00 2.245e-01 5.340e-01 5.697e-01
1.136e+00 2.222e-01 5.285e-01 5.638e-01
1.143e+00 2.199e-01 5.230e-01 5.579e-01
1.151e+00 2.176e-01 5.176e-01 5.522e-01
1.159e+00 2.153e-01 5.122e-01 5.464e-01
1.167e+00 2.131e-01 5.069e-01 5.408e-01
1.175e+00 2.109e-01 5.017e-01 5.352e-01
1.183e+00 2.087e-01 4.965e-01 5.296e-01
1.191e+00 2.066e-01 4.914e-01 5.241e-01
1.199e+00 2.044e-01 4.862e-01 5.187e-01
1.207e+00 2.023e-01 4.812e-01 5.133e-01
1.216e+00 2.002e-01 4.761e-01 5.079e-01
1.224e+00 1.981e-01 4.711e-01 5.026e-01
1.232e+00 1.960e-01 4.662e-01 4.973e-01
1.241e+00 1.939e-01 4.613e-01 4.921e-01
1.249e+00 1.919e-01 4.564e-01 4.869e-01
1.258e+00 1.898e-01 4.516e-01 4.817e-01
1.266e+00 1.878e-01 4.468e-01 4.766e-01
1.275e+00 1.859e-01 4.421e-01 4.716e-01
1.284e+00 1.839e-01 4.374e-01 4.666e-01
1.293e+00 1.819e-01 4.328e-01 4.616e-01
1.301e+00 1.800e-01 4.282e-01 4.567e-01
1.310e+00 1.781e-01 4.236e-01 4.518e-01
1.319e+00 1.762e-01 4.190e-01 4.470e-01
1.328e+00 1.743e-01 4.145e-01 4.422e-01
1.337e+00 1.724e-01 4.101e-01 4.374e-01
1.346e+00 1.705e-01 4.057e-01 4.327e-01
1.356e+00 1.687e-01 4.013e-01 4.280e-01
1.365e+00 1.668e-01 3.969e-01 4.233e-01
1.374e+00 1.650e-01 3.925e-01 4.187e-01
1.384e+00 1.632e-01 3.882e-01 4.141e-01
1.393e+00 1.614e-01 3.839e-01 4.095e-01
1.403e+00 1.596e-01 3.796e-01 4.049e-01
1.412e+00 1.578e-01 3.754e-01 4.004e-01
1.422e+00 1.561e-01 3.712e-01 3.960e-01
1.432e+00 1.543e-01 3.671e-01 3.916e-01
1.441e+00 1.526e-01 3.630e-01 3.872e-01
1.451e+00 1.509e-01 3.589e-01 3.828e-01
1.461e+00 1.492e-01 3.549e-01 3.786e-01
1.471e+00 1.475e-01 3.509e-01 3.744e-01
1.481e+00 1.459e-01 3.470e-01 3.702e-01
1.491e+00 1.443e-01 3.431e-01 3.660e-01
1.501e+00 1.426e-01 3.393e-01 3.619e-01
1.512e+00 1.410e-01 3.355e-01 3.579e-01
1.522e+00 1.394e-01 3.317e-01 3.538e-01
1.532e+00 1.379e-01 3.279e-01 3.498e-01
1.543e+00 1.363e-01 3.242e-01 3.458e-01
1.553e+00 1.348e-01 3.206e-01 3.419e-01
1.564e+00 1.332e-01 3.170e-01 3.381e-01
1.575e+00 1.317e-01 3.134e-01 3.343e-01
1.585e+00 1.303e-01 3.098e-01 3.305e-01
1.596e+00 1.288e-01 3.063e-01 3.268e-01
1.607e+00 1.273e-01 3.028e-01 3.231e-01
1.618e+00 1.259e-01 2.994e-01 3.194e-01
1.629e+00 1.244e-01 2.960e-01 3.157e-01
1.640e+00 1.230e-01 2.926e-01 3.121e-01
1.652e+00 1.216e-01 2.892e-01 3.085e-01
1.663e+00 1.202e-01 2.858e-01 3.049e-01
1.674e+00 1.188e-01 2.825e-01 3.014e-01
1.686e+00 1.174e-01 2.792e-01 2.978e-01
1.697e+00 1.160e-01 2.759e-01 2.944e-01
1.709e+00 1.146e-01 2.727e-01 2.909e-01
1.720e+00 1.133e-01 2.695e-01 2.875e-01
1.732e+00 1.120e-01 2.663e-01 2.841e-01
1.744e+00 1.106e-01 2.631e-01 2.807e-01
1.756e+00 1.092e-01 2.599e-01 2.772e-01
1.768e+00 1.079e-01 2.566e-01 2.737e-01
1.780e+00 1.065e-01 2.534e-01 2.703e-01
1.792e+00 1.052e-01 2.502e-01 2.669e-01
1.804e+00 1.039e-01 2.471e-01 2.636e-01
1.817e+00 1.026e-01 2.439e-01 2.602e-01
1.829e+00 1.012e-01 2.408e-01 2.569e-01
1.842e+00 9.997e-02 2.378e-01 2.537e-01
1.854e+00 9.877e-02 2.350e-01 2.506e-01
1.867e+00 9.758e-02 2.321e-01 2.476e-01
1.880e+00 9.640e-02 2.293e-01 2.446e-01
1.893e+00 9.524e-02 2.265e-01 2.417e-01
1.905e+00 9.408e-02 2.238e-01 2.387e-01
1.918e+00 9.293e-02 2.211e-01 2.358e-01
1.932e+00 9.180e-02 2.184e-01 2.329e-01
1.945e+00 9.065e-02 2.156e-01 2.300e-01
1.958e+00 8.950e-02 2.129e-01 2.271e-01
1.971e+00 8.835e-02 2.102e-01 2.242e-01
1.985e+00 8.723e-02 2.075e-01 2.213e-01
1.998e+00 8.611e-02 2.048e-01 2.185e-01
2.012e+00 8.500e-02 2.022e-01 2.157e-01
2.026e+00 8.390e-02 1.996e-01 2.129e-01
2.040e+00 8.281e-02 1.970e-01 2.101e-01
2.054e+00 8.174e-02 1.944e-01 2.074e-01
2.068e+00 8.067e-02 1.919e-01 2.047e-01
2.082e+00 7.962e-02 1.894e-01 2.020e-01
2.096e+00 7.857e-02 1.869e-01 1.994e-01
2.110e+00 7.754e-02 1.844e-01 1.968e-01
2.125e+00 7.652e-02 1.820e-01 1.942e-01
2.139e+00 7.551e-02 1.796e-01 1.916e-01
2.154e+00 7.452e-02 1.773e-01 1.891e-01
2.169e+00 7.354e-02 1.749e-01 1.866e-01
2.183e+00 7.256e-02 1.726e-01 1.841e-01
2.198e+00 7.160e-02 1.703e-01 1.817e-01
2.213e+00 7.064e-02 1.680e-01 1.793e-01
2.229e+00 6.970e-02 1.658e-01 1.769e-01
2.244e+00 6.876e-02 1.636e-01 1.745e-01
2.259e+00 6.783e-02 1.613e-01 1.721e-01
2.275e+00 6.691e-02 1.592e-01 1.698e-01
2.290e+00 6.600e-02 1.570e-01 1.675e-01
2.306e+00 6.509e-02 1.548e-01 1.652e-01
2.321e+00 6.420e-02 1.527e-01 1.629e-01
2.337e+00 6.334e-02 1.507e-01 1.607e-01
2.353e+00 6.251e-02 1.487e-01 1.586e-01
2.369e+00 6.170e-02 1.468e-01 1.566e-01
2.386e+00 6.089e-02 1.448e-01 1.545e-01
2.402e+00 6.009e-02 1.429e-01 1.525e-01
2.418e+00 5.930e-02 1.411e-01 1.505e-01
2.435e+00 5.845e-02 1.390e-01 1.483e-01
2.451e+00 5.761e-02 1.371e-01 1.462e-01
2.468e+00 5.679e-02 1.351e-01 1.441e-01
2.485e+00 5.597e-02 1.331e-01 1.420e-01
2.502e+00 5.516e-02 1.312e-01 1.400e-01
2.519e+00 5.437e-02 1.293e-01 1.380e-01
2.536e+00 5.360e-02 1.275e-01 1.360e-01
2.554e+00 5.284e-02 1.257e-01 1.341e-01
2.571e+00 5.208e-02 1.239e-01 1.322e-01
2.589e+00 5.133e-02 1.221e-01 1.303e-01
2.606e+00 5.059e-02 1.203e-01 1.284e-01
2.624e+00 4.985e-02 1.186e-01 1.265e-01
2.642e+00 4.912e-02 1.168e-01 1.246e-01
2.660e+00 4.840e-02 1.151e-01 1.228e-01
2.678e+00 4.768e-02 1.134e-01 1.210e-01
2.697e+00 4.697e-02 1.117e-01 1.192e-01
2.715e+00 4.632e-02 1.102e-01 1.175e-01
2.734e+00 4.568e-02 1.087e-01 1.159e-01
2.752e+00 4.505e-02 1.072e-01 1.143e-01
2.771e+00 4.443e-02 1.057e-01 1.127e-01
2.790e+00 4.381e-02 1.042e-01 1.112e-01
2.809e+00 4.311e-02 1.025e-01 1.094e-01
2.828e+00 4.242e-02 1.009e-01 1.076e-01
2.848e+00 4.173e-02 9.927e-02 1.059e-01
2.867e+00 4.105e-02 9.766e-02 1.042e-01
2.887e+00 4.045e-02 9.622e-02 1.026e-01
2.906e+00 3.986e-02 9.481e-02 1.011e-01
2.926e+00 3.927e-02 9.341e-02 9.964e-02
2.946e+00 3.869e-02 9.203e-02 9.817e-02
2.966e+00 3.811e-02 9.066e-02 9.671e-02
2.987e+00 3.755e-02 8.931e-02 9.527e-02
3.007e+00 3.698e-02 8.797e-02 9.384e-02
3.028e+00 3.643e-02 8.665e-02 9.243e-02
3.048e+00 3.588e-02 8.534e-02 9.103e-02
3.069e+00 3.534e-02 8.407e-02 8.968e-02
3.090e+00 3.482e-02 8.282e-02 8.835e-02
3.111e+00 3.430e-02 8.159e-02 8.703e-02
3.132e+00 3.379e-02 8.037e-02 8.573e-02
3.154e+00 3.328e-02 7.915e-02 8.443e-02
3.175e+00 3.276e-02 7.794e-02 8.314e-02
3.197e+00 3.226e-02 7.673e-02 8.185e-02
3.219e+00 3.176e-02 7.555e-02 8.059e-02
3.241e+00 3.123e-02 7.429e-02 7.925e-02
3.263e+00 3.067e-02 7.297e-02 7.783e-02
3.285e+00 3.012e-02 7.166e-02 7.644e-02
3.308e+00 2.958e-02 7.036e-02 7.506e-02
3.330e+00 2.911e-02 6.924e-02 7.386e-02
3.353e+00 2.866e-02 6.817e-02 7.272e-02
3.376e+00 2.821e-02 6.711e-02 7.159e-02
3.399e+00 2.777e-02 6.607e-02 7.048e-02
3.422e+00 2.734e-02 6.503e-02 6.937e-02
3.446e+00 2.691e-02 6.400e-02 6.827e-02
3.469e+00 2.648e-02 6.299e-02 6.719e-02
3.493e+00 2.606e-02 6.198e-02 6.612e-02
3.517e+00 2.563e-02 6.097e-02 6.504e-02
3.541e+00 2.520e-02 5.995e-02 6.395e-02
3.565e+00 2.477e-02 5.893e-02 6.287e-02
3.589e+00 2.435e-02 5.793e-02 6.180e-02
3.614e+00 2.394e-02 5.694e-02 6.074e-02
3.639e+00 2.353e-02 5.596e-02 5.970e-02
3.663e+00 2.312e-02 5.500e-02 5.867e-02
3.688e+00 2.272e-02 5.404e-02 5.765e-02
3.714e+00 2.231e-02 5.307e-02 5.661e-02
3.739e+00 2.190e-02 5.210e-02 5.557e-02
3.765e+00 2.150e-02 5.114e-02 5.455e-02
3.790e+00 2.111e-02 5.022e-02 5.357e-02
3.816e+00 2.076e-02 4.939e-02 5.269e-02
3.842e+00 2.042e-02 4.858e-02 5.182e-02
3.869e+00 2.009e-02 4.778e-02 5.097e-02
3.895e+00 1.975e-02 4.699e-02 5.012e-02
3.922e+00 1.940e-02 4.615e-02 4.923e-02
3.948e+00 1.905e-02 4.533e-02 4.835e-02
3.975e+00 1.871e-02 4.451e-02 4.748e-02
4.003e+00 1.838e-02 4.372e-02 4.664e-02
4.030e+00 1.806e-02 4.296e-02 4.582e-02
4.057e+00 1.774e-02 4.220e-02 4.501e-02
4.085e+00 1.742e-02 4.145e-02 4.421e-02
4.113e+00 nan nan nan
4.141e+00 nan nan nan
4.169e+00 nan nan nan
4.198e+00 nan nan nan
4.227e+00 nan nan nan
4.255e+00 nan nan nan
4.285e+00 nan nan nan
4.314e+00 nan nan nan
4.343e+00 nan nan nan
4.373e+00 nan nan nan
4.403e+00 nan nan nan
4.433e+00 nan nan nan
4.463e+00 nan nan nan
4.494e+00 nan nan nan
4.524e+00 nan nan nan
4.555e+00 nan nan nan
4.586e+00 nan nan nan
4.618e+00 nan nan nan
4.649e+00 nan nan nan
4.681e+00 nan nan nan
4.713e+00 nan nan nan
4.745e+00 nan nan nan
4.778e+00 nan nan nan
4.810e+00 nan nan nan
4.843e+00 nan nan nan
4.876e+00 nan nan nan
4.910e+00 nan nan nan
4.943e+00 nan nan nan
4.977e+00 nan nan nan
5.011e+00 nan nan nan
5.045e+00 nan nan nan
5.080e+00 nan nan nan
5.114e+00 nan nan nan
5.149e+00 nan nan nan
5.185e+00 nan nan nan
5.220e+00 nan nan nan
5.256e+00 nan nan nan
5.292e+00 nan nan nan
5.328e+00 nan nan nan
5.364e+00 nan nan nan
5.401e+00 nan nan nan
5.438e+00 nan nan nan
5.475e+00 nan nan nan
5.512e+00 nan nan nan
5.550e+00 nan nan nan
5.588e+00 nan nan nan
5.626e+00 nan nan nan
5.664e+00 nan nan nan
5.703e+00 nan nan nan
5.742e+00 nan nan nan
5.781e+00 nan nan nan
5.821e+00 nan nan nan
5.861e+00 nan nan nan
5.901e+00 nan nan nan
5.941e+00 nan nan nan
5.982e+00 nan nan nan
6.022e+00 nan nan nan
6.064e+00 nan nan nan
6.105e+00 nan nan nan
6.147e+00 nan nan nan
6.189e+00 nan nan nan
6.231e+00 nan nan nan
6.274e+00 nan nan nan
6.316e+00 nan nan nan
6.360e+00 nan nan nan
6.403e+00 nan nan nan
6.447e+00 nan nan nan
6.491e+00 nan nan nan
6.535e+00 nan nan nan
6.580e+00 nan nan nan
6.625e+00 nan nan nan
6.670e+00 nan nan nan
6.716e+00 nan nan nan
6.761e+00 nan nan nan
6.808e+00 nan nan nan
6.854e+00 nan nan nan
6.901e+00 nan nan nan
6.948e+00 nan nan nan
6.996e+00 nan nan nan
7.043e+00 nan nan nan
7.092e+00 nan nan nan
7.140e+00 nan nan nan
7.189e+00 nan nan nan
7.238e+00 nan nan nan
7.287e+00 nan nan nan
7.337e+00 nan nan nan
7.387e+00 nan nan nan
7.438e+00 nan nan nan
7.489e+00 nan nan nan
7.540e+00 nan nan nan
7.591e+00 nan nan nan
7.643e+00 nan nan nan
7.695e+00 nan nan nan
7.748e+00 nan nan nan
7.801e+00 nan nan nan
7.854e+00 nan nan nan
7.908e+00 nan nan nan
7.962e+00 nan nan nan
8.016e+00 nan nan nan
8.071e+00 nan nan nan
8.126e+00 nan nan nan
8.182e+00 nan nan nan
8.238e+00 nan nan nan
8.294e+00 nan nan nan
8.351e+00 nan nan nan
8.408e+00 nan nan nan
8.465e+00 nan nan nan
8.523e+00 nan nan nan
8.581e+00 nan nan nan
8.640e+00 nan nan nan
8.699e+00 nan nan nan
8.758e+00 nan nan nan
8.818e+00 nan nan nan
8.878e+00 nan nan nan
8.939e+00 nan nan nan
9.000e+00 nan nan nan
