# e- + H+ + LiH -> H + LiH+ + e-
# Spectrum for ICEC with E_in = 1 eV
# Box length for dissociative states of D^+: 8 Angstrom
# E_out [eV] | xs [Mb] | diss_energy [eV]
6.796e+00 3.272e-01 1.769e-03
6.792e+00 3.939e-01 6.607e-03
6.785e+00 4.283e-01 1.334e-02
6.776e+00 4.583e-01 2.164e-02
6.767e+00 4.873e-01 3.136e-02
6.756e+00 5.157e-01 4.240e-02
6.743e+00 5.428e-01 5.470e-02
6.730e+00 5.676e-01 6.821e-02
6.715e+00 5.888e-01 8.289e-02
6.699e+00 6.053e-01 9.870e-02
6.683e+00 6.157e-01 1.156e-01
6.664e+00 6.192e-01 1.336e-01
6.645e+00 6.148e-01 1.527e-01
6.625e+00 6.023e-01 1.729e-01
6.604e+00 5.816e-01 1.940e-01
6.582e+00 5.533e-01 2.162e-01
6.559e+00 5.182e-01 2.395e-01
6.534e+00 4.775e-01 2.637e-01
6.509e+00 4.328e-01 2.889e-01
6.483e+00 3.856e-01 3.151e-01
6.456e+00 3.376e-01 3.423e-01
6.428e+00 2.903e-01 3.704e-01
6.399e+00 2.453e-01 3.995e-01
6.369e+00 2.034e-01 4.295e-01
6.338e+00 1.656e-01 4.605e-01
6.306e+00 1.324e-01 4.925e-01
6.273e+00 1.039e-01 5.253e-01
6.239e+00 7.994e-02 5.591e-01
6.204e+00 6.037e-02 5.939e-01
6.169e+00 4.473e-02 6.295e-01
6.132e+00 3.252e-02 6.660e-01
6.095e+00 2.319e-02 7.035e-01
6.056e+00 1.622e-02 7.419e-01
6.017e+00 1.113e-02 7.811e-01
5.977e+00 7.493e-03 8.213e-01
5.936e+00 4.947e-03 8.623e-01
5.894e+00 3.204e-03 9.042e-01
5.851e+00 2.036e-03 9.470e-01
5.807e+00 1.269e-03 9.907e-01
5.763e+00 7.762e-04 1.035e+00
5.717e+00 4.658e-04 1.081e+00
5.671e+00 2.744e-04 1.127e+00
5.624e+00 1.587e-04 1.174e+00
5.576e+00 9.017e-05 1.222e+00
5.527e+00 5.122e-05 1.271e+00
