# K+ Photoionization cross section
# https://royalsocietypublishing.org/doi/10.1098/rspa.1968.0083
# Energy [angstrom] cross section [MB]
2.85321e+3 6.70620e-3
2.84720e+3 6.23933e-3
2.83849e+3 5.74657e-3
2.82848e+3 5.21978e-3
2.81784e+3 4.95238e-3
2.80943e+3 4.52202e-3
2.79883e+3 4.34292e-3
2.79116e+3 4.07089e-3
2.78242e+3 3.94200e-3
2.77024e+3 3.81725e-3
2.76415e+3 3.74866e-3
2.75303e+3 3.68421e-3
2.74270e+3 3.81310e-3
2.73384e+3 3.86758e-3
2.72461e+3 3.87189e-3
2.71382e+3 4.18969e-3
2.70381e+3 4.41114e-3
2.69380e+3 4.67621e-3
2.68379e+3 4.98826e-3
2.67378e+3 5.34393e-3
2.66414e+3 5.80240e-3
2.65214e+3 6.32653e-3
2.64340e+3 6.77766e-3
2.63557e+3 7.21957e-3
2.62556e+3 7.86715e-3
2.61555e+3 8.57848e-3
2.60599e+3 9.28378e-3
2.59644e+3 1.00213e-2
2.58643e+3 1.08098e-2
2.57733e+3 1.15606e-2
2.56868e+3 1.23878e-2
2.55959e+3 1.32330e-2
2.55094e+3 1.40089e-2
2.54548e+3 1.48154e-2
2.53694e+3 1.54780e-2
2.53001e+3 1.63696e-2
2.52137e+3 1.71472e-2
2.51454e+3 1.78972e-2
2.50772e+3 1.86789e-2
2.50044e+3 1.94955e-2
2.49361e+3 2.03016e-2
2.48679e+3 2.11103e-2
2.47996e+3 2.19098e-2
2.47314e+3 2.27112e-2
2.46586e+3 2.36708e-2
2.45904e+3 2.45303e-2
2.45267e+3 2.53265e-2
2.44630e+3 2.61595e-2
2.43993e+3 2.69873e-2
2.43401e+3 2.77739e-2
2.42810e+3 2.85850e-2
2.42173e+3 2.94497e-2
2.41536e+3 3.02986e-2
2.40904e+3 3.10741e-2
2.40348e+3 3.17830e-2
2.39712e+3 3.26208e-2
2.39033e+3 3.36842e-2
2.38441e+3 3.44253e-2
2.37987e+3 3.51284e-2
2.37395e+3 3.59615e-2
2.36850e+3 3.67304e-2
2.36304e+3 3.75055e-2
2.35548e+3 3.83495e-2
2.35030e+3 3.90249e-2
2.34628e+3 3.99033e-2
2.34029e+3 4.07165e-2
2.33483e+3 4.15347e-2
2.32937e+3 4.23528e-2
2.32391e+3 4.31833e-2
2.31845e+3 4.40322e-2
2.31299e+3 4.48872e-2
2.30753e+3 4.57546e-2
2.30207e+3 4.65727e-2
2.29661e+3 4.74155e-2
2.29115e+3 4.82398e-2
2.28569e+3 4.91010e-2
2.28023e+3 4.99684e-2
2.27522e+3 5.07840e-2
2.27068e+3 5.15222e-2
2.26613e+3 5.22899e-2
2.26112e+3 5.31302e-2
2.25612e+3 5.39213e-2
2.25157e+3 5.46964e-2
2.24702e+3 5.54272e-2
2.24201e+3 5.62552e-2
2.23701e+3 5.70512e-2
2.23200e+3 5.78791e-2
2.22609e+3 5.87078e-2
2.22234e+3 5.93663e-2
2.21699e+3 6.00998e-2
2.21360e+3 6.07197e-2
2.21107e+3 6.12686e-2
2.20607e+3 6.21150e-2
2.20106e+3 6.29726e-2
2.19606e+3 6.36135e-2
2.18631e+3 6.60516e-2
2.16506e+3 7.00618e-2
2.14380e+3 7.43839e-2
2.12119e+3 7.87092e-2
2.09926e+3 8.23125e-2
2.07699e+3 8.61323e-2
2.06080e+3 8.98483e-2
2.03853e+3 9.37465e-2
2.01626e+3 9.80228e-2
1.99399e+3 1.02299e-1
1.97172e+3 1.06520e-1
1.94945e+3 1.10760e-1
1.92718e+3 1.14981e-1
1.90491e+3 1.19111e-1
1.88264e+3 1.23295e-1
1.86037e+3 1.27480e-1
1.83810e+3 1.31554e-1
1.81584e+3 1.35647e-1
1.79357e+3 1.39813e-1
1.77130e+3 1.43869e-1
1.74903e+3 1.47668e-1
1.72676e+3 1.51449e-1
1.70449e+3 1.54624e-1
1.68969e+3 1.57333e-1
1.67210e+3 1.60570e-1
1.64983e+3 1.64149e-1
1.62756e+3 1.67802e-1
1.60529e+3 1.71142e-1
1.58302e+3 1.74445e-1
1.56075e+3 1.77749e-1
1.53848e+3 1.80906e-1
1.51621e+3 1.83934e-1
1.49394e+3 1.86815e-1
1.47167e+3 1.89642e-1
1.44941e+3 1.92358e-1
1.42714e+3 1.94946e-1
1.40487e+3 1.97460e-1
1.38260e+3 1.99846e-1
1.36033e+3 2.02049e-1
1.33806e+3 2.04196e-1
1.31579e+3 2.06215e-1
1.29352e+3 2.08124e-1
1.27125e+3 2.09867e-1
1.24898e+3 2.11445e-1
1.22531e+3 2.12911e-1
1.21504e+3 2.13333e-1

