# e- + H+ + LiH -> H + LiH+ + e-
# Rydberg states up to n=10 ICEC cross section
# R = 3.952 Angstrom
# Number of initial vibrational states: 1
# Number of final vibrational states: 7
# E_in [eV] | xs [Mb] vD=0 n=2 | ... | xs vD=0 n=10
4.280e+00 0.000e+00 0.000e+00 0.000e+00 0.000e+00 0.000e+00 0.000e+00 0.000e+00 0.000e+00 0.000e+00
4.285e+00 0.000e+00 0.000e+00 0.000e+00 0.000e+00 0.000e+00 0.000e+00 0.000e+00 0.000e+00 0.000e+00
4.291e+00 0.000e+00 0.000e+00 0.000e+00 0.000e+00 0.000e+00 0.000e+00 0.000e+00 0.000e+00 0.000e+00
4.296e+00 0.000e+00 0.000e+00 0.000e+00 0.000e+00 0.000e+00 0.000e+00 0.000e+00 0.000e+00 0.000e+00
4.302e+00 0.000e+00 0.000e+00 0.000e+00 0.000e+00 0.000e+00 0.000e+00 0.000e+00 0.000e+00 0.000e+00
4.307e+00 0.000e+00 0.000e+00 0.000e+00 0.000e+00 0.000e+00 0.000e+00 0.000e+00 0.000e+00 0.000e+00
4.313e+00 0.000e+00 0.000e+00 0.000e+00 0.000e+00 0.000e+00 0.000e+00 0.000e+00 0.000e+00 0.000e+00
4.318e+00 0.000e+00 0.000e+00 0.000e+00 0.000e+00 0.000e+00 0.000e+00 0.000e+00 0.000e+00 0.000e+00
4.324e+00 0.000e+00 0.000e+00 0.000e+00 0.000e+00 0.000e+00 0.000e+00 0.000e+00 0.000e+00 0.000e+00
4.329e+00 0.000e+00 0.000e+00 0.000e+00 0.000e+00 0.000e+00 0.000e+00 0.000e+00 0.000e+00 0.000e+00
4.334e+00 0.000e+00 0.000e+00 0.000e+00 0.000e+00 0.000e+00 0.000e+00 0.000e+00 0.000e+00 0.000e+00
4.340e+00 0.000e+00 0.000e+00 0.000e+00 0.000e+00 0.000e+00 0.000e+00 0.000e+00 0.000e+00 0.000e+00
4.345e+00 0.000e+00 0.000e+00 0.000e+00 0.000e+00 0.000e+00 0.000e+00 0.000e+00 0.000e+00 0.000e+00
4.351e+00 0.000e+00 0.000e+00 0.000e+00 0.000e+00 0.000e+00 0.000e+00 0.000e+00 0.000e+00 0.000e+00
4.356e+00 0.000e+00 0.000e+00 0.000e+00 0.000e+00 0.000e+00 0.000e+00 0.000e+00 0.000e+00 0.000e+00
4.362e+00 0.000e+00 0.000e+00 0.000e+00 0.000e+00 0.000e+00 0.000e+00 0.000e+00 0.000e+00 0.000e+00
4.367e+00 0.000e+00 0.000e+00 0.000e+00 0.000e+00 0.000e+00 0.000e+00 0.000e+00 0.000e+00 0.000e+00
4.373e+00 0.000e+00 0.000e+00 0.000e+00 0.000e+00 0.000e+00 0.000e+00 0.000e+00 0.000e+00 0.000e+00
4.379e+00 0.000e+00 0.000e+00 0.000e+00 0.000e+00 0.000e+00 0.000e+00 0.000e+00 0.000e+00 0.000e+00
4.384e+00 0.000e+00 0.000e+00 0.000e+00 0.000e+00 0.000e+00 0.000e+00 0.000e+00 0.000e+00 0.000e+00
4.390e+00 0.000e+00 0.000e+00 0.000e+00 0.000e+00 0.000e+00 0.000e+00 0.000e+00 0.000e+00 0.000e+00
4.395e+00 0.000e+00 0.000e+00 0.000e+00 0.000e+00 0.000e+00 0.000e+00 0.000e+00 0.000e+00 0.000e+00
4.401e+00 0.000e+00 0.000e+00 0.000e+00 0.000e+00 0.000e+00 0.000e+00 0.000e+00 0.000e+00 0.000e+00
4.406e+00 6.243e-02 0.000e+00 0.000e+00 0.000e+00 0.000e+00 0.000e+00 0.000e+00 0.000e+00 0.000e+00
4.412e+00 6.213e-02 0.000e+00 0.000e+00 0.000e+00 0.000e+00 0.000e+00 0.000e+00 0.000e+00 0.000e+00
4.417e+00 6.184e-02 0.000e+00 0.000e+00 0.000e+00 0.000e+00 0.000e+00 0.000e+00 0.000e+00 0.000e+00
4.423e+00 6.155e-02 0.000e+00 0.000e+00 0.000e+00 0.000e+00 0.000e+00 0.000e+00 0.000e+00 0.000e+00
4.429e+00 6.127e-02 0.000e+00 0.000e+00 0.000e+00 0.000e+00 0.000e+00 0.000e+00 0.000e+00 0.000e+00
4.434e+00 1.762e-01 0.000e+00 0.000e+00 0.000e+00 0.000e+00 0.000e+00 0.000e+00 0.000e+00 0.000e+00
4.440e+00 1.753e-01 0.000e+00 0.000e+00 0.000e+00 0.000e+00 0.000e+00 0.000e+00 0.000e+00 0.000e+00
4.445e+00 1.744e-01 0.000e+00 0.000e+00 0.000e+00 0.000e+00 0.000e+00 0.000e+00 0.000e+00 0.000e+00
4.451e+00 1.736e-01 0.000e+00 0.000e+00 0.000e+00 0.000e+00 0.000e+00 0.000e+00 0.000e+00 0.000e+00
4.457e+00 1.727e-01 0.000e+00 0.000e+00 0.000e+00 0.000e+00 0.000e+00 0.000e+00 0.000e+00 0.000e+00
4.462e+00 1.718e-01 0.000e+00 0.000e+00 0.000e+00 0.000e+00 0.000e+00 0.000e+00 0.000e+00 0.000e+00
4.468e+00 1.710e-01 0.000e+00 0.000e+00 0.000e+00 0.000e+00 0.000e+00 0.000e+00 0.000e+00 0.000e+00
4.474e+00 1.701e-01 0.000e+00 0.000e+00 0.000e+00 0.000e+00 0.000e+00 0.000e+00 0.000e+00 0.000e+00
4.479e+00 1.693e-01 0.000e+00 0.000e+00 0.000e+00 0.000e+00 0.000e+00 0.000e+00 0.000e+00 0.000e+00
4.485e+00 1.684e-01 0.000e+00 0.000e+00 0.000e+00 0.000e+00 0.000e+00 0.000e+00 0.000e+00 0.000e+00
4.491e+00 1.676e-01 0.000e+00 0.000e+00 0.000e+00 0.000e+00 0.000e+00 0.000e+00 0.000e+00 0.000e+00
4.496e+00 1.668e-01 0.000e+00 0.000e+00 0.000e+00 0.000e+00 0.000e+00 0.000e+00 0.000e+00 0.000e+00
4.502e+00 1.660e-01 0.000e+00 0.000e+00 0.000e+00 0.000e+00 0.000e+00 0.000e+00 0.000e+00 0.000e+00
4.508e+00 1.666e-01 0.000e+00 0.000e+00 0.000e+00 0.000e+00 0.000e+00 0.000e+00 0.000e+00 0.000e+00
4.513e+00 2.783e-01 0.000e+00 0.000e+00 0.000e+00 0.000e+00 0.000e+00 0.000e+00 0.000e+00 0.000e+00
4.519e+00 2.881e-01 0.000e+00 0.000e+00 0.000e+00 0.000e+00 0.000e+00 0.000e+00 0.000e+00 0.000e+00
4.525e+00 2.867e-01 0.000e+00 0.000e+00 0.000e+00 0.000e+00 0.000e+00 0.000e+00 0.000e+00 0.000e+00
4.531e+00 2.854e-01 0.000e+00 0.000e+00 0.000e+00 0.000e+00 0.000e+00 0.000e+00 0.000e+00 0.000e+00
4.536e+00 2.840e-01 0.000e+00 0.000e+00 0.000e+00 0.000e+00 0.000e+00 0.000e+00 0.000e+00 0.000e+00
4.542e+00 3.937e-01 0.000e+00 0.000e+00 0.000e+00 0.000e+00 0.000e+00 0.000e+00 0.000e+00 0.000e+00
4.548e+00 3.918e-01 0.000e+00 0.000e+00 0.000e+00 0.000e+00 0.000e+00 0.000e+00 0.000e+00 0.000e+00
4.553e+00 3.899e-01 0.000e+00 0.000e+00 0.000e+00 0.000e+00 0.000e+00 0.000e+00 0.000e+00 0.000e+00
4.559e+00 3.880e-01 0.000e+00 0.000e+00 0.000e+00 0.000e+00 0.000e+00 0.000e+00 0.000e+00 0.000e+00
4.565e+00 3.862e-01 0.000e+00 0.000e+00 0.000e+00 0.000e+00 0.000e+00 0.000e+00 0.000e+00 0.000e+00
4.571e+00 3.843e-01 0.000e+00 0.000e+00 0.000e+00 0.000e+00 0.000e+00 0.000e+00 0.000e+00 0.000e+00
4.577e+00 3.824e-01 0.000e+00 0.000e+00 0.000e+00 0.000e+00 0.000e+00 0.000e+00 0.000e+00 0.000e+00
4.582e+00 3.806e-01 0.000e+00 0.000e+00 0.000e+00 0.000e+00 0.000e+00 0.000e+00 0.000e+00 0.000e+00
4.588e+00 3.787e-01 0.000e+00 0.000e+00 0.000e+00 0.000e+00 0.000e+00 0.000e+00 0.000e+00 0.000e+00
4.594e+00 3.769e-01 0.000e+00 0.000e+00 0.000e+00 0.000e+00 0.000e+00 0.000e+00 0.000e+00 0.000e+00
4.600e+00 3.750e-01 0.000e+00 0.000e+00 0.000e+00 0.000e+00 0.000e+00 0.000e+00 0.000e+00 0.000e+00
4.606e+00 3.732e-01 0.000e+00 0.000e+00 0.000e+00 0.000e+00 0.000e+00 0.000e+00 0.000e+00 0.000e+00
4.611e+00 3.714e-01 0.000e+00 0.000e+00 0.000e+00 0.000e+00 0.000e+00 0.000e+00 0.000e+00 0.000e+00
4.617e+00 3.695e-01 0.000e+00 0.000e+00 0.000e+00 0.000e+00 0.000e+00 0.000e+00 0.000e+00 0.000e+00
4.623e+00 3.677e-01 0.000e+00 0.000e+00 0.000e+00 0.000e+00 0.000e+00 0.000e+00 0.000e+00 0.000e+00
4.629e+00 3.659e-01 0.000e+00 0.000e+00 0.000e+00 0.000e+00 0.000e+00 0.000e+00 0.000e+00 0.000e+00
4.635e+00 3.641e-01 0.000e+00 0.000e+00 0.000e+00 0.000e+00 0.000e+00 0.000e+00 0.000e+00 0.000e+00
4.641e+00 3.623e-01 0.000e+00 0.000e+00 0.000e+00 0.000e+00 0.000e+00 0.000e+00 0.000e+00 0.000e+00
4.647e+00 3.605e-01 0.000e+00 0.000e+00 0.000e+00 0.000e+00 0.000e+00 0.000e+00 0.000e+00 0.000e+00
4.652e+00 3.586e-01 0.000e+00 0.000e+00 0.000e+00 0.000e+00 0.000e+00 0.000e+00 0.000e+00 0.000e+00
4.658e+00 3.568e-01 0.000e+00 0.000e+00 0.000e+00 0.000e+00 0.000e+00 0.000e+00 0.000e+00 0.000e+00
4.664e+00 3.550e-01 0.000e+00 0.000e+00 0.000e+00 0.000e+00 0.000e+00 0.000e+00 0.000e+00 0.000e+00
4.670e+00 3.532e-01 0.000e+00 0.000e+00 0.000e+00 0.000e+00 0.000e+00 0.000e+00 0.000e+00 0.000e+00
4.676e+00 3.514e-01 0.000e+00 0.000e+00 0.000e+00 0.000e+00 0.000e+00 0.000e+00 0.000e+00 0.000e+00
4.682e+00 3.496e-01 0.000e+00 0.000e+00 0.000e+00 0.000e+00 0.000e+00 0.000e+00 0.000e+00 0.000e+00
4.688e+00 3.479e-01 0.000e+00 0.000e+00 0.000e+00 0.000e+00 0.000e+00 0.000e+00 0.000e+00 0.000e+00
4.694e+00 3.461e-01 0.000e+00 0.000e+00 0.000e+00 0.000e+00 0.000e+00 0.000e+00 0.000e+00 0.000e+00
4.700e+00 3.443e-01 0.000e+00 0.000e+00 0.000e+00 0.000e+00 0.000e+00 0.000e+00 0.000e+00 0.000e+00
4.706e+00 3.426e-01 0.000e+00 0.000e+00 0.000e+00 0.000e+00 0.000e+00 0.000e+00 0.000e+00 0.000e+00
4.712e+00 3.408e-01 0.000e+00 0.000e+00 0.000e+00 0.000e+00 0.000e+00 0.000e+00 0.000e+00 0.000e+00
4.718e+00 3.391e-01 0.000e+00 0.000e+00 0.000e+00 0.000e+00 0.000e+00 0.000e+00 0.000e+00 0.000e+00
4.724e+00 3.374e-01 0.000e+00 0.000e+00 0.000e+00 0.000e+00 0.000e+00 0.000e+00 0.000e+00 0.000e+00
4.729e+00 3.356e-01 0.000e+00 0.000e+00 0.000e+00 0.000e+00 0.000e+00 0.000e+00 0.000e+00 0.000e+00
4.735e+00 3.339e-01 0.000e+00 0.000e+00 0.000e+00 0.000e+00 0.000e+00 0.000e+00 0.000e+00 0.000e+00
4.741e+00 3.322e-01 0.000e+00 0.000e+00 0.000e+00 0.000e+00 0.000e+00 0.000e+00 0.000e+00 0.000e+00
4.747e+00 3.305e-01 0.000e+00 0.000e+00 0.000e+00 0.000e+00 0.000e+00 0.000e+00 0.000e+00 0.000e+00
4.753e+00 3.289e-01 0.000e+00 0.000e+00 0.000e+00 0.000e+00 0.000e+00 0.000e+00 0.000e+00 0.000e+00
4.759e+00 3.272e-01 0.000e+00 0.000e+00 0.000e+00 0.000e+00 0.000e+00 0.000e+00 0.000e+00 0.000e+00
4.765e+00 3.255e-01 0.000e+00 0.000e+00 0.000e+00 0.000e+00 0.000e+00 0.000e+00 0.000e+00 0.000e+00
4.772e+00 3.238e-01 0.000e+00 0.000e+00 0.000e+00 0.000e+00 0.000e+00 0.000e+00 0.000e+00 0.000e+00
4.778e+00 3.221e-01 0.000e+00 0.000e+00 0.000e+00 0.000e+00 0.000e+00 0.000e+00 0.000e+00 0.000e+00
4.784e+00 3.205e-01 0.000e+00 0.000e+00 0.000e+00 0.000e+00 0.000e+00 0.000e+00 0.000e+00 0.000e+00
4.790e+00 3.189e-01 0.000e+00 0.000e+00 0.000e+00 0.000e+00 0.000e+00 0.000e+00 0.000e+00 0.000e+00
4.796e+00 3.172e-01 0.000e+00 0.000e+00 0.000e+00 0.000e+00 0.000e+00 0.000e+00 0.000e+00 0.000e+00
4.802e+00 3.156e-01 0.000e+00 0.000e+00 0.000e+00 0.000e+00 0.000e+00 0.000e+00 0.000e+00 0.000e+00
4.808e+00 3.140e-01 0.000e+00 0.000e+00 0.000e+00 0.000e+00 0.000e+00 0.000e+00 0.000e+00 0.000e+00
4.814e+00 3.124e-01 0.000e+00 0.000e+00 0.000e+00 0.000e+00 0.000e+00 0.000e+00 0.000e+00 0.000e+00
4.820e+00 3.108e-01 0.000e+00 0.000e+00 0.000e+00 0.000e+00 0.000e+00 0.000e+00 0.000e+00 0.000e+00
4.826e+00 3.092e-01 0.000e+00 0.000e+00 0.000e+00 0.000e+00 0.000e+00 0.000e+00 0.000e+00 0.000e+00
4.832e+00 3.076e-01 0.000e+00 0.000e+00 0.000e+00 0.000e+00 0.000e+00 0.000e+00 0.000e+00 0.000e+00
4.838e+00 3.060e-01 0.000e+00 0.000e+00 0.000e+00 0.000e+00 0.000e+00 0.000e+00 0.000e+00 0.000e+00
4.844e+00 3.045e-01 0.000e+00 0.000e+00 0.000e+00 0.000e+00 0.000e+00 0.000e+00 0.000e+00 0.000e+00
4.851e+00 3.029e-01 0.000e+00 0.000e+00 0.000e+00 0.000e+00 0.000e+00 0.000e+00 0.000e+00 0.000e+00
4.857e+00 3.014e-01 0.000e+00 0.000e+00 0.000e+00 0.000e+00 0.000e+00 0.000e+00 0.000e+00 0.000e+00
4.863e+00 2.998e-01 0.000e+00 0.000e+00 0.000e+00 0.000e+00 0.000e+00 0.000e+00 0.000e+00 0.000e+00
4.869e+00 2.983e-01 0.000e+00 0.000e+00 0.000e+00 0.000e+00 0.000e+00 0.000e+00 0.000e+00 0.000e+00
4.875e+00 2.967e-01 0.000e+00 0.000e+00 0.000e+00 0.000e+00 0.000e+00 0.000e+00 0.000e+00 0.000e+00
4.881e+00 2.953e-01 0.000e+00 0.000e+00 0.000e+00 0.000e+00 0.000e+00 0.000e+00 0.000e+00 0.000e+00
4.887e+00 2.938e-01 0.000e+00 0.000e+00 0.000e+00 0.000e+00 0.000e+00 0.000e+00 0.000e+00 0.000e+00
4.894e+00 2.923e-01 0.000e+00 0.000e+00 0.000e+00 0.000e+00 0.000e+00 0.000e+00 0.000e+00 0.000e+00
4.900e+00 2.909e-01 0.000e+00 0.000e+00 0.000e+00 0.000e+00 0.000e+00 0.000e+00 0.000e+00 0.000e+00
4.906e+00 2.894e-01 0.000e+00 0.000e+00 0.000e+00 0.000e+00 0.000e+00 0.000e+00 0.000e+00 0.000e+00
4.912e+00 2.880e-01 0.000e+00 0.000e+00 0.000e+00 0.000e+00 0.000e+00 0.000e+00 0.000e+00 0.000e+00
4.918e+00 2.866e-01 0.000e+00 0.000e+00 0.000e+00 0.000e+00 0.000e+00 0.000e+00 0.000e+00 0.000e+00
4.925e+00 2.851e-01 0.000e+00 0.000e+00 0.000e+00 0.000e+00 0.000e+00 0.000e+00 0.000e+00 0.000e+00
4.931e+00 2.837e-01 0.000e+00 0.000e+00 0.000e+00 0.000e+00 0.000e+00 0.000e+00 0.000e+00 0.000e+00
4.937e+00 2.823e-01 0.000e+00 0.000e+00 0.000e+00 0.000e+00 0.000e+00 0.000e+00 0.000e+00 0.000e+00
4.943e+00 2.809e-01 0.000e+00 0.000e+00 0.000e+00 0.000e+00 0.000e+00 0.000e+00 0.000e+00 0.000e+00
4.950e+00 2.795e-01 0.000e+00 0.000e+00 0.000e+00 0.000e+00 0.000e+00 0.000e+00 0.000e+00 0.000e+00
4.956e+00 2.781e-01 0.000e+00 0.000e+00 0.000e+00 0.000e+00 0.000e+00 0.000e+00 0.000e+00 0.000e+00
4.962e+00 2.768e-01 0.000e+00 0.000e+00 0.000e+00 0.000e+00 0.000e+00 0.000e+00 0.000e+00 0.000e+00
4.968e+00 2.754e-01 0.000e+00 0.000e+00 0.000e+00 0.000e+00 0.000e+00 0.000e+00 0.000e+00 0.000e+00
4.975e+00 2.740e-01 0.000e+00 0.000e+00 0.000e+00 0.000e+00 0.000e+00 0.000e+00 0.000e+00 0.000e+00
4.981e+00 2.726e-01 0.000e+00 0.000e+00 0.000e+00 0.000e+00 0.000e+00 0.000e+00 0.000e+00 0.000e+00
4.987e+00 2.713e-01 0.000e+00 0.000e+00 0.000e+00 0.000e+00 0.000e+00 0.000e+00 0.000e+00 0.000e+00
4.994e+00 2.699e-01 0.000e+00 0.000e+00 0.000e+00 0.000e+00 0.000e+00 0.000e+00 0.000e+00 0.000e+00
5.000e+00 2.686e-01 0.000e+00 0.000e+00 0.000e+00 0.000e+00 0.000e+00 0.000e+00 0.000e+00 0.000e+00
5.006e+00 2.672e-01 0.000e+00 0.000e+00 0.000e+00 0.000e+00 0.000e+00 0.000e+00 0.000e+00 0.000e+00
5.013e+00 2.659e-01 0.000e+00 0.000e+00 0.000e+00 0.000e+00 0.000e+00 0.000e+00 0.000e+00 0.000e+00
5.019e+00 2.646e-01 0.000e+00 0.000e+00 0.000e+00 0.000e+00 0.000e+00 0.000e+00 0.000e+00 0.000e+00
5.025e+00 2.632e-01 0.000e+00 0.000e+00 0.000e+00 0.000e+00 0.000e+00 0.000e+00 0.000e+00 0.000e+00
5.032e+00 2.618e-01 0.000e+00 0.000e+00 0.000e+00 0.000e+00 0.000e+00 0.000e+00 0.000e+00 0.000e+00
5.038e+00 2.605e-01 0.000e+00 0.000e+00 0.000e+00 0.000e+00 0.000e+00 0.000e+00 0.000e+00 0.000e+00
5.044e+00 2.591e-01 0.000e+00 0.000e+00 0.000e+00 0.000e+00 0.000e+00 0.000e+00 0.000e+00 0.000e+00
5.051e+00 2.578e-01 0.000e+00 0.000e+00 0.000e+00 0.000e+00 0.000e+00 0.000e+00 0.000e+00 0.000e+00
5.057e+00 2.564e-01 0.000e+00 0.000e+00 0.000e+00 0.000e+00 0.000e+00 0.000e+00 0.000e+00 0.000e+00
5.064e+00 2.550e-01 0.000e+00 0.000e+00 0.000e+00 0.000e+00 0.000e+00 0.000e+00 0.000e+00 0.000e+00
5.070e+00 2.537e-01 0.000e+00 0.000e+00 0.000e+00 0.000e+00 0.000e+00 0.000e+00 0.000e+00 0.000e+00
5.076e+00 2.523e-01 0.000e+00 0.000e+00 0.000e+00 0.000e+00 0.000e+00 0.000e+00 0.000e+00 0.000e+00
5.083e+00 2.510e-01 0.000e+00 0.000e+00 0.000e+00 0.000e+00 0.000e+00 0.000e+00 0.000e+00 0.000e+00
5.089e+00 2.497e-01 0.000e+00 0.000e+00 0.000e+00 0.000e+00 0.000e+00 0.000e+00 0.000e+00 0.000e+00
5.096e+00 2.483e-01 0.000e+00 0.000e+00 0.000e+00 0.000e+00 0.000e+00 0.000e+00 0.000e+00 0.000e+00
5.102e+00 2.470e-01 0.000e+00 0.000e+00 0.000e+00 0.000e+00 0.000e+00 0.000e+00 0.000e+00 0.000e+00
5.109e+00 2.457e-01 0.000e+00 0.000e+00 0.000e+00 0.000e+00 0.000e+00 0.000e+00 0.000e+00 0.000e+00
5.115e+00 2.444e-01 0.000e+00 0.000e+00 0.000e+00 0.000e+00 0.000e+00 0.000e+00 0.000e+00 0.000e+00
5.122e+00 2.431e-01 0.000e+00 0.000e+00 0.000e+00 0.000e+00 0.000e+00 0.000e+00 0.000e+00 0.000e+00
5.128e+00 2.418e-01 0.000e+00 0.000e+00 0.000e+00 0.000e+00 0.000e+00 0.000e+00 0.000e+00 0.000e+00
5.134e+00 2.405e-01 0.000e+00 0.000e+00 0.000e+00 0.000e+00 0.000e+00 0.000e+00 0.000e+00 0.000e+00
5.141e+00 2.392e-01 0.000e+00 0.000e+00 0.000e+00 0.000e+00 0.000e+00 0.000e+00 0.000e+00 0.000e+00
5.147e+00 2.380e-01 0.000e+00 0.000e+00 0.000e+00 0.000e+00 0.000e+00 0.000e+00 0.000e+00 0.000e+00
5.154e+00 2.367e-01 0.000e+00 0.000e+00 0.000e+00 0.000e+00 0.000e+00 0.000e+00 0.000e+00 0.000e+00
5.161e+00 2.355e-01 0.000e+00 0.000e+00 0.000e+00 0.000e+00 0.000e+00 0.000e+00 0.000e+00 0.000e+00
5.167e+00 2.342e-01 0.000e+00 0.000e+00 0.000e+00 0.000e+00 0.000e+00 0.000e+00 0.000e+00 0.000e+00
5.174e+00 2.330e-01 0.000e+00 0.000e+00 0.000e+00 0.000e+00 0.000e+00 0.000e+00 0.000e+00 0.000e+00
5.180e+00 2.317e-01 0.000e+00 0.000e+00 0.000e+00 0.000e+00 0.000e+00 0.000e+00 0.000e+00 0.000e+00
5.187e+00 2.305e-01 0.000e+00 0.000e+00 0.000e+00 0.000e+00 0.000e+00 0.000e+00 0.000e+00 0.000e+00
5.193e+00 2.292e-01 0.000e+00 0.000e+00 0.000e+00 0.000e+00 0.000e+00 0.000e+00 0.000e+00 0.000e+00
5.200e+00 2.280e-01 0.000e+00 0.000e+00 0.000e+00 0.000e+00 0.000e+00 0.000e+00 0.000e+00 0.000e+00
5.206e+00 2.268e-01 0.000e+00 0.000e+00 0.000e+00 0.000e+00 0.000e+00 0.000e+00 0.000e+00 0.000e+00
5.213e+00 2.256e-01 0.000e+00 0.000e+00 0.000e+00 0.000e+00 0.000e+00 0.000e+00 0.000e+00 0.000e+00
5.220e+00 2.244e-01 0.000e+00 0.000e+00 0.000e+00 0.000e+00 0.000e+00 0.000e+00 0.000e+00 0.000e+00
5.226e+00 2.231e-01 0.000e+00 0.000e+00 0.000e+00 0.000e+00 0.000e+00 0.000e+00 0.000e+00 0.000e+00
5.233e+00 2.219e-01 0.000e+00 0.000e+00 0.000e+00 0.000e+00 0.000e+00 0.000e+00 0.000e+00 0.000e+00
5.239e+00 2.208e-01 0.000e+00 0.000e+00 0.000e+00 0.000e+00 0.000e+00 0.000e+00 0.000e+00 0.000e+00
5.246e+00 2.196e-01 0.000e+00 0.000e+00 0.000e+00 0.000e+00 0.000e+00 0.000e+00 0.000e+00 0.000e+00
5.253e+00 2.184e-01 0.000e+00 0.000e+00 0.000e+00 0.000e+00 0.000e+00 0.000e+00 0.000e+00 0.000e+00
5.259e+00 2.172e-01 0.000e+00 0.000e+00 0.000e+00 0.000e+00 0.000e+00 0.000e+00 0.000e+00 0.000e+00
5.266e+00 2.160e-01 0.000e+00 0.000e+00 0.000e+00 0.000e+00 0.000e+00 0.000e+00 0.000e+00 0.000e+00
5.273e+00 2.149e-01 0.000e+00 0.000e+00 0.000e+00 0.000e+00 0.000e+00 0.000e+00 0.000e+00 0.000e+00
5.279e+00 2.137e-01 0.000e+00 0.000e+00 0.000e+00 0.000e+00 0.000e+00 0.000e+00 0.000e+00 0.000e+00
5.286e+00 2.125e-01 0.000e+00 0.000e+00 0.000e+00 0.000e+00 0.000e+00 0.000e+00 0.000e+00 0.000e+00
5.293e+00 2.114e-01 0.000e+00 0.000e+00 0.000e+00 0.000e+00 0.000e+00 0.000e+00 0.000e+00 0.000e+00
5.299e+00 2.102e-01 0.000e+00 0.000e+00 0.000e+00 0.000e+00 0.000e+00 0.000e+00 0.000e+00 0.000e+00
5.306e+00 2.091e-01 0.000e+00 0.000e+00 0.000e+00 0.000e+00 0.000e+00 0.000e+00 0.000e+00 0.000e+00
5.313e+00 2.079e-01 0.000e+00 0.000e+00 0.000e+00 0.000e+00 0.000e+00 0.000e+00 0.000e+00 0.000e+00
5.319e+00 2.068e-01 0.000e+00 0.000e+00 0.000e+00 0.000e+00 0.000e+00 0.000e+00 0.000e+00 0.000e+00
5.326e+00 2.057e-01 0.000e+00 0.000e+00 0.000e+00 0.000e+00 0.000e+00 0.000e+00 0.000e+00 0.000e+00
5.333e+00 2.046e-01 0.000e+00 0.000e+00 0.000e+00 0.000e+00 0.000e+00 0.000e+00 0.000e+00 0.000e+00
5.340e+00 2.035e-01 0.000e+00 0.000e+00 0.000e+00 0.000e+00 0.000e+00 0.000e+00 0.000e+00 0.000e+00
5.346e+00 2.024e-01 0.000e+00 0.000e+00 0.000e+00 0.000e+00 0.000e+00 0.000e+00 0.000e+00 0.000e+00
5.353e+00 2.013e-01 0.000e+00 0.000e+00 0.000e+00 0.000e+00 0.000e+00 0.000e+00 0.000e+00 0.000e+00
5.360e+00 2.002e-01 0.000e+00 0.000e+00 0.000e+00 0.000e+00 0.000e+00 0.000e+00 0.000e+00 0.000e+00
5.367e+00 1.991e-01 0.000e+00 0.000e+00 0.000e+00 0.000e+00 0.000e+00 0.000e+00 0.000e+00 0.000e+00
5.374e+00 1.981e-01 0.000e+00 0.000e+00 0.000e+00 0.000e+00 0.000e+00 0.000e+00 0.000e+00 0.000e+00
5.380e+00 1.970e-01 0.000e+00 0.000e+00 0.000e+00 0.000e+00 0.000e+00 0.000e+00 0.000e+00 0.000e+00
5.387e+00 1.959e-01 0.000e+00 0.000e+00 0.000e+00 0.000e+00 0.000e+00 0.000e+00 0.000e+00 0.000e+00
5.394e+00 1.949e-01 0.000e+00 0.000e+00 0.000e+00 0.000e+00 0.000e+00 0.000e+00 0.000e+00 0.000e+00
5.401e+00 1.938e-01 0.000e+00 0.000e+00 0.000e+00 0.000e+00 0.000e+00 0.000e+00 0.000e+00 0.000e+00
5.408e+00 1.928e-01 0.000e+00 0.000e+00 0.000e+00 0.000e+00 0.000e+00 0.000e+00 0.000e+00 0.000e+00
5.414e+00 1.917e-01 0.000e+00 0.000e+00 0.000e+00 0.000e+00 0.000e+00 0.000e+00 0.000e+00 0.000e+00
5.421e+00 1.907e-01 0.000e+00 0.000e+00 0.000e+00 0.000e+00 0.000e+00 0.000e+00 0.000e+00 0.000e+00
5.428e+00 1.897e-01 0.000e+00 0.000e+00 0.000e+00 0.000e+00 0.000e+00 0.000e+00 0.000e+00 0.000e+00
5.435e+00 1.886e-01 0.000e+00 0.000e+00 0.000e+00 0.000e+00 0.000e+00 0.000e+00 0.000e+00 0.000e+00
5.442e+00 1.876e-01 0.000e+00 0.000e+00 0.000e+00 0.000e+00 0.000e+00 0.000e+00 0.000e+00 0.000e+00
5.449e+00 1.866e-01 0.000e+00 0.000e+00 0.000e+00 0.000e+00 0.000e+00 0.000e+00 0.000e+00 0.000e+00
5.456e+00 1.856e-01 0.000e+00 0.000e+00 0.000e+00 0.000e+00 0.000e+00 0.000e+00 0.000e+00 0.000e+00
5.463e+00 1.846e-01 0.000e+00 0.000e+00 0.000e+00 0.000e+00 0.000e+00 0.000e+00 0.000e+00 0.000e+00
5.469e+00 1.836e-01 0.000e+00 0.000e+00 0.000e+00 0.000e+00 0.000e+00 0.000e+00 0.000e+00 0.000e+00
5.476e+00 1.827e-01 0.000e+00 0.000e+00 0.000e+00 0.000e+00 0.000e+00 0.000e+00 0.000e+00 0.000e+00
5.483e+00 1.817e-01 0.000e+00 0.000e+00 0.000e+00 0.000e+00 0.000e+00 0.000e+00 0.000e+00 0.000e+00
5.490e+00 1.807e-01 0.000e+00 0.000e+00 0.000e+00 0.000e+00 0.000e+00 0.000e+00 0.000e+00 0.000e+00
5.497e+00 1.798e-01 0.000e+00 0.000e+00 0.000e+00 0.000e+00 0.000e+00 0.000e+00 0.000e+00 0.000e+00
5.504e+00 1.788e-01 0.000e+00 0.000e+00 0.000e+00 0.000e+00 0.000e+00 0.000e+00 0.000e+00 0.000e+00
5.511e+00 1.779e-01 0.000e+00 0.000e+00 0.000e+00 0.000e+00 0.000e+00 0.000e+00 0.000e+00 0.000e+00
5.518e+00 1.769e-01 0.000e+00 0.000e+00 0.000e+00 0.000e+00 0.000e+00 0.000e+00 0.000e+00 0.000e+00
5.525e+00 1.760e-01 0.000e+00 0.000e+00 0.000e+00 0.000e+00 0.000e+00 0.000e+00 0.000e+00 0.000e+00
5.532e+00 1.750e-01 0.000e+00 0.000e+00 0.000e+00 0.000e+00 0.000e+00 0.000e+00 0.000e+00 0.000e+00
5.539e+00 1.741e-01 0.000e+00 0.000e+00 0.000e+00 0.000e+00 0.000e+00 0.000e+00 0.000e+00 0.000e+00
5.546e+00 1.732e-01 0.000e+00 0.000e+00 0.000e+00 0.000e+00 0.000e+00 0.000e+00 0.000e+00 0.000e+00
5.553e+00 1.722e-01 0.000e+00 0.000e+00 0.000e+00 0.000e+00 0.000e+00 0.000e+00 0.000e+00 0.000e+00
5.560e+00 1.713e-01 0.000e+00 0.000e+00 0.000e+00 0.000e+00 0.000e+00 0.000e+00 0.000e+00 0.000e+00
5.567e+00 1.704e-01 0.000e+00 0.000e+00 0.000e+00 0.000e+00 0.000e+00 0.000e+00 0.000e+00 0.000e+00
5.574e+00 1.695e-01 0.000e+00 0.000e+00 0.000e+00 0.000e+00 0.000e+00 0.000e+00 0.000e+00 0.000e+00
5.581e+00 1.686e-01 0.000e+00 0.000e+00 0.000e+00 0.000e+00 0.000e+00 0.000e+00 0.000e+00 0.000e+00
5.588e+00 1.677e-01 0.000e+00 0.000e+00 0.000e+00 0.000e+00 0.000e+00 0.000e+00 0.000e+00 0.000e+00
5.595e+00 1.667e-01 0.000e+00 0.000e+00 0.000e+00 0.000e+00 0.000e+00 0.000e+00 0.000e+00 0.000e+00
5.602e+00 1.658e-01 0.000e+00 0.000e+00 0.000e+00 0.000e+00 0.000e+00 0.000e+00 0.000e+00 0.000e+00
5.610e+00 1.649e-01 0.000e+00 0.000e+00 0.000e+00 0.000e+00 0.000e+00 0.000e+00 0.000e+00 0.000e+00
5.617e+00 1.640e-01 0.000e+00 0.000e+00 0.000e+00 0.000e+00 0.000e+00 0.000e+00 0.000e+00 0.000e+00
5.624e+00 1.631e-01 0.000e+00 0.000e+00 0.000e+00 0.000e+00 0.000e+00 0.000e+00 0.000e+00 0.000e+00
5.631e+00 1.623e-01 0.000e+00 0.000e+00 0.000e+00 0.000e+00 0.000e+00 0.000e+00 0.000e+00 0.000e+00
5.638e+00 1.614e-01 0.000e+00 0.000e+00 0.000e+00 0.000e+00 0.000e+00 0.000e+00 0.000e+00 0.000e+00
5.645e+00 1.605e-01 0.000e+00 0.000e+00 0.000e+00 0.000e+00 0.000e+00 0.000e+00 0.000e+00 0.000e+00
5.652e+00 1.596e-01 0.000e+00 0.000e+00 0.000e+00 0.000e+00 0.000e+00 0.000e+00 0.000e+00 0.000e+00
5.659e+00 1.588e-01 0.000e+00 0.000e+00 0.000e+00 0.000e+00 0.000e+00 0.000e+00 0.000e+00 0.000e+00
5.667e+00 1.579e-01 0.000e+00 0.000e+00 0.000e+00 0.000e+00 0.000e+00 0.000e+00 0.000e+00 0.000e+00
5.674e+00 1.570e-01 0.000e+00 0.000e+00 0.000e+00 0.000e+00 0.000e+00 0.000e+00 0.000e+00 0.000e+00
5.681e+00 1.562e-01 0.000e+00 0.000e+00 0.000e+00 0.000e+00 0.000e+00 0.000e+00 0.000e+00 0.000e+00
5.688e+00 1.553e-01 0.000e+00 0.000e+00 0.000e+00 0.000e+00 0.000e+00 0.000e+00 0.000e+00 0.000e+00
5.695e+00 1.545e-01 0.000e+00 0.000e+00 0.000e+00 0.000e+00 0.000e+00 0.000e+00 0.000e+00 0.000e+00
5.702e+00 1.536e-01 0.000e+00 0.000e+00 0.000e+00 0.000e+00 0.000e+00 0.000e+00 0.000e+00 0.000e+00
5.710e+00 1.528e-01 0.000e+00 0.000e+00 0.000e+00 0.000e+00 0.000e+00 0.000e+00 0.000e+00 0.000e+00
5.717e+00 1.519e-01 0.000e+00 0.000e+00 0.000e+00 0.000e+00 0.000e+00 0.000e+00 0.000e+00 0.000e+00
5.724e+00 1.511e-01 0.000e+00 0.000e+00 0.000e+00 0.000e+00 0.000e+00 0.000e+00 0.000e+00 0.000e+00
5.731e+00 1.502e-01 0.000e+00 0.000e+00 0.000e+00 0.000e+00 0.000e+00 0.000e+00 0.000e+00 0.000e+00
5.739e+00 1.494e-01 0.000e+00 0.000e+00 0.000e+00 0.000e+00 0.000e+00 0.000e+00 0.000e+00 0.000e+00
5.746e+00 1.485e-01 0.000e+00 0.000e+00 0.000e+00 0.000e+00 0.000e+00 0.000e+00 0.000e+00 0.000e+00
5.753e+00 1.477e-01 0.000e+00 0.000e+00 0.000e+00 0.000e+00 0.000e+00 0.000e+00 0.000e+00 0.000e+00
5.760e+00 1.468e-01 0.000e+00 0.000e+00 0.000e+00 0.000e+00 0.000e+00 0.000e+00 0.000e+00 0.000e+00
5.768e+00 1.460e-01 0.000e+00 0.000e+00 0.000e+00 0.000e+00 0.000e+00 0.000e+00 0.000e+00 0.000e+00
5.775e+00 1.452e-01 0.000e+00 0.000e+00 0.000e+00 0.000e+00 0.000e+00 0.000e+00 0.000e+00 0.000e+00
5.782e+00 1.443e-01 0.000e+00 0.000e+00 0.000e+00 0.000e+00 0.000e+00 0.000e+00 0.000e+00 0.000e+00
5.790e+00 1.435e-01 0.000e+00 0.000e+00 0.000e+00 0.000e+00 0.000e+00 0.000e+00 0.000e+00 0.000e+00
5.797e+00 1.427e-01 0.000e+00 0.000e+00 0.000e+00 0.000e+00 0.000e+00 0.000e+00 0.000e+00 0.000e+00
5.804e+00 1.418e-01 0.000e+00 0.000e+00 0.000e+00 0.000e+00 0.000e+00 0.000e+00 0.000e+00 0.000e+00
5.812e+00 1.410e-01 0.000e+00 0.000e+00 0.000e+00 0.000e+00 0.000e+00 0.000e+00 0.000e+00 0.000e+00
5.819e+00 1.402e-01 0.000e+00 0.000e+00 0.000e+00 0.000e+00 0.000e+00 0.000e+00 0.000e+00 0.000e+00
5.826e+00 1.394e-01 0.000e+00 0.000e+00 0.000e+00 0.000e+00 0.000e+00 0.000e+00 0.000e+00 0.000e+00
5.834e+00 1.386e-01 0.000e+00 0.000e+00 0.000e+00 0.000e+00 0.000e+00 0.000e+00 0.000e+00 0.000e+00
5.841e+00 1.378e-01 0.000e+00 0.000e+00 0.000e+00 0.000e+00 0.000e+00 0.000e+00 0.000e+00 0.000e+00
5.848e+00 1.370e-01 0.000e+00 0.000e+00 0.000e+00 0.000e+00 0.000e+00 0.000e+00 0.000e+00 0.000e+00
5.856e+00 1.362e-01 0.000e+00 0.000e+00 0.000e+00 0.000e+00 0.000e+00 0.000e+00 0.000e+00 0.000e+00
5.863e+00 1.354e-01 0.000e+00 0.000e+00 0.000e+00 0.000e+00 0.000e+00 0.000e+00 0.000e+00 0.000e+00
5.871e+00 1.346e-01 0.000e+00 0.000e+00 0.000e+00 0.000e+00 0.000e+00 0.000e+00 0.000e+00 0.000e+00
5.878e+00 1.338e-01 0.000e+00 0.000e+00 0.000e+00 0.000e+00 0.000e+00 0.000e+00 0.000e+00 0.000e+00
5.886e+00 1.330e-01 0.000e+00 0.000e+00 0.000e+00 0.000e+00 0.000e+00 0.000e+00 0.000e+00 0.000e+00
5.893e+00 1.322e-01 0.000e+00 0.000e+00 0.000e+00 0.000e+00 0.000e+00 0.000e+00 0.000e+00 0.000e+00
5.900e+00 1.314e-01 0.000e+00 0.000e+00 0.000e+00 0.000e+00 0.000e+00 0.000e+00 0.000e+00 0.000e+00
5.908e+00 1.306e-01 0.000e+00 0.000e+00 0.000e+00 0.000e+00 0.000e+00 0.000e+00 0.000e+00 0.000e+00
5.915e+00 1.298e-01 0.000e+00 0.000e+00 0.000e+00 0.000e+00 0.000e+00 0.000e+00 0.000e+00 0.000e+00
5.923e+00 1.290e-01 0.000e+00 0.000e+00 0.000e+00 0.000e+00 0.000e+00 0.000e+00 0.000e+00 0.000e+00
5.930e+00 1.282e-01 0.000e+00 0.000e+00 0.000e+00 0.000e+00 0.000e+00 0.000e+00 0.000e+00 0.000e+00
5.938e+00 1.274e-01 0.000e+00 0.000e+00 0.000e+00 0.000e+00 0.000e+00 0.000e+00 0.000e+00 0.000e+00
5.945e+00 1.267e-01 0.000e+00 0.000e+00 0.000e+00 0.000e+00 0.000e+00 0.000e+00 0.000e+00 0.000e+00
5.953e+00 1.259e-01 0.000e+00 0.000e+00 0.000e+00 0.000e+00 0.000e+00 0.000e+00 0.000e+00 0.000e+00
5.960e+00 1.251e-01 0.000e+00 0.000e+00 0.000e+00 0.000e+00 0.000e+00 0.000e+00 0.000e+00 0.000e+00
5.968e+00 1.244e-01 0.000e+00 0.000e+00 0.000e+00 0.000e+00 0.000e+00 0.000e+00 0.000e+00 0.000e+00
5.975e+00 1.236e-01 0.000e+00 0.000e+00 0.000e+00 0.000e+00 0.000e+00 0.000e+00 0.000e+00 0.000e+00
5.983e+00 1.228e-01 0.000e+00 0.000e+00 0.000e+00 0.000e+00 0.000e+00 0.000e+00 0.000e+00 0.000e+00
5.991e+00 1.221e-01 0.000e+00 0.000e+00 0.000e+00 0.000e+00 0.000e+00 0.000e+00 0.000e+00 0.000e+00
5.998e+00 1.213e-01 0.000e+00 0.000e+00 0.000e+00 0.000e+00 0.000e+00 0.000e+00 0.000e+00 0.000e+00
6.006e+00 1.206e-01 0.000e+00 0.000e+00 0.000e+00 0.000e+00 0.000e+00 0.000e+00 0.000e+00 0.000e+00
6.013e+00 1.199e-01 0.000e+00 0.000e+00 0.000e+00 0.000e+00 0.000e+00 0.000e+00 0.000e+00 0.000e+00
6.021e+00 1.192e-01 0.000e+00 0.000e+00 0.000e+00 0.000e+00 0.000e+00 0.000e+00 0.000e+00 0.000e+00
6.029e+00 1.185e-01 0.000e+00 0.000e+00 0.000e+00 0.000e+00 0.000e+00 0.000e+00 0.000e+00 0.000e+00
6.036e+00 1.178e-01 0.000e+00 0.000e+00 0.000e+00 0.000e+00 0.000e+00 0.000e+00 0.000e+00 0.000e+00
6.044e+00 1.171e-01 0.000e+00 0.000e+00 0.000e+00 0.000e+00 0.000e+00 0.000e+00 0.000e+00 0.000e+00
6.052e+00 1.164e-01 0.000e+00 0.000e+00 0.000e+00 0.000e+00 0.000e+00 0.000e+00 0.000e+00 0.000e+00
6.059e+00 1.157e-01 0.000e+00 0.000e+00 0.000e+00 0.000e+00 0.000e+00 0.000e+00 0.000e+00 0.000e+00
6.067e+00 1.150e-01 0.000e+00 0.000e+00 0.000e+00 0.000e+00 0.000e+00 0.000e+00 0.000e+00 0.000e+00
6.074e+00 1.144e-01 0.000e+00 0.000e+00 0.000e+00 0.000e+00 0.000e+00 0.000e+00 0.000e+00 0.000e+00
6.082e+00 1.137e-01 0.000e+00 0.000e+00 0.000e+00 0.000e+00 0.000e+00 0.000e+00 0.000e+00 0.000e+00
6.090e+00 1.131e-01 0.000e+00 0.000e+00 0.000e+00 0.000e+00 0.000e+00 0.000e+00 0.000e+00 0.000e+00
6.098e+00 1.124e-01 0.000e+00 0.000e+00 0.000e+00 0.000e+00 0.000e+00 0.000e+00 0.000e+00 0.000e+00
6.105e+00 1.117e-01 0.000e+00 0.000e+00 0.000e+00 0.000e+00 0.000e+00 0.000e+00 0.000e+00 0.000e+00
6.113e+00 1.111e-01 0.000e+00 0.000e+00 0.000e+00 0.000e+00 0.000e+00 0.000e+00 0.000e+00 0.000e+00
6.121e+00 1.104e-01 0.000e+00 0.000e+00 0.000e+00 0.000e+00 0.000e+00 0.000e+00 0.000e+00 0.000e+00
6.128e+00 1.098e-01 0.000e+00 0.000e+00 0.000e+00 0.000e+00 0.000e+00 0.000e+00 0.000e+00 0.000e+00
6.136e+00 1.092e-01 0.000e+00 0.000e+00 0.000e+00 0.000e+00 0.000e+00 0.000e+00 0.000e+00 0.000e+00
6.144e+00 1.085e-01 0.000e+00 0.000e+00 0.000e+00 0.000e+00 0.000e+00 0.000e+00 0.000e+00 0.000e+00
6.152e+00 1.079e-01 0.000e+00 0.000e+00 0.000e+00 0.000e+00 0.000e+00 0.000e+00 0.000e+00 0.000e+00
6.160e+00 1.072e-01 0.000e+00 0.000e+00 0.000e+00 0.000e+00 0.000e+00 0.000e+00 0.000e+00 0.000e+00
6.167e+00 1.066e-01 0.000e+00 0.000e+00 0.000e+00 0.000e+00 0.000e+00 0.000e+00 0.000e+00 0.000e+00
6.175e+00 1.060e-01 0.000e+00 0.000e+00 0.000e+00 0.000e+00 0.000e+00 0.000e+00 0.000e+00 0.000e+00
6.183e+00 1.053e-01 0.000e+00 0.000e+00 0.000e+00 0.000e+00 0.000e+00 0.000e+00 0.000e+00 0.000e+00
6.191e+00 1.047e-01 0.000e+00 0.000e+00 0.000e+00 0.000e+00 0.000e+00 0.000e+00 0.000e+00 0.000e+00
6.199e+00 1.041e-01 0.000e+00 0.000e+00 0.000e+00 0.000e+00 0.000e+00 0.000e+00 0.000e+00 0.000e+00
6.206e+00 1.034e-01 0.000e+00 0.000e+00 0.000e+00 0.000e+00 0.000e+00 0.000e+00 0.000e+00 0.000e+00
6.214e+00 1.028e-01 0.000e+00 0.000e+00 0.000e+00 0.000e+00 0.000e+00 0.000e+00 0.000e+00 0.000e+00
6.222e+00 1.021e-01 0.000e+00 0.000e+00 0.000e+00 0.000e+00 0.000e+00 0.000e+00 0.000e+00 0.000e+00
6.230e+00 1.015e-01 0.000e+00 0.000e+00 0.000e+00 0.000e+00 0.000e+00 0.000e+00 0.000e+00 0.000e+00
6.238e+00 1.009e-01 0.000e+00 0.000e+00 0.000e+00 0.000e+00 0.000e+00 0.000e+00 0.000e+00 0.000e+00
6.246e+00 1.002e-01 0.000e+00 0.000e+00 0.000e+00 0.000e+00 0.000e+00 0.000e+00 0.000e+00 0.000e+00
6.254e+00 9.963e-02 0.000e+00 0.000e+00 0.000e+00 0.000e+00 0.000e+00 0.000e+00 0.000e+00 0.000e+00
6.262e+00 9.901e-02 0.000e+00 0.000e+00 0.000e+00 0.000e+00 0.000e+00 0.000e+00 0.000e+00 0.000e+00
6.270e+00 9.839e-02 0.000e+00 0.000e+00 0.000e+00 0.000e+00 0.000e+00 0.000e+00 0.000e+00 0.000e+00
6.277e+00 9.777e-02 0.000e+00 0.000e+00 0.000e+00 0.000e+00 0.000e+00 0.000e+00 0.000e+00 0.000e+00
6.285e+00 9.716e-02 0.000e+00 0.000e+00 0.000e+00 0.000e+00 0.000e+00 0.000e+00 0.000e+00 0.000e+00
6.293e+00 9.657e-02 1.296e-02 0.000e+00 0.000e+00 0.000e+00 0.000e+00 0.000e+00 0.000e+00 0.000e+00
6.301e+00 9.599e-02 1.288e-02 0.000e+00 0.000e+00 0.000e+00 0.000e+00 0.000e+00 0.000e+00 0.000e+00
6.309e+00 9.541e-02 1.280e-02 0.000e+00 0.000e+00 0.000e+00 0.000e+00 0.000e+00 0.000e+00 0.000e+00
6.317e+00 9.483e-02 1.273e-02 0.000e+00 0.000e+00 0.000e+00 0.000e+00 0.000e+00 0.000e+00 0.000e+00
6.325e+00 9.424e-02 3.654e-02 0.000e+00 0.000e+00 0.000e+00 0.000e+00 0.000e+00 0.000e+00 0.000e+00
6.333e+00 9.367e-02 3.630e-02 0.000e+00 0.000e+00 0.000e+00 0.000e+00 0.000e+00 0.000e+00 0.000e+00
6.341e+00 9.309e-02 3.606e-02 0.000e+00 0.000e+00 0.000e+00 0.000e+00 0.000e+00 0.000e+00 0.000e+00
6.349e+00 9.252e-02 3.582e-02 0.000e+00 0.000e+00 0.000e+00 0.000e+00 0.000e+00 0.000e+00 0.000e+00
6.357e+00 9.195e-02 3.559e-02 0.000e+00 0.000e+00 0.000e+00 0.000e+00 0.000e+00 0.000e+00 0.000e+00
6.365e+00 9.139e-02 3.536e-02 0.000e+00 0.000e+00 0.000e+00 0.000e+00 0.000e+00 0.000e+00 0.000e+00
6.373e+00 9.083e-02 3.512e-02 0.000e+00 0.000e+00 0.000e+00 0.000e+00 0.000e+00 0.000e+00 0.000e+00
6.381e+00 9.027e-02 3.489e-02 0.000e+00 0.000e+00 0.000e+00 0.000e+00 0.000e+00 0.000e+00 0.000e+00
6.390e+00 8.971e-02 3.467e-02 0.000e+00 0.000e+00 0.000e+00 0.000e+00 0.000e+00 0.000e+00 0.000e+00
6.398e+00 8.916e-02 3.476e-02 0.000e+00 0.000e+00 0.000e+00 0.000e+00 0.000e+00 0.000e+00 0.000e+00
6.406e+00 8.862e-02 6.029e-02 0.000e+00 0.000e+00 0.000e+00 0.000e+00 0.000e+00 0.000e+00 0.000e+00
6.414e+00 8.808e-02 5.992e-02 0.000e+00 0.000e+00 0.000e+00 0.000e+00 0.000e+00 0.000e+00 0.000e+00
6.422e+00 8.755e-02 5.955e-02 0.000e+00 0.000e+00 0.000e+00 0.000e+00 0.000e+00 0.000e+00 0.000e+00
6.430e+00 8.702e-02 8.243e-02 0.000e+00 0.000e+00 0.000e+00 0.000e+00 0.000e+00 0.000e+00 0.000e+00
6.438e+00 8.649e-02 8.191e-02 0.000e+00 0.000e+00 0.000e+00 0.000e+00 0.000e+00 0.000e+00 0.000e+00
6.446e+00 8.597e-02 8.139e-02 0.000e+00 0.000e+00 0.000e+00 0.000e+00 0.000e+00 0.000e+00 0.000e+00
6.454e+00 8.545e-02 8.088e-02 0.000e+00 0.000e+00 0.000e+00 0.000e+00 0.000e+00 0.000e+00 0.000e+00
6.463e+00 8.493e-02 8.037e-02 0.000e+00 0.000e+00 0.000e+00 0.000e+00 0.000e+00 0.000e+00 0.000e+00
6.471e+00 8.441e-02 7.987e-02 0.000e+00 0.000e+00 0.000e+00 0.000e+00 0.000e+00 0.000e+00 0.000e+00
6.479e+00 8.389e-02 7.936e-02 0.000e+00 0.000e+00 0.000e+00 0.000e+00 0.000e+00 0.000e+00 0.000e+00
6.487e+00 8.338e-02 7.885e-02 0.000e+00 0.000e+00 0.000e+00 0.000e+00 0.000e+00 0.000e+00 0.000e+00
6.495e+00 8.287e-02 7.835e-02 0.000e+00 0.000e+00 0.000e+00 0.000e+00 0.000e+00 0.000e+00 0.000e+00
6.504e+00 8.236e-02 7.785e-02 0.000e+00 0.000e+00 0.000e+00 0.000e+00 0.000e+00 0.000e+00 0.000e+00
6.512e+00 8.186e-02 7.735e-02 0.000e+00 0.000e+00 0.000e+00 0.000e+00 0.000e+00 0.000e+00 0.000e+00
6.520e+00 8.136e-02 7.685e-02 0.000e+00 0.000e+00 0.000e+00 0.000e+00 0.000e+00 0.000e+00 0.000e+00
6.528e+00 8.086e-02 7.636e-02 0.000e+00 0.000e+00 0.000e+00 0.000e+00 0.000e+00 0.000e+00 0.000e+00
6.537e+00 8.036e-02 7.585e-02 0.000e+00 0.000e+00 0.000e+00 0.000e+00 0.000e+00 0.000e+00 0.000e+00
6.545e+00 7.987e-02 7.535e-02 0.000e+00 0.000e+00 0.000e+00 0.000e+00 0.000e+00 0.000e+00 0.000e+00
6.553e+00 7.937e-02 7.485e-02 0.000e+00 0.000e+00 0.000e+00 0.000e+00 0.000e+00 0.000e+00 0.000e+00
6.561e+00 7.887e-02 7.436e-02 0.000e+00 0.000e+00 0.000e+00 0.000e+00 0.000e+00 0.000e+00 0.000e+00
6.570e+00 7.837e-02 7.387e-02 0.000e+00 0.000e+00 0.000e+00 0.000e+00 0.000e+00 0.000e+00 0.000e+00
6.578e+00 7.788e-02 7.338e-02 0.000e+00 0.000e+00 0.000e+00 0.000e+00 0.000e+00 0.000e+00 0.000e+00
6.586e+00 7.739e-02 7.289e-02 0.000e+00 0.000e+00 0.000e+00 0.000e+00 0.000e+00 0.000e+00 0.000e+00
6.595e+00 7.690e-02 7.241e-02 0.000e+00 0.000e+00 0.000e+00 0.000e+00 0.000e+00 0.000e+00 0.000e+00
6.603e+00 7.641e-02 7.193e-02 0.000e+00 0.000e+00 0.000e+00 0.000e+00 0.000e+00 0.000e+00 0.000e+00
6.611e+00 7.592e-02 7.145e-02 0.000e+00 0.000e+00 0.000e+00 0.000e+00 0.000e+00 0.000e+00 0.000e+00
6.620e+00 7.544e-02 7.098e-02 0.000e+00 0.000e+00 0.000e+00 0.000e+00 0.000e+00 0.000e+00 0.000e+00
6.628e+00 7.495e-02 7.051e-02 0.000e+00 0.000e+00 0.000e+00 0.000e+00 0.000e+00 0.000e+00 0.000e+00
6.636e+00 7.448e-02 7.004e-02 0.000e+00 0.000e+00 0.000e+00 0.000e+00 0.000e+00 0.000e+00 0.000e+00
6.645e+00 7.400e-02 6.958e-02 0.000e+00 0.000e+00 0.000e+00 0.000e+00 0.000e+00 0.000e+00 0.000e+00
6.653e+00 7.353e-02 6.911e-02 0.000e+00 0.000e+00 0.000e+00 0.000e+00 0.000e+00 0.000e+00 0.000e+00
6.662e+00 7.306e-02 6.865e-02 0.000e+00 0.000e+00 0.000e+00 0.000e+00 0.000e+00 0.000e+00 0.000e+00
6.670e+00 7.259e-02 6.820e-02 0.000e+00 0.000e+00 0.000e+00 0.000e+00 0.000e+00 0.000e+00 0.000e+00
6.679e+00 7.212e-02 6.774e-02 0.000e+00 0.000e+00 0.000e+00 0.000e+00 0.000e+00 0.000e+00 0.000e+00
6.687e+00 7.164e-02 6.730e-02 0.000e+00 0.000e+00 0.000e+00 0.000e+00 0.000e+00 0.000e+00 0.000e+00
6.695e+00 7.117e-02 6.685e-02 0.000e+00 0.000e+00 0.000e+00 0.000e+00 0.000e+00 0.000e+00 0.000e+00
6.704e+00 7.070e-02 6.641e-02 0.000e+00 0.000e+00 0.000e+00 0.000e+00 0.000e+00 0.000e+00 0.000e+00
6.712e+00 7.023e-02 6.597e-02 0.000e+00 0.000e+00 0.000e+00 0.000e+00 0.000e+00 0.000e+00 0.000e+00
6.721e+00 6.977e-02 6.553e-02 0.000e+00 0.000e+00 0.000e+00 0.000e+00 0.000e+00 0.000e+00 0.000e+00
6.729e+00 6.931e-02 6.510e-02 0.000e+00 0.000e+00 0.000e+00 0.000e+00 0.000e+00 0.000e+00 0.000e+00
6.738e+00 6.887e-02 6.466e-02 0.000e+00 0.000e+00 0.000e+00 0.000e+00 0.000e+00 0.000e+00 0.000e+00
6.746e+00 6.844e-02 6.424e-02 0.000e+00 0.000e+00 0.000e+00 0.000e+00 0.000e+00 0.000e+00 0.000e+00
6.755e+00 6.800e-02 6.381e-02 0.000e+00 0.000e+00 0.000e+00 0.000e+00 0.000e+00 0.000e+00 0.000e+00
6.764e+00 6.757e-02 6.339e-02 0.000e+00 0.000e+00 0.000e+00 0.000e+00 0.000e+00 0.000e+00 0.000e+00
6.772e+00 6.714e-02 6.298e-02 0.000e+00 0.000e+00 0.000e+00 0.000e+00 0.000e+00 0.000e+00 0.000e+00
6.781e+00 6.671e-02 6.258e-02 0.000e+00 0.000e+00 0.000e+00 0.000e+00 0.000e+00 0.000e+00 0.000e+00
6.789e+00 6.629e-02 6.218e-02 0.000e+00 0.000e+00 0.000e+00 0.000e+00 0.000e+00 0.000e+00 0.000e+00
6.798e+00 6.587e-02 6.178e-02 0.000e+00 0.000e+00 0.000e+00 0.000e+00 0.000e+00 0.000e+00 0.000e+00
6.806e+00 6.545e-02 6.138e-02 0.000e+00 0.000e+00 0.000e+00 0.000e+00 0.000e+00 0.000e+00 0.000e+00
6.815e+00 6.503e-02 6.099e-02 0.000e+00 0.000e+00 0.000e+00 0.000e+00 0.000e+00 0.000e+00 0.000e+00
6.824e+00 6.463e-02 6.060e-02 0.000e+00 0.000e+00 0.000e+00 0.000e+00 0.000e+00 0.000e+00 0.000e+00
6.832e+00 6.422e-02 6.022e-02 0.000e+00 0.000e+00 0.000e+00 0.000e+00 0.000e+00 0.000e+00 0.000e+00
6.841e+00 6.382e-02 5.983e-02 0.000e+00 0.000e+00 0.000e+00 0.000e+00 0.000e+00 0.000e+00 0.000e+00
6.850e+00 6.342e-02 5.945e-02 0.000e+00 0.000e+00 0.000e+00 0.000e+00 0.000e+00 0.000e+00 0.000e+00
6.858e+00 6.302e-02 5.907e-02 0.000e+00 0.000e+00 0.000e+00 0.000e+00 0.000e+00 0.000e+00 0.000e+00
6.867e+00 6.262e-02 5.869e-02 0.000e+00 0.000e+00 0.000e+00 0.000e+00 0.000e+00 0.000e+00 0.000e+00
6.876e+00 6.221e-02 5.832e-02 0.000e+00 0.000e+00 0.000e+00 0.000e+00 0.000e+00 0.000e+00 0.000e+00
6.884e+00 6.181e-02 5.795e-02 0.000e+00 0.000e+00 0.000e+00 0.000e+00 0.000e+00 0.000e+00 0.000e+00
6.893e+00 6.141e-02 5.758e-02 0.000e+00 0.000e+00 0.000e+00 0.000e+00 0.000e+00 0.000e+00 0.000e+00
6.902e+00 6.101e-02 5.721e-02 0.000e+00 0.000e+00 0.000e+00 0.000e+00 0.000e+00 0.000e+00 0.000e+00
6.910e+00 6.061e-02 5.684e-02 0.000e+00 0.000e+00 0.000e+00 0.000e+00 0.000e+00 0.000e+00 0.000e+00
6.919e+00 6.022e-02 5.646e-02 0.000e+00 0.000e+00 0.000e+00 0.000e+00 0.000e+00 0.000e+00 0.000e+00
6.928e+00 5.983e-02 5.608e-02 0.000e+00 0.000e+00 0.000e+00 0.000e+00 0.000e+00 0.000e+00 0.000e+00
6.937e+00 5.944e-02 5.570e-02 0.000e+00 0.000e+00 0.000e+00 0.000e+00 0.000e+00 0.000e+00 0.000e+00
6.945e+00 5.905e-02 5.533e-02 0.000e+00 0.000e+00 0.000e+00 0.000e+00 0.000e+00 0.000e+00 0.000e+00
6.954e+00 5.867e-02 5.495e-02 4.949e-03 0.000e+00 0.000e+00 0.000e+00 0.000e+00 0.000e+00 0.000e+00
6.963e+00 5.828e-02 5.458e-02 4.916e-03 0.000e+00 0.000e+00 0.000e+00 0.000e+00 0.000e+00 0.000e+00
6.972e+00 5.789e-02 5.421e-02 4.884e-03 0.000e+00 0.000e+00 0.000e+00 0.000e+00 0.000e+00 0.000e+00
6.981e+00 5.750e-02 5.384e-02 1.402e-02 0.000e+00 0.000e+00 0.000e+00 0.000e+00 0.000e+00 0.000e+00
6.990e+00 5.712e-02 5.347e-02 1.392e-02 0.000e+00 0.000e+00 0.000e+00 0.000e+00 0.000e+00 0.000e+00
6.998e+00 5.673e-02 5.311e-02 1.382e-02 0.000e+00 0.000e+00 0.000e+00 0.000e+00 0.000e+00 0.000e+00
7.007e+00 5.635e-02 5.275e-02 1.372e-02 0.000e+00 0.000e+00 0.000e+00 0.000e+00 0.000e+00 0.000e+00
7.016e+00 5.597e-02 5.239e-02 1.363e-02 0.000e+00 0.000e+00 0.000e+00 0.000e+00 0.000e+00 0.000e+00
7.025e+00 5.558e-02 5.203e-02 1.353e-02 0.000e+00 0.000e+00 0.000e+00 0.000e+00 0.000e+00 0.000e+00
7.034e+00 5.521e-02 5.167e-02 1.343e-02 0.000e+00 0.000e+00 0.000e+00 0.000e+00 0.000e+00 0.000e+00
7.043e+00 5.483e-02 5.133e-02 1.334e-02 0.000e+00 0.000e+00 0.000e+00 0.000e+00 0.000e+00 0.000e+00
7.052e+00 5.445e-02 5.098e-02 1.325e-02 0.000e+00 0.000e+00 0.000e+00 0.000e+00 0.000e+00 0.000e+00
7.061e+00 5.408e-02 5.064e-02 2.227e-02 0.000e+00 0.000e+00 0.000e+00 0.000e+00 0.000e+00 0.000e+00
7.069e+00 5.371e-02 5.029e-02 2.301e-02 0.000e+00 0.000e+00 0.000e+00 0.000e+00 0.000e+00 0.000e+00
7.078e+00 5.334e-02 4.994e-02 2.286e-02 0.000e+00 0.000e+00 0.000e+00 0.000e+00 0.000e+00 0.000e+00
7.087e+00 5.298e-02 4.960e-02 3.162e-02 0.000e+00 0.000e+00 0.000e+00 0.000e+00 0.000e+00 0.000e+00
7.096e+00 5.263e-02 4.926e-02 3.141e-02 0.000e+00 0.000e+00 0.000e+00 0.000e+00 0.000e+00 0.000e+00
7.105e+00 5.228e-02 4.892e-02 3.119e-02 0.000e+00 0.000e+00 0.000e+00 0.000e+00 0.000e+00 0.000e+00
7.114e+00 5.193e-02 4.859e-02 3.098e-02 0.000e+00 0.000e+00 0.000e+00 0.000e+00 0.000e+00 0.000e+00
7.123e+00 5.159e-02 4.825e-02 3.077e-02 0.000e+00 0.000e+00 0.000e+00 0.000e+00 0.000e+00 0.000e+00
7.132e+00 5.124e-02 4.792e-02 3.056e-02 0.000e+00 0.000e+00 0.000e+00 0.000e+00 0.000e+00 0.000e+00
7.141e+00 5.090e-02 4.759e-02 3.035e-02 0.000e+00 0.000e+00 0.000e+00 0.000e+00 0.000e+00 0.000e+00
7.150e+00 5.055e-02 4.726e-02 3.014e-02 0.000e+00 0.000e+00 0.000e+00 0.000e+00 0.000e+00 0.000e+00
7.159e+00 5.020e-02 4.694e-02 2.993e-02 0.000e+00 0.000e+00 0.000e+00 0.000e+00 0.000e+00 0.000e+00
7.168e+00 4.986e-02 4.662e-02 2.972e-02 0.000e+00 0.000e+00 0.000e+00 0.000e+00 0.000e+00 0.000e+00
7.178e+00 4.952e-02 4.629e-02 2.952e-02 0.000e+00 0.000e+00 0.000e+00 0.000e+00 0.000e+00 0.000e+00
7.187e+00 4.918e-02 4.596e-02 2.932e-02 0.000e+00 0.000e+00 0.000e+00 0.000e+00 0.000e+00 0.000e+00
7.196e+00 4.884e-02 4.565e-02 2.911e-02 0.000e+00 0.000e+00 0.000e+00 0.000e+00 0.000e+00 0.000e+00
7.205e+00 4.851e-02 4.534e-02 2.890e-02 0.000e+00 0.000e+00 0.000e+00 0.000e+00 0.000e+00 0.000e+00
7.214e+00 4.817e-02 4.503e-02 2.869e-02 0.000e+00 0.000e+00 0.000e+00 0.000e+00 0.000e+00 0.000e+00
7.223e+00 4.784e-02 4.472e-02 2.849e-02 0.000e+00 0.000e+00 0.000e+00 0.000e+00 0.000e+00 0.000e+00
7.232e+00 4.751e-02 4.441e-02 2.828e-02 0.000e+00 0.000e+00 0.000e+00 0.000e+00 0.000e+00 0.000e+00
7.241e+00 4.719e-02 4.411e-02 2.808e-02 0.000e+00 0.000e+00 0.000e+00 0.000e+00 0.000e+00 0.000e+00
7.250e+00 4.686e-02 4.381e-02 2.788e-02 0.000e+00 0.000e+00 0.000e+00 0.000e+00 0.000e+00 0.000e+00
7.260e+00 4.653e-02 4.351e-02 2.768e-02 0.000e+00 0.000e+00 0.000e+00 0.000e+00 0.000e+00 0.000e+00
7.269e+00 4.621e-02 4.321e-02 2.748e-02 2.412e-03 0.000e+00 0.000e+00 0.000e+00 0.000e+00 0.000e+00
7.278e+00 4.589e-02 4.291e-02 2.728e-02 2.395e-03 0.000e+00 0.000e+00 0.000e+00 0.000e+00 0.000e+00
7.287e+00 4.557e-02 4.261e-02 2.709e-02 6.873e-03 0.000e+00 0.000e+00 0.000e+00 0.000e+00 0.000e+00
7.296e+00 4.526e-02 4.232e-02 2.690e-02 6.823e-03 0.000e+00 0.000e+00 0.000e+00 0.000e+00 0.000e+00
7.306e+00 4.495e-02 4.203e-02 2.670e-02 6.772e-03 0.000e+00 0.000e+00 0.000e+00 0.000e+00 0.000e+00
7.315e+00 4.465e-02 4.175e-02 2.651e-02 6.723e-03 0.000e+00 0.000e+00 0.000e+00 0.000e+00 0.000e+00
7.324e+00 4.434e-02 4.146e-02 2.632e-02 6.673e-03 0.000e+00 0.000e+00 0.000e+00 0.000e+00 0.000e+00
7.333e+00 4.404e-02 4.118e-02 2.613e-02 6.624e-03 0.000e+00 0.000e+00 0.000e+00 0.000e+00 0.000e+00
7.343e+00 4.374e-02 4.091e-02 2.594e-02 6.575e-03 0.000e+00 0.000e+00 0.000e+00 0.000e+00 0.000e+00
7.352e+00 4.344e-02 4.063e-02 2.576e-02 6.527e-03 0.000e+00 0.000e+00 0.000e+00 0.000e+00 0.000e+00
7.361e+00 4.315e-02 4.035e-02 2.557e-02 6.482e-03 0.000e+00 0.000e+00 0.000e+00 0.000e+00 0.000e+00
7.371e+00 4.285e-02 4.008e-02 2.539e-02 1.133e-02 0.000e+00 0.000e+00 0.000e+00 0.000e+00 0.000e+00
7.380e+00 4.256e-02 3.981e-02 2.521e-02 1.125e-02 0.000e+00 0.000e+00 0.000e+00 0.000e+00 0.000e+00
7.389e+00 4.227e-02 3.955e-02 2.503e-02 1.118e-02 0.000e+00 0.000e+00 0.000e+00 0.000e+00 0.000e+00
7.399e+00 4.199e-02 3.928e-02 2.485e-02 1.546e-02 0.000e+00 0.000e+00 0.000e+00 0.000e+00 0.000e+00
7.408e+00 4.170e-02 3.902e-02 2.467e-02 1.535e-02 0.000e+00 0.000e+00 0.000e+00 0.000e+00 0.000e+00
7.417e+00 4.142e-02 3.875e-02 2.450e-02 1.524e-02 0.000e+00 0.000e+00 0.000e+00 0.000e+00 0.000e+00
7.427e+00 4.114e-02 3.849e-02 2.432e-02 1.513e-02 1.373e-03 0.000e+00 0.000e+00 0.000e+00 0.000e+00
7.436e+00 4.087e-02 3.823e-02 2.415e-02 1.503e-02 1.363e-03 0.000e+00 0.000e+00 0.000e+00 0.000e+00
7.446e+00 4.059e-02 3.798e-02 2.399e-02 1.492e-02 1.354e-03 0.000e+00 0.000e+00 0.000e+00 0.000e+00
7.455e+00 4.032e-02 3.772e-02 2.382e-02 1.481e-02 3.884e-03 0.000e+00 0.000e+00 0.000e+00 0.000e+00
7.464e+00 4.005e-02 3.747e-02 2.366e-02 1.471e-02 3.855e-03 0.000e+00 0.000e+00 0.000e+00 0.000e+00
7.474e+00 3.978e-02 3.721e-02 2.349e-02 1.460e-02 3.826e-03 0.000e+00 0.000e+00 0.000e+00 0.000e+00
7.483e+00 3.951e-02 3.696e-02 2.333e-02 1.450e-02 3.797e-03 0.000e+00 0.000e+00 0.000e+00 0.000e+00
7.493e+00 3.924e-02 3.670e-02 2.317e-02 1.439e-02 3.769e-03 0.000e+00 0.000e+00 0.000e+00 0.000e+00
7.502e+00 3.898e-02 3.645e-02 2.301e-02 1.429e-02 3.741e-03 0.000e+00 0.000e+00 0.000e+00 0.000e+00
7.512e+00 3.872e-02 3.620e-02 2.286e-02 1.418e-02 3.713e-03 0.000e+00 0.000e+00 0.000e+00 0.000e+00
7.521e+00 3.845e-02 3.596e-02 2.270e-02 1.408e-02 3.685e-03 0.000e+00 0.000e+00 0.000e+00 0.000e+00
7.531e+00 3.818e-02 3.571e-02 2.254e-02 1.397e-02 3.691e-03 8.507e-04 0.000e+00 0.000e+00 0.000e+00
7.540e+00 3.792e-02 3.547e-02 2.239e-02 1.387e-02 6.397e-03 8.446e-04 0.000e+00 0.000e+00 0.000e+00
7.550e+00 3.765e-02 3.523e-02 2.223e-02 1.377e-02 6.352e-03 8.387e-04 0.000e+00 0.000e+00 0.000e+00
7.559e+00 3.738e-02 3.499e-02 2.208e-02 1.367e-02 8.786e-03 2.406e-03 0.000e+00 0.000e+00 0.000e+00
7.569e+00 3.712e-02 3.475e-02 2.193e-02 1.356e-02 8.723e-03 2.387e-03 0.000e+00 0.000e+00 0.000e+00
7.578e+00 3.686e-02 3.451e-02 2.177e-02 1.346e-02 8.660e-03 2.369e-03 0.000e+00 0.000e+00 0.000e+00
7.588e+00 3.660e-02 3.427e-02 2.161e-02 1.336e-02 8.598e-03 2.351e-03 0.000e+00 0.000e+00 0.000e+00
7.598e+00 3.634e-02 3.403e-02 2.146e-02 1.327e-02 8.536e-03 2.333e-03 5.642e-04 0.000e+00 0.000e+00
7.607e+00 3.608e-02 3.379e-02 2.130e-02 1.317e-02 8.475e-03 2.316e-03 5.602e-04 0.000e+00 0.000e+00
7.617e+00 3.582e-02 3.355e-02 2.115e-02 1.307e-02 8.413e-03 2.298e-03 5.562e-04 0.000e+00 0.000e+00
7.627e+00 3.557e-02 3.332e-02 2.099e-02 1.297e-02 8.352e-03 2.282e-03 1.595e-03 0.000e+00 0.000e+00
7.636e+00 3.532e-02 3.308e-02 2.084e-02 1.287e-02 8.291e-03 3.835e-03 1.583e-03 3.957e-04 0.000e+00
7.646e+00 3.507e-02 3.284e-02 2.068e-02 1.278e-02 8.231e-03 3.960e-03 1.571e-03 3.929e-04 0.000e+00
7.655e+00 3.482e-02 3.261e-02 2.053e-02 1.269e-02 8.171e-03 3.932e-03 1.559e-03 3.901e-04 0.000e+00
7.665e+00 3.457e-02 3.237e-02 2.038e-02 1.259e-02 8.110e-03 5.437e-03 1.547e-03 1.119e-03 0.000e+00
7.675e+00 3.432e-02 3.214e-02 2.023e-02 1.250e-02 8.049e-03 5.398e-03 1.535e-03 1.110e-03 2.858e-04
7.685e+00 3.408e-02 3.191e-02 2.008e-02 1.241e-02 7.988e-03 5.359e-03 1.523e-03 1.102e-03 2.838e-04
7.694e+00 3.384e-02 3.168e-02 1.994e-02 1.231e-02 7.928e-03 5.320e-03 1.526e-03 1.093e-03 2.817e-04
7.704e+00 3.361e-02 3.145e-02 1.979e-02 1.222e-02 7.868e-03 5.281e-03 2.644e-03 1.085e-03 8.079e-04
7.714e+00 3.338e-02 3.122e-02 1.965e-02 1.213e-02 7.809e-03 5.242e-03 2.625e-03 1.077e-03 8.017e-04
7.724e+00 3.314e-02 3.100e-02 1.950e-02 1.204e-02 7.750e-03 5.204e-03 2.606e-03 1.068e-03 7.955e-04
7.733e+00 3.291e-02 3.078e-02 1.936e-02 1.195e-02 7.692e-03 5.166e-03 3.604e-03 1.061e-03 7.894e-04
7.743e+00 3.268e-02 3.055e-02 1.922e-02 1.187e-02 7.634e-03 5.128e-03 3.577e-03 1.782e-03 7.833e-04
7.753e+00 3.245e-02 3.033e-02 1.908e-02 1.178e-02 7.576e-03 5.090e-03 3.551e-03 1.840e-03 7.773e-04
7.763e+00 3.223e-02 3.010e-02 1.893e-02 1.170e-02 7.519e-03 5.052e-03 3.525e-03 1.827e-03 7.714e-04
7.773e+00 3.200e-02 2.987e-02 1.879e-02 1.162e-02 7.463e-03 5.013e-03 3.499e-03 2.527e-03 7.725e-04
7.782e+00 3.178e-02 2.964e-02 1.866e-02 1.153e-02 7.406e-03 4.975e-03 3.473e-03 2.508e-03 1.339e-03
7.792e+00 3.154e-02 2.942e-02 1.852e-02 1.145e-02 7.350e-03 4.937e-03 3.448e-03 2.490e-03 1.329e-03
7.802e+00 3.131e-02 2.920e-02 1.838e-02 1.137e-02 7.294e-03 4.900e-03 3.422e-03 2.471e-03 1.838e-03
7.812e+00 3.108e-02 2.897e-02 1.825e-02 1.129e-02 7.239e-03 4.862e-03 3.397e-03 2.453e-03 1.824e-03
7.822e+00 3.086e-02 2.875e-02 1.811e-02 1.121e-02 7.184e-03 4.825e-03 3.372e-03 2.435e-03 1.811e-03
7.832e+00 3.063e-02 2.853e-02 1.798e-02 1.113e-02 7.130e-03 4.789e-03 3.346e-03 2.417e-03 1.797e-03
7.842e+00 3.041e-02 2.831e-02 1.784e-02 1.105e-02 7.077e-03 4.752e-03 3.320e-03 2.399e-03 1.784e-03
7.852e+00 3.018e-02 2.810e-02 1.771e-02 1.097e-02 7.023e-03 4.716e-03 3.295e-03 2.381e-03 1.771e-03
7.861e+00 2.996e-02 2.788e-02 1.758e-02 1.090e-02 6.970e-03 4.680e-03 3.270e-03 2.363e-03 1.758e-03
7.871e+00 2.974e-02 2.767e-02 1.745e-02 1.082e-02 6.918e-03 4.644e-03 3.244e-03 2.346e-03 1.744e-03
7.881e+00 2.952e-02 2.746e-02 1.732e-02 1.074e-02 6.866e-03 4.609e-03 3.220e-03 2.327e-03 1.731e-03
7.891e+00 2.931e-02 2.725e-02 1.719e-02 1.066e-02 6.814e-03 4.573e-03 3.195e-03 2.310e-03 1.719e-03
7.901e+00 2.909e-02 2.705e-02 1.707e-02 1.058e-02 6.764e-03 4.538e-03 3.170e-03 2.292e-03 1.706e-03
7.911e+00 2.888e-02 2.684e-02 1.694e-02 1.050e-02 6.715e-03 4.504e-03 3.146e-03 2.274e-03 1.692e-03
7.921e+00 2.866e-02 2.665e-02 1.681e-02 1.042e-02 6.666e-03 4.470e-03 3.122e-03 2.257e-03 1.679e-03
7.931e+00 2.845e-02 2.645e-02 1.669e-02 1.034e-02 6.618e-03 4.436e-03 3.098e-03 2.239e-03 1.666e-03
7.941e+00 2.824e-02 2.626e-02 1.657e-02 1.026e-02 6.570e-03 4.402e-03 3.074e-03 2.222e-03 1.654e-03
7.951e+00 2.803e-02 2.607e-02 1.645e-02 1.019e-02 6.522e-03 4.368e-03 3.050e-03 2.205e-03 1.641e-03
7.961e+00 2.782e-02 2.588e-02 1.632e-02 1.011e-02 6.475e-03 4.335e-03 3.027e-03 2.188e-03 1.628e-03
7.972e+00 2.761e-02 2.570e-02 1.620e-02 1.003e-02 6.428e-03 4.302e-03 3.004e-03 2.171e-03 1.615e-03
7.982e+00 2.741e-02 2.551e-02 1.609e-02 9.956e-03 6.382e-03 4.269e-03 2.981e-03 2.154e-03 1.603e-03
7.992e+00 2.720e-02 2.533e-02 1.597e-02 9.880e-03 6.336e-03 4.237e-03 2.958e-03 2.138e-03 1.591e-03
8.002e+00 2.700e-02 2.514e-02 1.585e-02 9.806e-03 6.290e-03 4.205e-03 2.935e-03 2.121e-03 1.578e-03
8.012e+00 2.679e-02 2.496e-02 1.574e-02 9.733e-03 6.244e-03 4.174e-03 2.913e-03 2.104e-03 1.566e-03
8.022e+00 2.659e-02 2.478e-02 1.562e-02 9.660e-03 6.199e-03 4.144e-03 2.890e-03 2.088e-03 1.554e-03
8.032e+00 2.639e-02 2.460e-02 1.551e-02 9.586e-03 6.154e-03 4.113e-03 2.868e-03 2.072e-03 1.542e-03
8.042e+00 2.619e-02 2.442e-02 1.540e-02 9.513e-03 6.110e-03 4.083e-03 2.846e-03 2.056e-03 1.530e-03
8.053e+00 2.599e-02 2.424e-02 1.529e-02 9.440e-03 6.063e-03 4.053e-03 2.824e-03 2.040e-03 1.518e-03
8.063e+00 2.579e-02 2.406e-02 1.518e-02 9.368e-03 6.017e-03 4.024e-03 2.803e-03 2.025e-03 1.506e-03
8.073e+00 2.560e-02 2.389e-02 1.507e-02 9.297e-03 5.972e-03 3.994e-03 2.782e-03 2.009e-03 1.495e-03
8.083e+00 2.541e-02 2.371e-02 1.496e-02 9.226e-03 5.926e-03 3.965e-03 2.762e-03 1.994e-03 1.483e-03
8.093e+00 2.523e-02 2.352e-02 1.485e-02 9.156e-03 5.880e-03 3.936e-03 2.741e-03 1.978e-03 1.472e-03
8.104e+00 2.504e-02 2.334e-02 1.475e-02 9.086e-03 5.835e-03 3.908e-03 2.721e-03 1.963e-03 1.460e-03
8.114e+00 2.486e-02 2.316e-02 1.464e-02 9.017e-03 5.790e-03 3.879e-03 2.701e-03 1.948e-03 1.449e-03
8.124e+00 2.468e-02 2.299e-02 1.453e-02 8.948e-03 5.746e-03 3.851e-03 2.681e-03 1.934e-03 1.438e-03
8.134e+00 2.451e-02 2.281e-02 1.443e-02 8.880e-03 5.701e-03 3.823e-03 2.661e-03 1.920e-03 1.427e-03
8.145e+00 2.433e-02 2.263e-02 1.432e-02 8.811e-03 5.657e-03 3.794e-03 2.642e-03 1.905e-03 1.416e-03
8.155e+00 2.416e-02 2.246e-02 1.422e-02 8.742e-03 5.614e-03 3.765e-03 2.622e-03 1.891e-03 1.405e-03
8.165e+00 2.399e-02 2.228e-02 1.411e-02 8.675e-03 5.570e-03 3.736e-03 2.603e-03 1.877e-03 1.395e-03
8.176e+00 2.382e-02 2.211e-02 1.401e-02 8.610e-03 5.528e-03 3.708e-03 2.584e-03 1.864e-03 1.385e-03
8.186e+00 2.365e-02 2.195e-02 1.391e-02 8.545e-03 5.486e-03 3.679e-03 2.565e-03 1.850e-03 1.374e-03
8.196e+00 2.348e-02 2.178e-02 1.381e-02 8.480e-03 5.444e-03 3.650e-03 2.546e-03 1.836e-03 1.364e-03
8.207e+00 2.332e-02 2.162e-02 1.370e-02 8.415e-03 5.401e-03 3.622e-03 2.527e-03 1.823e-03 1.354e-03
8.217e+00 2.315e-02 2.145e-02 1.360e-02 8.351e-03 5.359e-03 3.594e-03 2.508e-03 1.809e-03 1.344e-03
8.227e+00 2.299e-02 2.129e-02 1.351e-02 8.288e-03 5.318e-03 3.566e-03 2.489e-03 1.796e-03 1.334e-03
8.238e+00 2.282e-02 2.113e-02 1.341e-02 8.225e-03 5.277e-03 3.538e-03 2.469e-03 1.782e-03 1.324e-03
8.248e+00 2.266e-02 2.097e-02 1.331e-02 8.162e-03 5.236e-03 3.510e-03 2.450e-03 1.769e-03 1.314e-03
8.259e+00 2.250e-02 2.081e-02 1.321e-02 8.100e-03 5.195e-03 3.483e-03 2.431e-03 1.756e-03 1.305e-03
8.269e+00 2.233e-02 2.065e-02 1.311e-02 8.038e-03 5.155e-03 3.456e-03 2.412e-03 1.742e-03 1.295e-03
8.280e+00 2.217e-02 2.050e-02 1.301e-02 7.977e-03 5.115e-03 3.430e-03 2.393e-03 1.729e-03 1.285e-03
8.290e+00 2.201e-02 2.034e-02 1.291e-02 7.918e-03 5.075e-03 3.403e-03 2.374e-03 1.715e-03 1.275e-03
8.301e+00 2.186e-02 2.019e-02 1.281e-02 7.859e-03 5.036e-03 3.376e-03 2.356e-03 1.702e-03 1.266e-03
8.311e+00 2.170e-02 2.004e-02 1.271e-02 7.800e-03 4.996e-03 3.350e-03 2.337e-03 1.688e-03 1.256e-03
8.322e+00 2.154e-02 1.989e-02 1.262e-02 7.741e-03 4.957e-03 3.324e-03 2.319e-03 1.675e-03 1.246e-03
8.332e+00 2.139e-02 1.974e-02 1.252e-02 7.684e-03 4.918e-03 3.298e-03 2.301e-03 1.662e-03 1.236e-03
8.343e+00 2.123e-02 1.959e-02 1.242e-02 7.626e-03 4.880e-03 3.272e-03 2.283e-03 1.649e-03 1.226e-03
8.353e+00 2.107e-02 1.945e-02 1.233e-02 7.570e-03 4.843e-03 3.246e-03 2.265e-03 1.636e-03 1.217e-03
8.364e+00 2.091e-02 1.930e-02 1.223e-02 7.513e-03 4.805e-03 3.221e-03 2.247e-03 1.623e-03 1.207e-03
8.374e+00 2.075e-02 1.916e-02 1.214e-02 7.458e-03 4.768e-03 3.196e-03 2.230e-03 1.610e-03 1.198e-03
8.385e+00 2.060e-02 1.901e-02 1.204e-02 7.402e-03 4.731e-03 3.170e-03 2.212e-03 1.598e-03 1.188e-03
8.396e+00 2.044e-02 1.887e-02 1.195e-02 7.347e-03 4.695e-03 3.146e-03 2.195e-03 1.585e-03 1.179e-03
8.406e+00 2.027e-02 1.873e-02 1.186e-02 7.292e-03 4.658e-03 3.121e-03 2.177e-03 1.573e-03 1.169e-03
8.417e+00 2.011e-02 1.859e-02 1.176e-02 7.238e-03 4.622e-03 3.096e-03 2.160e-03 1.560e-03 1.160e-03
8.427e+00 1.994e-02 1.845e-02 1.167e-02 7.185e-03 4.587e-03 3.071e-03 2.143e-03 1.548e-03 1.151e-03
8.438e+00 1.978e-02 1.830e-02 1.157e-02 7.131e-03 4.551e-03 3.047e-03 2.126e-03 1.536e-03 1.142e-03
8.449e+00 1.962e-02 1.816e-02 1.148e-02 7.077e-03 4.516e-03 3.024e-03 2.110e-03 1.523e-03 1.133e-03
8.459e+00 1.946e-02 1.802e-02 1.139e-02 7.023e-03 4.482e-03 3.000e-03 2.093e-03 1.511e-03 1.124e-03
8.470e+00 1.930e-02 1.788e-02 1.129e-02 6.970e-03 4.448e-03 2.977e-03 2.076e-03 1.499e-03 1.115e-03
8.481e+00 1.914e-02 1.774e-02 1.120e-02 6.917e-03 4.414e-03 2.953e-03 2.059e-03 1.488e-03 1.106e-03
8.492e+00 1.899e-02 1.761e-02 1.111e-02 6.865e-03 4.380e-03 2.930e-03 2.043e-03 1.476e-03 1.097e-03
8.502e+00 1.884e-02 1.747e-02 1.102e-02 6.814e-03 4.347e-03 2.908e-03 2.027e-03 1.464e-03 1.089e-03
8.513e+00 1.869e-02 1.733e-02 1.093e-02 6.762e-03 4.314e-03 2.885e-03 2.011e-03 1.452e-03 1.080e-03
8.524e+00 1.854e-02 1.719e-02 1.084e-02 6.711e-03 4.282e-03 2.862e-03 1.995e-03 1.441e-03 1.071e-03
8.535e+00 1.839e-02 1.706e-02 1.075e-02 6.661e-03 4.249e-03 2.840e-03 1.980e-03 1.429e-03 1.063e-03
8.545e+00 1.825e-02 1.693e-02 1.066e-02 6.611e-03 4.217e-03 2.818e-03 1.964e-03 1.418e-03 1.055e-03
8.556e+00 1.811e-02 1.679e-02 1.058e-02 6.561e-03 4.185e-03 2.796e-03 1.949e-03 1.407e-03 1.046e-03
8.567e+00 1.797e-02 1.666e-02 1.049e-02 6.510e-03 4.154e-03 2.775e-03 1.933e-03 1.396e-03 1.038e-03
8.578e+00 1.783e-02 1.652e-02 1.041e-02 6.459e-03 4.122e-03 2.753e-03 1.918e-03 1.385e-03 1.029e-03
8.589e+00 1.770e-02 1.639e-02 1.033e-02 6.408e-03 4.091e-03 2.732e-03 1.903e-03 1.374e-03 1.021e-03
8.600e+00 1.756e-02 1.626e-02 1.025e-02 6.359e-03 4.060e-03 2.711e-03 1.888e-03 1.363e-03 1.013e-03
8.610e+00 1.743e-02 1.613e-02 1.017e-02 6.309e-03 4.029e-03 2.691e-03 1.873e-03 1.352e-03 1.005e-03
8.621e+00 1.730e-02 1.600e-02 1.009e-02 6.259e-03 3.998e-03 2.670e-03 1.859e-03 1.341e-03 9.972e-04
8.632e+00 1.716e-02 1.587e-02 1.001e-02 6.209e-03 3.967e-03 2.650e-03 1.845e-03 1.331e-03 9.893e-04
8.643e+00 1.704e-02 1.575e-02 9.936e-03 6.159e-03 3.937e-03 2.629e-03 1.830e-03 1.320e-03 9.814e-04
8.654e+00 1.691e-02 1.563e-02 9.859e-03 6.110e-03 3.907e-03 2.609e-03 1.816e-03 1.310e-03 9.736e-04
8.665e+00 1.678e-02 1.551e-02 9.783e-03 6.062e-03 3.877e-03 2.589e-03 1.802e-03 1.300e-03 9.659e-04
8.676e+00 1.666e-02 1.539e-02 9.707e-03 6.014e-03 3.847e-03 2.570e-03 1.788e-03 1.290e-03 9.583e-04
8.687e+00 1.653e-02 1.527e-02 9.632e-03 5.966e-03 3.818e-03 2.550e-03 1.775e-03 1.280e-03 9.507e-04
8.698e+00 1.640e-02 1.515e-02 9.556e-03 5.918e-03 3.789e-03 2.531e-03 1.761e-03 1.270e-03 9.433e-04
8.709e+00 1.627e-02 1.503e-02 9.481e-03 5.871e-03 3.760e-03 2.511e-03 1.747e-03 1.260e-03 9.360e-04
8.720e+00 1.615e-02 1.492e-02 9.407e-03 5.823e-03 3.731e-03 2.492e-03 1.734e-03 1.250e-03 9.287e-04
8.731e+00 1.602e-02 1.480e-02 9.333e-03 5.775e-03 3.701e-03 2.472e-03 1.721e-03 1.240e-03 9.215e-04
8.742e+00 1.590e-02 1.469e-02 9.259e-03 5.727e-03 3.672e-03 2.453e-03 1.707e-03 1.231e-03 9.143e-04
8.753e+00 1.578e-02 1.458e-02 9.183e-03 5.679e-03 3.643e-03 2.434e-03 1.694e-03 1.221e-03 9.072e-04
8.764e+00 1.565e-02 1.446e-02 9.108e-03 5.631e-03 3.614e-03 2.415e-03 1.681e-03 1.212e-03 9.002e-04
8.775e+00 1.553e-02 1.435e-02 9.033e-03 5.584e-03 3.585e-03 2.397e-03 1.668e-03 1.203e-03 8.933e-04
8.786e+00 1.541e-02 1.423e-02 8.959e-03 5.537e-03 3.556e-03 2.378e-03 1.655e-03 1.193e-03 8.863e-04
8.798e+00 1.529e-02 1.412e-02 8.885e-03 5.490e-03 3.528e-03 2.360e-03 1.642e-03 1.184e-03 8.795e-04
8.809e+00 1.517e-02 1.401e-02 8.812e-03 5.444e-03 3.499e-03 2.342e-03 1.629e-03 1.175e-03 8.727e-04
8.820e+00 1.506e-02 1.390e-02 8.740e-03 5.398e-03 3.471e-03 2.323e-03 1.617e-03 1.166e-03 8.659e-04
8.831e+00 1.494e-02 1.379e-02 8.667e-03 5.353e-03 3.443e-03 2.305e-03 1.604e-03 1.157e-03 8.593e-04
8.842e+00 1.483e-02 1.368e-02 8.597e-03 5.308e-03 3.415e-03 2.286e-03 1.592e-03 1.148e-03 8.526e-04
8.853e+00 1.471e-02 1.357e-02 8.528e-03 5.263e-03 3.387e-03 2.268e-03 1.579e-03 1.139e-03 8.459e-04
8.865e+00 1.460e-02 1.346e-02 8.460e-03 5.220e-03 3.360e-03 2.250e-03 1.567e-03 1.130e-03 8.392e-04
8.876e+00 1.449e-02 1.335e-02 8.391e-03 5.177e-03 3.333e-03 2.232e-03 1.555e-03 1.121e-03 8.326e-04
8.887e+00 1.437e-02 1.324e-02 8.324e-03 5.134e-03 3.305e-03 2.214e-03 1.543e-03 1.112e-03 8.261e-04
8.898e+00 1.426e-02 1.313e-02 8.256e-03 5.093e-03 3.277e-03 2.196e-03 1.530e-03 1.104e-03 8.196e-04
8.909e+00 1.415e-02 1.302e-02 8.190e-03 5.053e-03 3.250e-03 2.178e-03 1.518e-03 1.095e-03 8.132e-04
8.921e+00 1.404e-02 1.291e-02 8.123e-03 5.013e-03 3.222e-03 2.160e-03 1.506e-03 1.086e-03 8.068e-04
8.932e+00 1.393e-02 1.280e-02 8.058e-03 4.973e-03 3.194e-03 2.142e-03 1.494e-03 1.078e-03 8.005e-04
8.943e+00 1.381e-02 1.270e-02 7.992e-03 4.934e-03 3.167e-03 2.125e-03 1.482e-03 1.069e-03 7.942e-04
8.955e+00 1.370e-02 1.259e-02 7.928e-03 4.894e-03 3.140e-03 2.108e-03 1.470e-03 1.060e-03 7.880e-04
8.966e+00 1.359e-02 1.249e-02 7.865e-03 4.855e-03 3.113e-03 2.090e-03 1.457e-03 1.052e-03 7.818e-04
8.977e+00 1.348e-02 1.238e-02 7.802e-03 4.817e-03 3.087e-03 2.073e-03 1.446e-03 1.043e-03 7.755e-04
8.989e+00 1.337e-02 1.228e-02 7.741e-03 4.779e-03 3.060e-03 2.056e-03 1.434e-03 1.035e-03 7.692e-04
9.000e+00 1.326e-02 1.219e-02 7.679e-03 4.740e-03 3.034e-03 2.038e-03 1.422e-03 1.026e-03 7.629e-04
