# e- + H+ + LiH -> H + LiH+ + e-
# ICEC cross section
# R = 3.952 Angstrom
# E_in [eV] | xs [Mb]
1.000e-02 5.164e+02
1.006e-02 5.133e+02
1.012e-02 5.102e+02
1.018e-02 5.071e+02
1.024e-02 5.041e+02
1.031e-02 5.010e+02
1.037e-02 4.980e+02
1.043e-02 4.950e+02
1.049e-02 4.920e+02
1.056e-02 4.890e+02
1.062e-02 4.861e+02
1.068e-02 4.832e+02
1.075e-02 4.803e+02
1.081e-02 4.774e+02
1.088e-02 4.745e+02
1.095e-02 4.716e+02
1.101e-02 4.688e+02
1.108e-02 4.659e+02
1.114e-02 4.631e+02
1.121e-02 4.603e+02
1.128e-02 4.576e+02
1.135e-02 4.548e+02
1.142e-02 4.520e+02
1.149e-02 4.493e+02
1.155e-02 4.466e+02
1.162e-02 4.439e+02
1.169e-02 4.412e+02
1.177e-02 4.386e+02
1.184e-02 4.359e+02
1.191e-02 4.333e+02
1.198e-02 4.307e+02
1.205e-02 4.281e+02
1.212e-02 4.255e+02
1.220e-02 4.229e+02
1.227e-02 4.204e+02
1.235e-02 4.178e+02
1.242e-02 4.153e+02
1.250e-02 4.128e+02
1.257e-02 4.103e+02
1.265e-02 4.078e+02
1.272e-02 4.054e+02
1.280e-02 4.029e+02
1.288e-02 4.005e+02
1.295e-02 3.981e+02
1.303e-02 3.957e+02
1.311e-02 3.933e+02
1.319e-02 3.909e+02
1.327e-02 3.885e+02
1.335e-02 3.862e+02
1.343e-02 3.839e+02
1.351e-02 3.815e+02
1.359e-02 3.792e+02
1.368e-02 3.769e+02
1.376e-02 3.747e+02
1.384e-02 3.724e+02
1.393e-02 3.702e+02
1.401e-02 3.679e+02
1.409e-02 3.657e+02
1.418e-02 3.635e+02
1.426e-02 3.613e+02
1.435e-02 3.591e+02
1.444e-02 3.569e+02
1.452e-02 3.548e+02
1.461e-02 3.526e+02
1.470e-02 3.505e+02
1.479e-02 3.484e+02
1.488e-02 3.463e+02
1.497e-02 3.442e+02
1.506e-02 3.421e+02
1.515e-02 3.400e+02
1.524e-02 3.380e+02
1.533e-02 3.359e+02
1.543e-02 3.339e+02
1.552e-02 3.319e+02
1.561e-02 3.299e+02
1.571e-02 3.279e+02
1.580e-02 3.259e+02
1.590e-02 3.239e+02
1.599e-02 3.220e+02
1.609e-02 3.200e+02
1.619e-02 3.181e+02
1.629e-02 3.162e+02
1.638e-02 3.143e+02
1.648e-02 3.124e+02
1.658e-02 3.105e+02
1.668e-02 3.086e+02
1.678e-02 3.067e+02
1.688e-02 3.049e+02
1.699e-02 3.030e+02
1.709e-02 3.012e+02
1.719e-02 2.994e+02
1.730e-02 2.975e+02
1.740e-02 2.957e+02
1.751e-02 2.940e+02
1.761e-02 2.922e+02
1.772e-02 2.904e+02
1.782e-02 2.887e+02
1.793e-02 2.869e+02
1.804e-02 2.852e+02
1.815e-02 2.834e+02
1.826e-02 2.817e+02
1.837e-02 2.800e+02
1.848e-02 2.783e+02
1.859e-02 2.766e+02
1.870e-02 2.750e+02
1.882e-02 2.733e+02
1.893e-02 2.716e+02
1.904e-02 2.700e+02
1.916e-02 2.684e+02
1.928e-02 2.667e+02
1.939e-02 2.651e+02
1.951e-02 2.635e+02
1.963e-02 2.619e+02
1.975e-02 2.603e+02
1.986e-02 2.588e+02
1.998e-02 2.572e+02
2.010e-02 2.556e+02
2.023e-02 2.541e+02
2.035e-02 2.525e+02
2.047e-02 2.510e+02
2.060e-02 2.495e+02
2.072e-02 2.480e+02
2.084e-02 2.465e+02
2.097e-02 2.450e+02
2.110e-02 2.435e+02
2.122e-02 2.420e+02
2.135e-02 2.406e+02
2.148e-02 2.391e+02
2.161e-02 2.376e+02
2.174e-02 2.362e+02
2.187e-02 2.348e+02
2.201e-02 2.333e+02
2.214e-02 2.319e+02
2.227e-02 2.305e+02
2.241e-02 2.291e+02
2.254e-02 2.277e+02
2.268e-02 2.264e+02
2.281e-02 2.250e+02
2.295e-02 2.236e+02
2.309e-02 2.223e+02
2.323e-02 2.209e+02
2.337e-02 2.196e+02
2.351e-02 2.182e+02
2.365e-02 2.169e+02
2.380e-02 2.156e+02
2.394e-02 2.143e+02
2.408e-02 2.130e+02
2.423e-02 2.117e+02
2.438e-02 2.104e+02
2.452e-02 2.091e+02
2.467e-02 2.079e+02
2.482e-02 2.066e+02
2.497e-02 2.053e+02
2.512e-02 2.041e+02
2.527e-02 2.029e+02
2.543e-02 2.016e+02
2.558e-02 2.004e+02
2.573e-02 1.992e+02
2.589e-02 1.980e+02
2.605e-02 1.968e+02
2.620e-02 1.956e+02
2.636e-02 1.944e+02
2.652e-02 1.932e+02
2.668e-02 1.920e+02
2.684e-02 1.909e+02
2.700e-02 1.897e+02
2.717e-02 1.885e+02
2.733e-02 1.874e+02
2.750e-02 1.863e+02
2.766e-02 1.851e+02
2.783e-02 1.840e+02
2.800e-02 1.829e+02
2.817e-02 1.818e+02
2.834e-02 1.807e+02
2.851e-02 1.796e+02
2.868e-02 1.785e+02
2.885e-02 1.774e+02
2.903e-02 1.763e+02
2.920e-02 1.752e+02
2.938e-02 1.742e+02
2.956e-02 1.731e+02
2.973e-02 1.721e+02
2.991e-02 1.710e+02
3.009e-02 1.700e+02
3.028e-02 1.689e+02
3.046e-02 1.679e+02
3.064e-02 1.669e+02
3.083e-02 1.659e+02
3.101e-02 1.649e+02
3.120e-02 1.639e+02
3.139e-02 1.629e+02
3.158e-02 1.619e+02
3.177e-02 1.609e+02
3.196e-02 1.599e+02
3.216e-02 1.589e+02
3.235e-02 1.580e+02
3.254e-02 1.570e+02
3.274e-02 1.560e+02
3.294e-02 1.551e+02
3.314e-02 1.541e+02
3.334e-02 1.532e+02
3.354e-02 1.523e+02
3.374e-02 1.513e+02
3.395e-02 1.504e+02
3.415e-02 1.495e+02
3.436e-02 1.486e+02
3.456e-02 1.477e+02
3.477e-02 1.468e+02
3.498e-02 1.459e+02
3.519e-02 1.450e+02
3.541e-02 1.441e+02
3.562e-02 1.432e+02
3.584e-02 1.424e+02
3.605e-02 1.415e+02
3.627e-02 1.406e+02
3.649e-02 1.398e+02
3.671e-02 1.389e+02
3.693e-02 1.381e+02
3.715e-02 1.372e+02
3.738e-02 1.364e+02
3.760e-02 1.355e+02
3.783e-02 1.347e+02
3.806e-02 1.339e+02
3.829e-02 1.331e+02
3.852e-02 1.323e+02
3.875e-02 1.315e+02
3.899e-02 1.306e+02
3.922e-02 1.298e+02
3.946e-02 1.291e+02
3.970e-02 1.283e+02
3.994e-02 1.275e+02
4.018e-02 1.267e+02
4.042e-02 1.259e+02
4.067e-02 1.252e+02
4.091e-02 1.244e+02
4.116e-02 1.236e+02
4.141e-02 1.229e+02
4.166e-02 1.221e+02
4.191e-02 1.214e+02
4.216e-02 1.206e+02
4.242e-02 1.199e+02
4.267e-02 1.192e+02
4.293e-02 1.184e+02
4.319e-02 1.177e+02
4.345e-02 1.170e+02
4.371e-02 1.163e+02
4.398e-02 1.156e+02
4.424e-02 1.148e+02
4.451e-02 1.141e+02
4.478e-02 1.134e+02
4.505e-02 1.127e+02
4.532e-02 1.121e+02
4.559e-02 1.114e+02
4.587e-02 1.107e+02
4.615e-02 1.100e+02
4.642e-02 1.093e+02
4.670e-02 1.087e+02
4.699e-02 1.080e+02
4.727e-02 1.073e+02
4.756e-02 1.067e+02
4.784e-02 1.060e+02
4.813e-02 1.054e+02
4.842e-02 1.047e+02
4.872e-02 1.041e+02
4.901e-02 1.034e+02
4.931e-02 1.028e+02
4.960e-02 1.022e+02
4.990e-02 1.015e+02
5.020e-02 1.009e+02
5.051e-02 1.003e+02
5.081e-02 9.968e+01
5.112e-02 9.907e+01
5.143e-02 9.846e+01
5.174e-02 9.786e+01
5.205e-02 9.725e+01
5.236e-02 9.666e+01
5.268e-02 9.606e+01
5.300e-02 9.547e+01
5.332e-02 9.488e+01
5.364e-02 9.430e+01
5.397e-02 9.372e+01
5.429e-02 9.314e+01
5.462e-02 9.257e+01
5.495e-02 9.200e+01
5.528e-02 9.143e+01
5.561e-02 9.087e+01
5.595e-02 9.031e+01
5.629e-02 8.975e+01
5.663e-02 8.920e+01
5.697e-02 8.865e+01
5.731e-02 8.810e+01
5.766e-02 8.756e+01
5.801e-02 8.702e+01
5.836e-02 8.648e+01
5.871e-02 8.595e+01
5.907e-02 8.542e+01
5.942e-02 8.489e+01
5.978e-02 8.437e+01
6.014e-02 8.385e+01
6.051e-02 8.333e+01
6.087e-02 8.281e+01
6.124e-02 8.230e+01
6.161e-02 8.179e+01
6.198e-02 8.129e+01
6.235e-02 8.079e+01
6.273e-02 8.029e+01
6.311e-02 7.979e+01
6.349e-02 7.930e+01
6.387e-02 7.881e+01
6.426e-02 7.832e+01
6.465e-02 7.784e+01
6.504e-02 7.735e+01
6.543e-02 7.688e+01
6.583e-02 7.640e+01
6.622e-02 7.593e+01
6.662e-02 7.546e+01
6.703e-02 7.499e+01
6.743e-02 7.452e+01
6.784e-02 7.406e+01
6.825e-02 7.360e+01
6.866e-02 7.315e+01
6.907e-02 7.269e+01
6.949e-02 7.224e+01
6.991e-02 7.180e+01
7.033e-02 7.135e+01
7.076e-02 7.091e+01
7.119e-02 7.047e+01
7.161e-02 7.003e+01
7.205e-02 6.960e+01
7.248e-02 6.916e+01
7.292e-02 6.874e+01
7.336e-02 6.831e+01
7.380e-02 6.788e+01
7.425e-02 6.746e+01
7.470e-02 6.704e+01
7.515e-02 6.663e+01
7.560e-02 6.621e+01
7.606e-02 6.580e+01
7.652e-02 6.539e+01
7.698e-02 6.498e+01
7.745e-02 6.458e+01
7.791e-02 6.418e+01
7.838e-02 6.378e+01
7.886e-02 6.338e+01
7.933e-02 6.299e+01
7.981e-02 6.259e+01
8.029e-02 6.220e+01
8.078e-02 6.182e+01
8.127e-02 6.143e+01
8.176e-02 6.105e+01
8.225e-02 6.067e+01
8.275e-02 6.029e+01
8.325e-02 5.991e+01
8.375e-02 5.954e+01
8.426e-02 5.917e+01
8.476e-02 5.880e+01
8.528e-02 5.843e+01
8.579e-02 5.807e+01
8.631e-02 5.770e+01
8.683e-02 5.734e+01
8.736e-02 5.699e+01
8.788e-02 5.663e+01
8.841e-02 5.627e+01
8.895e-02 5.592e+01
8.948e-02 5.557e+01
9.002e-02 5.523e+01
9.057e-02 5.488e+01
9.112e-02 5.454e+01
9.167e-02 5.419e+01
9.222e-02 5.385e+01
9.278e-02 5.352e+01
9.334e-02 5.318e+01
9.390e-02 5.285e+01
9.447e-02 5.251e+01
9.504e-02 5.219e+01
9.561e-02 5.186e+01
9.619e-02 5.153e+01
9.677e-02 5.121e+01
9.735e-02 5.089e+01
9.794e-02 5.057e+01
9.853e-02 5.025e+01
9.913e-02 4.993e+01
9.973e-02 4.962e+01
1.003e-01 4.931e+01
1.009e-01 4.900e+01
1.015e-01 4.869e+01
1.022e-01 4.838e+01
1.028e-01 4.808e+01
1.034e-01 4.777e+01
1.040e-01 4.747e+01
1.046e-01 4.717e+01
1.053e-01 4.687e+01
1.059e-01 4.658e+01
1.066e-01 4.628e+01
1.072e-01 4.599e+01
1.078e-01 4.570e+01
1.085e-01 4.541e+01
1.092e-01 4.513e+01
1.098e-01 4.484e+01
1.105e-01 4.456e+01
1.111e-01 4.428e+01
1.118e-01 4.400e+01
1.125e-01 4.372e+01
1.132e-01 4.344e+01
1.139e-01 4.317e+01
1.145e-01 4.289e+01
1.152e-01 4.262e+01
1.159e-01 4.235e+01
1.166e-01 4.208e+01
1.173e-01 4.182e+01
1.180e-01 4.155e+01
1.188e-01 4.129e+01
1.195e-01 4.102e+01
1.202e-01 4.076e+01
1.209e-01 4.050e+01
1.216e-01 4.025e+01
1.224e-01 3.999e+01
1.231e-01 3.974e+01
1.239e-01 3.948e+01
1.246e-01 3.923e+01
1.254e-01 3.898e+01
1.261e-01 3.873e+01
1.269e-01 3.849e+01
1.276e-01 3.824e+01
1.284e-01 3.800e+01
1.292e-01 3.776e+01
1.300e-01 3.752e+01
1.308e-01 3.728e+01
1.315e-01 3.704e+01
1.323e-01 3.680e+01
1.331e-01 3.657e+01
1.339e-01 3.633e+01
1.348e-01 3.610e+01
1.356e-01 3.587e+01
1.364e-01 3.564e+01
1.372e-01 3.541e+01
1.380e-01 3.519e+01
1.389e-01 3.496e+01
1.397e-01 3.474e+01
1.406e-01 3.451e+01
1.414e-01 3.429e+01
1.423e-01 3.407e+01
1.431e-01 3.385e+01
1.440e-01 3.364e+01
1.449e-01 3.342e+01
1.457e-01 3.321e+01
1.466e-01 3.299e+01
1.475e-01 3.278e+01
1.484e-01 3.257e+01
1.493e-01 3.236e+01
1.502e-01 3.215e+01
1.511e-01 3.194e+01
1.520e-01 3.174e+01
1.529e-01 3.153e+01
1.538e-01 3.133e+01
1.548e-01 3.113e+01
1.557e-01 3.093e+01
1.566e-01 3.073e+01
1.576e-01 3.053e+01
1.585e-01 3.033e+01
1.595e-01 3.014e+01
1.605e-01 2.994e+01
1.614e-01 2.975e+01
1.624e-01 2.956e+01
1.634e-01 2.936e+01
1.644e-01 2.917e+01
1.654e-01 2.898e+01
1.664e-01 2.880e+01
1.674e-01 2.861e+01
1.684e-01 2.842e+01
1.694e-01 2.824e+01
1.704e-01 2.806e+01
1.714e-01 2.787e+01
1.725e-01 2.769e+01
1.735e-01 2.751e+01
1.746e-01 2.733e+01
1.756e-01 2.716e+01
1.767e-01 2.698e+01
1.778e-01 2.680e+01
1.788e-01 2.663e+01
1.799e-01 2.645e+01
1.810e-01 2.628e+01
1.821e-01 2.611e+01
1.832e-01 2.594e+01
1.843e-01 2.577e+01
1.854e-01 2.560e+01
1.865e-01 2.543e+01
1.877e-01 2.527e+01
1.888e-01 2.510e+01
1.899e-01 2.494e+01
1.911e-01 2.478e+01
1.922e-01 2.461e+01
1.934e-01 2.445e+01
1.946e-01 2.429e+01
1.957e-01 2.413e+01
1.969e-01 2.397e+01
1.981e-01 2.382e+01
1.993e-01 2.366e+01
2.005e-01 2.351e+01
2.017e-01 2.335e+01
2.029e-01 2.320e+01
2.042e-01 2.304e+01
2.054e-01 2.289e+01
2.066e-01 2.274e+01
2.079e-01 2.259e+01
2.091e-01 2.244e+01
2.104e-01 2.230e+01
2.117e-01 2.215e+01
2.129e-01 2.200e+01
2.142e-01 2.186e+01
2.155e-01 2.171e+01
2.168e-01 2.157e+01
2.181e-01 2.143e+01
2.195e-01 2.128e+01
2.208e-01 2.114e+01
2.221e-01 2.100e+01
2.234e-01 2.086e+01
2.248e-01 2.073e+01
2.262e-01 2.059e+01
2.275e-01 2.045e+01
2.289e-01 2.032e+01
2.303e-01 2.018e+01
2.317e-01 2.005e+01
2.331e-01 1.991e+01
2.345e-01 1.978e+01
2.359e-01 1.965e+01
2.373e-01 1.952e+01
2.387e-01 1.939e+01
2.402e-01 1.926e+01
2.416e-01 1.913e+01
2.431e-01 1.900e+01
2.446e-01 1.887e+01
2.460e-01 1.875e+01
2.475e-01 1.862e+01
2.490e-01 1.850e+01
2.505e-01 1.837e+01
2.520e-01 1.825e+01
2.536e-01 1.813e+01
2.551e-01 1.800e+01
2.566e-01 1.788e+01
2.582e-01 1.776e+01
2.597e-01 1.764e+01
2.613e-01 1.753e+01
2.629e-01 1.741e+01
2.645e-01 1.729e+01
2.661e-01 1.717e+01
2.677e-01 1.706e+01
2.693e-01 1.694e+01
2.709e-01 1.683e+01
2.726e-01 1.671e+01
2.742e-01 1.660e+01
2.759e-01 1.649e+01
2.775e-01 1.638e+01
2.792e-01 1.626e+01
2.809e-01 1.615e+01
2.826e-01 1.604e+01
2.843e-01 1.593e+01
2.860e-01 1.583e+01
2.877e-01 1.572e+01
2.895e-01 1.561e+01
2.912e-01 1.551e+01
2.930e-01 1.540e+01
2.948e-01 1.530e+01
2.965e-01 1.519e+01
2.983e-01 1.509e+01
3.001e-01 1.499e+01
3.019e-01 1.489e+01
3.038e-01 1.479e+01
3.056e-01 1.469e+01
3.074e-01 1.459e+01
3.093e-01 1.449e+01
3.112e-01 1.439e+01
3.130e-01 1.429e+01
3.149e-01 1.419e+01
3.168e-01 1.409e+01
3.187e-01 1.400e+01
3.207e-01 1.390e+01
3.226e-01 1.381e+01
3.246e-01 1.371e+01
3.265e-01 1.362e+01
3.285e-01 1.352e+01
3.305e-01 1.343e+01
3.325e-01 1.334e+01
3.345e-01 1.325e+01
3.365e-01 1.316e+01
3.385e-01 1.306e+01
3.406e-01 1.297e+01
3.426e-01 1.289e+01
3.447e-01 1.280e+01
3.468e-01 1.271e+01
3.489e-01 1.262e+01
3.510e-01 1.253e+01
3.531e-01 1.245e+01
3.552e-01 1.236e+01
3.574e-01 1.227e+01
3.595e-01 1.219e+01
3.617e-01 1.210e+01
3.639e-01 1.202e+01
3.661e-01 1.193e+01
3.683e-01 1.185e+01
3.705e-01 1.177e+01
3.728e-01 1.169e+01
3.750e-01 1.161e+01
3.773e-01 1.152e+01
3.796e-01 1.144e+01
3.818e-01 1.136e+01
3.842e-01 1.128e+01
3.865e-01 1.120e+01
3.888e-01 1.112e+01
3.912e-01 1.104e+01
3.935e-01 1.097e+01
3.959e-01 1.089e+01
3.983e-01 1.081e+01
4.007e-01 1.073e+01
4.031e-01 1.066e+01
4.055e-01 1.058e+01
4.080e-01 1.051e+01
4.105e-01 1.043e+01
4.129e-01 1.036e+01
4.154e-01 1.028e+01
4.179e-01 1.021e+01
4.205e-01 1.014e+01
4.230e-01 1.006e+01
4.256e-01 9.991e+00
4.281e-01 9.919e+00
4.307e-01 9.847e+00
4.333e-01 9.776e+00
4.359e-01 9.706e+00
4.386e-01 9.636e+00
4.412e-01 9.566e+00
4.439e-01 9.497e+00
4.465e-01 9.428e+00
4.492e-01 9.360e+00
4.520e-01 9.292e+00
4.547e-01 9.224e+00
4.574e-01 9.157e+00
4.602e-01 9.091e+00
4.630e-01 9.024e+00
4.658e-01 8.959e+00
4.686e-01 8.893e+00
4.714e-01 8.828e+00
4.743e-01 8.764e+00
4.771e-01 8.699e+00
4.800e-01 8.635e+00
4.829e-01 8.571e+00
4.858e-01 8.508e+00
4.888e-01 8.445e+00
4.917e-01 8.382e+00
4.947e-01 8.320e+00
4.977e-01 8.258e+00
5.007e-01 8.196e+00
5.037e-01 8.135e+00
5.067e-01 8.074e+00
5.098e-01 8.014e+00
5.129e-01 7.954e+00
5.160e-01 7.894e+00
5.191e-01 7.835e+00
5.222e-01 7.776e+00
5.254e-01 7.717e+00
5.285e-01 7.659e+00
5.317e-01 7.601e+00
5.349e-01 7.544e+00
5.382e-01 7.487e+00
5.414e-01 7.430e+00
5.447e-01 7.374e+00
5.480e-01 7.318e+00
5.513e-01 7.262e+00
5.546e-01 7.207e+00
5.580e-01 7.152e+00
5.613e-01 7.097e+00
5.647e-01 7.043e+00
5.681e-01 6.989e+00
5.716e-01 6.936e+00
5.750e-01 6.882e+00
5.785e-01 6.830e+00
5.820e-01 6.778e+00
5.855e-01 6.727e+00
5.890e-01 6.675e+00
5.926e-01 6.625e+00
5.962e-01 6.574e+00
5.998e-01 6.524e+00
6.034e-01 6.474e+00
6.070e-01 6.424e+00
6.107e-01 6.375e+00
6.144e-01 6.326e+00
6.181e-01 6.277e+00
6.218e-01 6.229e+00
6.256e-01 6.181e+00
6.294e-01 6.133e+00
6.332e-01 6.086e+00
6.370e-01 6.038e+00
6.408e-01 5.992e+00
6.447e-01 5.945e+00
6.486e-01 5.899e+00
6.525e-01 5.853e+00
6.565e-01 5.807e+00
6.604e-01 5.762e+00
6.644e-01 5.717e+00
6.684e-01 5.672e+00
6.725e-01 5.628e+00
6.765e-01 5.583e+00
6.806e-01 5.539e+00
6.847e-01 5.495e+00
6.889e-01 5.451e+00
6.930e-01 5.408e+00
6.972e-01 5.365e+00
7.014e-01 5.322e+00
7.056e-01 5.280e+00
7.099e-01 5.238e+00
7.142e-01 5.196e+00
7.185e-01 5.154e+00
7.228e-01 5.113e+00
7.272e-01 5.072e+00
7.316e-01 5.031e+00
7.360e-01 4.990e+00
7.405e-01 4.950e+00
7.449e-01 4.910e+00
7.494e-01 4.870e+00
7.540e-01 4.830e+00
7.585e-01 4.791e+00
7.631e-01 4.752e+00
7.677e-01 4.713e+00
7.723e-01 4.675e+00
7.770e-01 4.637e+00
7.817e-01 4.599e+00
7.864e-01 4.562e+00
7.912e-01 4.524e+00
7.959e-01 4.487e+00
8.007e-01 4.451e+00
8.056e-01 4.414e+00
8.104e-01 4.378e+00
8.153e-01 4.342e+00
8.203e-01 4.306e+00
8.252e-01 4.270e+00
8.302e-01 4.235e+00
8.352e-01 4.200e+00
8.403e-01 4.165e+00
8.453e-01 4.131e+00
8.504e-01 4.096e+00
8.556e-01 4.062e+00
8.607e-01 4.028e+00
8.659e-01 3.994e+00
8.712e-01 3.961e+00
8.764e-01 3.927e+00
8.817e-01 3.894e+00
8.870e-01 3.861e+00
8.924e-01 3.828e+00
8.978e-01 3.795e+00
9.032e-01 3.763e+00
9.087e-01 3.731e+00
9.141e-01 3.699e+00
9.197e-01 3.667e+00
9.252e-01 3.635e+00
9.308e-01 3.604e+00
9.364e-01 3.573e+00
9.421e-01 3.542e+00
9.478e-01 3.511e+00
9.535e-01 3.481e+00
9.593e-01 3.450e+00
9.650e-01 3.420e+00
9.709e-01 3.391e+00
9.767e-01 3.362e+00
9.826e-01 3.334e+00
9.886e-01 3.305e+00
9.945e-01 3.277e+00
1.001e+00 3.249e+00
1.007e+00 3.221e+00
1.013e+00 3.193e+00
1.019e+00 3.165e+00
1.025e+00 3.138e+00
1.031e+00 3.111e+00
1.037e+00 3.084e+00
1.044e+00 3.057e+00
1.050e+00 3.030e+00
1.056e+00 3.004e+00
1.063e+00 2.977e+00
1.069e+00 2.951e+00
1.076e+00 2.924e+00
1.082e+00 2.898e+00
1.089e+00 2.872e+00
1.095e+00 2.846e+00
1.102e+00 2.820e+00
1.108e+00 2.795e+00
1.115e+00 2.769e+00
1.122e+00 2.744e+00
1.129e+00 2.719e+00
1.135e+00 2.694e+00
1.142e+00 2.669e+00
1.149e+00 2.645e+00
1.156e+00 2.621e+00
1.163e+00 2.597e+00
1.170e+00 2.573e+00
1.177e+00 2.549e+00
1.184e+00 2.526e+00
1.191e+00 2.503e+00
1.199e+00 2.480e+00
1.206e+00 2.457e+00
1.213e+00 2.434e+00
1.220e+00 2.411e+00
1.228e+00 2.389e+00
1.235e+00 2.367e+00
1.243e+00 2.345e+00
1.250e+00 2.323e+00
1.258e+00 2.301e+00
1.265e+00 2.280e+00
1.273e+00 2.258e+00
1.281e+00 2.237e+00
1.288e+00 2.216e+00
1.296e+00 2.195e+00
1.304e+00 2.175e+00
1.312e+00 2.154e+00
1.320e+00 2.134e+00
1.328e+00 2.113e+00
1.336e+00 2.093e+00
1.344e+00 2.073e+00
1.352e+00 2.053e+00
1.360e+00 2.034e+00
1.368e+00 2.014e+00
1.377e+00 1.994e+00
1.385e+00 1.975e+00
1.393e+00 1.955e+00
1.402e+00 1.936e+00
1.410e+00 1.917e+00
1.419e+00 1.898e+00
1.427e+00 1.880e+00
1.436e+00 1.861e+00
1.445e+00 1.843e+00
1.453e+00 1.824e+00
1.462e+00 1.806e+00
1.471e+00 1.789e+00
1.480e+00 1.771e+00
1.489e+00 1.753e+00
1.498e+00 1.736e+00
1.507e+00 1.719e+00
1.516e+00 1.702e+00
1.525e+00 1.685e+00
1.534e+00 1.668e+00
1.543e+00 1.651e+00
1.553e+00 1.634e+00
1.562e+00 1.618e+00
1.572e+00 1.602e+00
1.581e+00 1.586e+00
1.591e+00 1.570e+00
1.600e+00 1.554e+00
1.610e+00 1.539e+00
1.620e+00 1.523e+00
1.629e+00 1.508e+00
1.639e+00 1.493e+00
1.649e+00 1.477e+00
1.659e+00 1.462e+00
1.669e+00 1.447e+00
1.679e+00 1.432e+00
1.689e+00 1.417e+00
1.700e+00 1.403e+00
1.710e+00 1.388e+00
1.720e+00 1.374e+00
1.731e+00 1.359e+00
1.741e+00 1.345e+00
1.751e+00 1.330e+00
1.762e+00 1.316e+00
1.773e+00 1.301e+00
1.783e+00 1.287e+00
1.794e+00 1.272e+00
1.805e+00 1.258e+00
1.816e+00 1.244e+00
1.827e+00 1.230e+00
1.838e+00 1.216e+00
1.849e+00 1.203e+00
1.860e+00 1.190e+00
1.871e+00 1.178e+00
1.883e+00 1.165e+00
1.894e+00 1.153e+00
1.906e+00 1.140e+00
1.917e+00 1.128e+00
1.929e+00 1.116e+00
1.940e+00 1.104e+00
1.952e+00 1.091e+00
1.964e+00 1.079e+00
1.976e+00 1.067e+00
1.988e+00 1.055e+00
2.000e+00 1.043e+00
2.012e+00 1.031e+00
2.024e+00 1.019e+00
2.036e+00 1.007e+00
2.048e+00 9.958e-01
2.061e+00 9.843e-01
2.073e+00 9.729e-01
2.086e+00 9.617e-01
2.098e+00 9.505e-01
2.111e+00 9.394e-01
2.124e+00 9.284e-01
2.136e+00 9.177e-01
2.149e+00 9.070e-01
2.162e+00 8.964e-01
2.175e+00 8.859e-01
2.189e+00 8.755e-01
2.202e+00 8.652e-01
2.215e+00 8.550e-01
2.228e+00 8.449e-01
2.242e+00 8.348e-01
2.255e+00 8.248e-01
2.269e+00 8.149e-01
2.283e+00 8.051e-01
2.296e+00 7.954e-01
2.310e+00 7.857e-01
2.324e+00 7.762e-01
2.338e+00 7.670e-01
2.352e+00 7.582e-01
2.367e+00 7.494e-01
2.381e+00 7.408e-01
2.395e+00 7.322e-01
2.410e+00 7.236e-01
2.424e+00 7.149e-01
2.439e+00 7.059e-01
2.454e+00 6.969e-01
2.469e+00 6.881e-01
2.483e+00 6.793e-01
2.498e+00 6.706e-01
2.514e+00 6.621e-01
2.529e+00 6.538e-01
2.544e+00 6.456e-01
2.559e+00 6.374e-01
2.575e+00 6.293e-01
2.590e+00 6.213e-01
2.606e+00 6.134e-01
2.622e+00 6.055e-01
2.638e+00 5.976e-01
2.653e+00 5.898e-01
2.670e+00 5.821e-01
2.686e+00 5.745e-01
2.702e+00 5.669e-01
2.718e+00 5.601e-01
2.735e+00 5.533e-01
2.751e+00 5.466e-01
2.768e+00 5.399e-01
2.784e+00 5.333e-01
2.801e+00 5.260e-01
2.818e+00 5.185e-01
2.835e+00 5.111e-01
2.852e+00 5.038e-01
2.870e+00 4.966e-01
2.887e+00 4.902e-01
2.904e+00 4.838e-01
2.922e+00 4.775e-01
2.939e+00 4.713e-01
2.957e+00 4.651e-01
2.975e+00 4.590e-01
2.993e+00 4.529e-01
3.011e+00 4.469e-01
3.029e+00 4.409e-01
3.048e+00 4.350e-01
3.066e+00 4.293e-01
3.085e+00 4.237e-01
3.103e+00 4.181e-01
3.122e+00 4.126e-01
3.141e+00 4.071e-01
3.160e+00 4.016e-01
3.179e+00 3.961e-01
3.198e+00 3.907e-01
3.217e+00 3.854e-01
3.237e+00 3.798e-01
3.256e+00 3.738e-01
3.276e+00 3.679e-01
3.296e+00 3.621e-01
3.316e+00 3.564e-01
3.336e+00 3.515e-01
3.356e+00 3.467e-01
3.376e+00 3.420e-01
3.396e+00 3.373e-01
3.417e+00 3.326e-01
3.438e+00 3.279e-01
3.458e+00 3.233e-01
3.479e+00 3.188e-01
3.500e+00 3.143e-01
3.521e+00 3.097e-01
3.543e+00 3.051e-01
3.564e+00 3.005e-01
3.586e+00 2.960e-01
3.607e+00 2.915e-01
3.629e+00 2.871e-01
3.651e+00 2.827e-01
3.673e+00 2.784e-01
3.695e+00 2.741e-01
3.717e+00 2.697e-01
3.740e+00 2.653e-01
3.762e+00 2.610e-01
3.785e+00 2.567e-01
3.808e+00 2.530e-01
3.831e+00 2.493e-01
3.854e+00 2.457e-01
3.877e+00 2.421e-01
3.901e+00 2.385e-01
3.924e+00 2.347e-01
3.948e+00 2.310e-01
3.972e+00 2.273e-01
3.996e+00 2.238e-01
4.020e+00 2.203e-01
4.044e+00 2.168e-01
4.069e+00 2.134e-01
4.093e+00 2.101e-01
