# e- + H+ + LiH -> H + LiH+ + e-
# ICEC cross section
# R = 3.952 Angstrom
# Number of initial vibrational states: 3
# Number of final vibrational states: 7
# E_in [eV] | xs [Mb]
1.000e-02 3.876e+01 8.511e+01 8.806e+01
1.007e-02 3.849e+01 8.453e+01 8.746e+01
1.014e-02 3.823e+01 8.395e+01 8.686e+01
1.021e-02 3.797e+01 8.338e+01 8.627e+01
1.028e-02 3.771e+01 8.281e+01 8.568e+01
1.035e-02 3.746e+01 8.224e+01 8.510e+01
1.042e-02 3.720e+01 8.168e+01 8.452e+01
1.049e-02 3.695e+01 8.112e+01 8.394e+01
1.056e-02 3.669e+01 8.057e+01 8.337e+01
1.063e-02 3.644e+01 8.002e+01 8.280e+01
1.070e-02 3.619e+01 7.948e+01 8.224e+01
1.078e-02 3.595e+01 7.893e+01 8.167e+01
1.085e-02 3.570e+01 7.839e+01 8.112e+01
1.093e-02 3.546e+01 7.786e+01 8.056e+01
1.100e-02 3.522e+01 7.733e+01 8.001e+01
1.108e-02 3.498e+01 7.680e+01 7.947e+01
1.115e-02 3.474e+01 7.628e+01 7.893e+01
1.123e-02 3.450e+01 7.575e+01 7.839e+01
1.130e-02 3.427e+01 7.524e+01 7.785e+01
1.138e-02 3.403e+01 7.472e+01 7.732e+01
1.146e-02 3.380e+01 7.421e+01 7.679e+01
1.154e-02 3.357e+01 7.371e+01 7.627e+01
1.162e-02 3.334e+01 7.320e+01 7.575e+01
1.170e-02 3.311e+01 7.270e+01 7.523e+01
1.178e-02 3.289e+01 7.221e+01 7.472e+01
1.186e-02 3.266e+01 7.171e+01 7.421e+01
1.194e-02 3.244e+01 7.122e+01 7.370e+01
1.202e-02 3.222e+01 7.074e+01 7.320e+01
1.210e-02 3.200e+01 7.026e+01 7.270e+01
1.218e-02 3.178e+01 6.978e+01 7.220e+01
1.227e-02 3.156e+01 6.930e+01 7.171e+01
1.235e-02 3.135e+01 6.883e+01 7.122e+01
1.243e-02 3.113e+01 6.836e+01 7.073e+01
1.252e-02 3.092e+01 6.789e+01 7.025e+01
1.261e-02 3.071e+01 6.742e+01 6.977e+01
1.269e-02 3.050e+01 6.696e+01 6.929e+01
1.278e-02 3.029e+01 6.651e+01 6.882e+01
1.287e-02 3.008e+01 6.605e+01 6.835e+01
1.295e-02 2.988e+01 6.560e+01 6.788e+01
1.304e-02 2.967e+01 6.515e+01 6.742e+01
1.313e-02 2.947e+01 6.471e+01 6.696e+01
1.322e-02 2.927e+01 6.427e+01 6.650e+01
1.331e-02 2.907e+01 6.383e+01 6.605e+01
1.340e-02 2.887e+01 6.339e+01 6.560e+01
1.349e-02 2.867e+01 6.296e+01 6.515e+01
1.359e-02 2.848e+01 6.253e+01 6.470e+01
1.368e-02 2.828e+01 6.210e+01 6.426e+01
1.377e-02 2.809e+01 6.167e+01 6.382e+01
1.387e-02 2.790e+01 6.125e+01 6.339e+01
1.396e-02 2.771e+01 6.083e+01 6.295e+01
1.406e-02 2.752e+01 6.042e+01 6.252e+01
1.415e-02 2.733e+01 6.001e+01 6.210e+01
1.425e-02 2.714e+01 5.960e+01 6.167e+01
1.435e-02 2.696e+01 5.919e+01 6.125e+01
1.444e-02 2.677e+01 5.878e+01 6.083e+01
1.454e-02 2.659e+01 5.838e+01 6.041e+01
1.464e-02 2.641e+01 5.798e+01 6.000e+01
1.474e-02 2.623e+01 5.759e+01 5.959e+01
1.484e-02 2.605e+01 5.719e+01 5.918e+01
1.494e-02 2.587e+01 5.680e+01 5.878e+01
1.505e-02 2.569e+01 5.641e+01 5.838e+01
1.515e-02 2.552e+01 5.603e+01 5.798e+01
1.525e-02 2.534e+01 5.564e+01 5.758e+01
1.536e-02 2.517e+01 5.526e+01 5.719e+01
1.546e-02 2.500e+01 5.488e+01 5.680e+01
1.557e-02 2.483e+01 5.451e+01 5.641e+01
1.567e-02 2.466e+01 5.414e+01 5.602e+01
1.578e-02 2.449e+01 5.376e+01 5.564e+01
1.589e-02 2.432e+01 5.340e+01 5.526e+01
1.600e-02 2.415e+01 5.303e+01 5.488e+01
1.611e-02 2.399e+01 5.267e+01 5.451e+01
1.622e-02 2.383e+01 5.231e+01 5.413e+01
1.633e-02 2.366e+01 5.195e+01 5.376e+01
1.644e-02 2.350e+01 5.159e+01 5.339e+01
1.655e-02 2.334e+01 5.124e+01 5.303e+01
1.666e-02 2.318e+01 5.089e+01 5.267e+01
1.678e-02 2.302e+01 5.054e+01 5.231e+01
1.689e-02 2.286e+01 5.020e+01 5.195e+01
1.701e-02 2.271e+01 4.985e+01 5.159e+01
1.712e-02 2.255e+01 4.951e+01 5.124e+01
1.724e-02 2.240e+01 4.917e+01 5.089e+01
1.736e-02 2.224e+01 4.884e+01 5.054e+01
1.748e-02 2.209e+01 4.850e+01 5.019e+01
1.760e-02 2.194e+01 4.817e+01 4.985e+01
1.772e-02 2.179e+01 4.784e+01 4.951e+01
1.784e-02 2.164e+01 4.751e+01 4.917e+01
1.796e-02 2.149e+01 4.719e+01 4.883e+01
1.808e-02 2.135e+01 4.686e+01 4.850e+01
1.821e-02 2.120e+01 4.654e+01 4.817e+01
1.833e-02 2.105e+01 4.622e+01 4.784e+01
1.846e-02 2.091e+01 4.591e+01 4.751e+01
1.858e-02 2.077e+01 4.559e+01 4.718e+01
1.871e-02 2.062e+01 4.528e+01 4.686e+01
1.884e-02 2.048e+01 4.497e+01 4.654e+01
1.897e-02 2.034e+01 4.466e+01 4.622e+01
1.910e-02 2.020e+01 4.435e+01 4.590e+01
1.923e-02 2.007e+01 4.405e+01 4.559e+01
1.936e-02 1.993e+01 4.375e+01 4.528e+01
1.949e-02 1.979e+01 4.345e+01 4.497e+01
1.962e-02 1.966e+01 4.315e+01 4.466e+01
1.976e-02 1.952e+01 4.285e+01 4.435e+01
1.989e-02 1.939e+01 4.256e+01 4.405e+01
2.003e-02 1.925e+01 4.227e+01 4.375e+01
2.016e-02 1.912e+01 4.198e+01 4.345e+01
2.030e-02 1.899e+01 4.169e+01 4.315e+01
2.044e-02 1.886e+01 4.140e+01 4.285e+01
2.058e-02 1.873e+01 4.112e+01 4.256e+01
2.072e-02 1.860e+01 4.084e+01 4.227e+01
2.086e-02 1.848e+01 4.056e+01 4.198e+01
2.101e-02 1.835e+01 4.028e+01 4.169e+01
2.115e-02 1.822e+01 4.000e+01 4.140e+01
2.129e-02 1.810e+01 3.973e+01 4.112e+01
2.144e-02 1.797e+01 3.946e+01 4.084e+01
2.159e-02 1.785e+01 3.919e+01 4.056e+01
2.173e-02 1.773e+01 3.892e+01 4.028e+01
2.188e-02 1.761e+01 3.865e+01 4.000e+01
2.203e-02 1.749e+01 3.838e+01 3.973e+01
2.218e-02 1.737e+01 3.812e+01 3.946e+01
2.233e-02 1.725e+01 3.786e+01 3.919e+01
2.249e-02 1.713e+01 3.760e+01 3.892e+01
2.264e-02 1.701e+01 3.734e+01 3.865e+01
2.279e-02 1.689e+01 3.708e+01 3.838e+01
2.295e-02 1.678e+01 3.683e+01 3.812e+01
2.311e-02 1.666e+01 3.658e+01 3.786e+01
2.326e-02 1.655e+01 3.633e+01 3.760e+01
2.342e-02 1.643e+01 3.608e+01 3.734e+01
2.358e-02 1.632e+01 3.583e+01 3.709e+01
2.374e-02 1.621e+01 3.558e+01 3.683e+01
2.391e-02 1.610e+01 3.534e+01 3.658e+01
2.407e-02 1.599e+01 3.509e+01 3.633e+01
2.423e-02 1.588e+01 3.485e+01 3.608e+01
2.440e-02 1.577e+01 3.461e+01 3.583e+01
2.457e-02 1.566e+01 3.438e+01 3.558e+01
2.473e-02 1.555e+01 3.414e+01 3.534e+01
2.490e-02 1.545e+01 3.390e+01 3.510e+01
2.507e-02 1.534e+01 3.367e+01 3.485e+01
2.525e-02 1.523e+01 3.344e+01 3.461e+01
2.542e-02 1.513e+01 3.321e+01 3.438e+01
2.559e-02 1.503e+01 3.298e+01 3.414e+01
2.577e-02 1.492e+01 3.275e+01 3.391e+01
2.594e-02 1.482e+01 3.253e+01 3.367e+01
2.612e-02 1.472e+01 3.231e+01 3.344e+01
2.630e-02 1.462e+01 3.208e+01 3.321e+01
2.648e-02 1.452e+01 3.186e+01 3.298e+01
2.666e-02 1.442e+01 3.164e+01 3.276e+01
2.684e-02 1.432e+01 3.143e+01 3.253e+01
2.702e-02 1.422e+01 3.121e+01 3.231e+01
2.721e-02 1.412e+01 3.099e+01 3.209e+01
2.739e-02 1.402e+01 3.078e+01 3.186e+01
2.758e-02 1.393e+01 3.057e+01 3.165e+01
2.777e-02 1.383e+01 3.036e+01 3.143e+01
2.796e-02 1.374e+01 3.015e+01 3.121e+01
2.815e-02 1.364e+01 2.994e+01 3.100e+01
2.834e-02 1.355e+01 2.974e+01 3.078e+01
2.854e-02 1.345e+01 2.953e+01 3.057e+01
2.873e-02 1.336e+01 2.933e+01 3.036e+01
2.893e-02 1.327e+01 2.913e+01 3.015e+01
2.913e-02 1.318e+01 2.892e+01 2.994e+01
2.932e-02 1.309e+01 2.873e+01 2.974e+01
2.953e-02 1.300e+01 2.853e+01 2.953e+01
2.973e-02 1.291e+01 2.833e+01 2.933e+01
2.993e-02 1.282e+01 2.814e+01 2.913e+01
3.013e-02 1.273e+01 2.794e+01 2.893e+01
3.034e-02 1.264e+01 2.775e+01 2.873e+01
3.055e-02 1.256e+01 2.756e+01 2.853e+01
3.076e-02 1.247e+01 2.737e+01 2.833e+01
3.097e-02 1.238e+01 2.718e+01 2.814e+01
3.118e-02 1.230e+01 2.699e+01 2.794e+01
3.139e-02 1.221e+01 2.681e+01 2.775e+01
3.161e-02 1.213e+01 2.662e+01 2.756e+01
3.182e-02 1.205e+01 2.644e+01 2.737e+01
3.204e-02 1.196e+01 2.625e+01 2.718e+01
3.226e-02 1.188e+01 2.607e+01 2.699e+01
3.248e-02 1.180e+01 2.589e+01 2.681e+01
3.270e-02 1.172e+01 2.571e+01 2.662e+01
3.292e-02 1.164e+01 2.554e+01 2.644e+01
3.315e-02 1.156e+01 2.536e+01 2.626e+01
3.338e-02 1.148e+01 2.519e+01 2.608e+01
3.360e-02 1.140e+01 2.501e+01 2.590e+01
3.383e-02 1.132e+01 2.484e+01 2.572e+01
3.406e-02 1.124e+01 2.467e+01 2.554e+01
3.430e-02 1.116e+01 2.450e+01 2.536e+01
3.453e-02 1.109e+01 2.433e+01 2.519e+01
3.477e-02 1.101e+01 2.416e+01 2.501e+01
3.500e-02 1.093e+01 2.399e+01 2.484e+01
3.524e-02 1.086e+01 2.383e+01 2.467e+01
3.548e-02 1.078e+01 2.366e+01 2.450e+01
3.573e-02 1.071e+01 2.350e+01 2.433e+01
3.597e-02 1.063e+01 2.334e+01 2.416e+01
3.622e-02 1.056e+01 2.317e+01 2.400e+01
3.646e-02 1.049e+01 2.301e+01 2.383e+01
3.671e-02 1.041e+01 2.286e+01 2.366e+01
3.696e-02 1.034e+01 2.270e+01 2.350e+01
3.722e-02 1.027e+01 2.254e+01 2.334e+01
3.747e-02 1.020e+01 2.238e+01 2.318e+01
3.773e-02 1.013e+01 2.223e+01 2.302e+01
3.798e-02 1.006e+01 2.208e+01 2.286e+01
3.824e-02 9.990e+00 2.192e+01 2.270e+01
3.851e-02 9.921e+00 2.177e+01 2.254e+01
3.877e-02 9.853e+00 2.162e+01 2.239e+01
3.903e-02 9.784e+00 2.147e+01 2.223e+01
3.930e-02 9.717e+00 2.132e+01 2.208e+01
3.957e-02 9.649e+00 2.117e+01 2.193e+01
3.984e-02 9.583e+00 2.103e+01 2.177e+01
4.011e-02 9.516e+00 2.088e+01 2.162e+01
4.039e-02 9.450e+00 2.074e+01 2.147e+01
4.066e-02 9.385e+00 2.059e+01 2.132e+01
4.094e-02 9.320e+00 2.045e+01 2.118e+01
4.122e-02 9.255e+00 2.031e+01 2.103e+01
4.150e-02 9.191e+00 2.017e+01 2.088e+01
4.178e-02 9.128e+00 2.003e+01 2.074e+01
4.207e-02 9.064e+00 1.989e+01 2.060e+01
4.236e-02 9.001e+00 1.975e+01 2.045e+01
4.265e-02 8.939e+00 1.961e+01 2.031e+01
4.294e-02 8.877e+00 1.948e+01 2.017e+01
4.323e-02 8.816e+00 1.934e+01 2.003e+01
4.353e-02 8.754e+00 1.921e+01 1.989e+01
4.382e-02 8.694e+00 1.908e+01 1.975e+01
4.412e-02 8.633e+00 1.894e+01 1.962e+01
4.442e-02 8.573e+00 1.881e+01 1.948e+01
4.473e-02 8.514e+00 1.868e+01 1.935e+01
4.503e-02 8.455e+00 1.855e+01 1.921e+01
4.534e-02 8.396e+00 1.842e+01 1.908e+01
4.565e-02 8.338e+00 1.829e+01 1.895e+01
4.596e-02 8.280e+00 1.817e+01 1.881e+01
4.628e-02 8.222e+00 1.804e+01 1.868e+01
4.659e-02 8.165e+00 1.792e+01 1.855e+01
4.691e-02 8.109e+00 1.779e+01 1.842e+01
4.723e-02 8.052e+00 1.767e+01 1.830e+01
4.756e-02 7.996e+00 1.755e+01 1.817e+01
4.788e-02 7.941e+00 1.742e+01 1.804e+01
4.821e-02 7.886e+00 1.730e+01 1.792e+01
4.854e-02 7.831e+00 1.718e+01 1.779e+01
4.887e-02 7.776e+00 1.706e+01 1.767e+01
4.920e-02 7.722e+00 1.694e+01 1.755e+01
4.954e-02 7.669e+00 1.683e+01 1.742e+01
4.988e-02 7.615e+00 1.671e+01 1.730e+01
5.022e-02 7.562e+00 1.659e+01 1.718e+01
5.056e-02 7.510e+00 1.648e+01 1.706e+01
5.091e-02 7.457e+00 1.636e+01 1.694e+01
5.125e-02 7.405e+00 1.625e+01 1.683e+01
5.160e-02 7.354e+00 1.613e+01 1.671e+01
5.196e-02 7.303e+00 1.602e+01 1.659e+01
5.231e-02 7.252e+00 1.591e+01 1.648e+01
5.267e-02 7.201e+00 1.580e+01 1.636e+01
5.303e-02 7.151e+00 1.569e+01 1.625e+01
5.339e-02 7.101e+00 1.558e+01 1.614e+01
5.376e-02 7.052e+00 1.547e+01 1.602e+01
5.412e-02 7.003e+00 1.536e+01 1.591e+01
5.449e-02 6.954e+00 1.526e+01 1.580e+01
5.487e-02 6.905e+00 1.515e+01 1.569e+01
5.524e-02 6.857e+00 1.504e+01 1.558e+01
5.562e-02 6.809e+00 1.494e+01 1.547e+01
5.600e-02 6.762e+00 1.483e+01 1.536e+01
5.638e-02 6.715e+00 1.473e+01 1.526e+01
5.677e-02 6.668e+00 1.463e+01 1.515e+01
5.715e-02 6.621e+00 1.453e+01 1.505e+01
5.754e-02 6.575e+00 1.442e+01 1.494e+01
5.794e-02 6.529e+00 1.432e+01 1.484e+01
5.833e-02 6.483e+00 1.422e+01 1.473e+01
5.873e-02 6.438e+00 1.412e+01 1.463e+01
5.913e-02 6.393e+00 1.402e+01 1.453e+01
5.954e-02 6.348e+00 1.393e+01 1.443e+01
5.994e-02 6.304e+00 1.383e+01 1.432e+01
6.035e-02 6.260e+00 1.373e+01 1.422e+01
6.077e-02 6.216e+00 1.364e+01 1.412e+01
6.118e-02 6.173e+00 1.354e+01 1.403e+01
6.160e-02 6.129e+00 1.345e+01 1.393e+01
6.202e-02 6.087e+00 1.335e+01 1.383e+01
6.244e-02 6.044e+00 1.326e+01 1.373e+01
6.287e-02 6.002e+00 1.316e+01 1.364e+01
6.330e-02 5.960e+00 1.307e+01 1.354e+01
6.373e-02 5.918e+00 1.298e+01 1.345e+01
6.417e-02 5.876e+00 1.289e+01 1.335e+01
6.461e-02 5.835e+00 1.280e+01 1.326e+01
6.505e-02 5.794e+00 1.271e+01 1.317e+01
6.549e-02 5.754e+00 1.262e+01 1.307e+01
6.594e-02 5.713e+00 1.253e+01 1.298e+01
6.639e-02 5.673e+00 1.244e+01 1.289e+01
6.684e-02 5.633e+00 1.236e+01 1.280e+01
6.730e-02 5.594e+00 1.227e+01 1.271e+01
6.776e-02 5.555e+00 1.218e+01 1.262e+01
6.822e-02 5.516e+00 1.210e+01 1.253e+01
6.869e-02 5.477e+00 1.201e+01 1.245e+01
6.916e-02 5.439e+00 1.193e+01 1.236e+01
6.963e-02 5.400e+00 1.184e+01 1.227e+01
7.011e-02 5.362e+00 1.176e+01 1.219e+01
7.059e-02 5.325e+00 1.168e+01 1.210e+01
7.107e-02 5.287e+00 1.160e+01 1.201e+01
7.155e-02 5.250e+00 1.151e+01 1.193e+01
7.204e-02 5.213e+00 1.143e+01 1.185e+01
7.253e-02 5.176e+00 1.135e+01 1.176e+01
7.303e-02 5.140e+00 1.127e+01 1.168e+01
7.353e-02 5.104e+00 1.119e+01 1.160e+01
7.403e-02 5.068e+00 1.111e+01 1.152e+01
7.454e-02 5.032e+00 1.104e+01 1.144e+01
7.505e-02 4.997e+00 1.096e+01 1.135e+01
7.556e-02 4.962e+00 1.088e+01 1.127e+01
7.608e-02 4.927e+00 1.080e+01 1.120e+01
7.660e-02 4.892e+00 1.073e+01 1.112e+01
7.712e-02 4.857e+00 1.065e+01 1.104e+01
7.765e-02 4.823e+00 1.058e+01 1.096e+01
7.818e-02 4.789e+00 1.050e+01 1.088e+01
7.871e-02 4.755e+00 1.043e+01 1.081e+01
7.925e-02 4.722e+00 1.035e+01 1.073e+01
7.979e-02 4.688e+00 1.028e+01 1.065e+01
8.033e-02 4.655e+00 1.021e+01 1.058e+01
8.088e-02 4.622e+00 1.014e+01 1.050e+01
8.144e-02 4.590e+00 1.006e+01 1.043e+01
8.199e-02 4.557e+00 9.993e+00 1.036e+01
8.255e-02 4.525e+00 9.923e+00 1.028e+01
8.312e-02 4.493e+00 9.852e+00 1.021e+01
8.368e-02 4.461e+00 9.783e+00 1.014e+01
8.426e-02 4.430e+00 9.713e+00 1.007e+01
8.483e-02 4.398e+00 9.645e+00 9.995e+00
8.541e-02 4.367e+00 9.576e+00 9.925e+00
8.600e-02 4.336e+00 9.508e+00 9.854e+00
8.658e-02 4.306e+00 9.441e+00 9.785e+00
8.717e-02 4.275e+00 9.374e+00 9.715e+00
8.777e-02 4.245e+00 9.307e+00 9.646e+00
8.837e-02 4.215e+00 9.241e+00 9.578e+00
8.897e-02 4.185e+00 9.176e+00 9.510e+00
8.958e-02 4.155e+00 9.110e+00 9.443e+00
9.019e-02 4.126e+00 9.046e+00 9.376e+00
9.081e-02 4.096e+00 8.981e+00 9.309e+00
9.143e-02 4.067e+00 8.918e+00 9.243e+00
9.205e-02 4.039e+00 8.854e+00 9.178e+00
9.268e-02 4.010e+00 8.791e+00 9.112e+00
9.332e-02 3.981e+00 8.729e+00 9.048e+00
9.395e-02 3.953e+00 8.666e+00 8.983e+00
9.460e-02 3.925e+00 8.605e+00 8.919e+00
9.524e-02 3.897e+00 8.543e+00 8.856e+00
9.589e-02 3.869e+00 8.482e+00 8.793e+00
9.655e-02 3.842e+00 8.422e+00 8.730e+00
9.721e-02 3.814e+00 8.362e+00 8.668e+00
9.787e-02 3.787e+00 8.302e+00 8.607e+00
9.854e-02 3.760e+00 8.243e+00 8.545e+00
9.921e-02 3.733e+00 8.184e+00 8.484e+00
9.989e-02 3.707e+00 8.126e+00 8.424e+00
1.006e-01 3.680e+00 8.068e+00 8.364e+00
1.013e-01 3.654e+00 8.010e+00 8.304e+00
1.020e-01 3.628e+00 7.953e+00 8.245e+00
1.027e-01 3.602e+00 7.896e+00 8.186e+00
1.034e-01 3.576e+00 7.840e+00 8.128e+00
1.041e-01 3.551e+00 7.784e+00 8.070e+00
1.048e-01 3.525e+00 7.728e+00 8.012e+00
1.055e-01 3.500e+00 7.673e+00 7.955e+00
1.062e-01 3.475e+00 7.618e+00 7.898e+00
1.069e-01 3.450e+00 7.563e+00 7.842e+00
1.077e-01 3.425e+00 7.509e+00 7.785e+00
1.084e-01 3.401e+00 7.455e+00 7.730e+00
1.091e-01 3.376e+00 7.402e+00 7.674e+00
1.099e-01 3.352e+00 7.349e+00 7.620e+00
1.106e-01 3.328e+00 7.296e+00 7.565e+00
1.114e-01 3.304e+00 7.243e+00 7.511e+00
1.122e-01 3.280e+00 7.191e+00 7.457e+00
1.129e-01 3.257e+00 7.140e+00 7.403e+00
1.137e-01 3.233e+00 7.088e+00 7.350e+00
1.145e-01 3.210e+00 7.037e+00 7.298e+00
1.152e-01 3.187e+00 6.987e+00 7.245e+00
1.160e-01 3.164e+00 6.937e+00 7.193e+00
1.168e-01 3.141e+00 6.887e+00 7.142e+00
1.176e-01 3.118e+00 6.837e+00 7.090e+00
1.184e-01 3.096e+00 6.788e+00 7.039e+00
1.192e-01 3.074e+00 6.739e+00 6.989e+00
1.201e-01 3.051e+00 6.690e+00 6.938e+00
1.209e-01 3.029e+00 6.642e+00 6.888e+00
1.217e-01 3.007e+00 6.594e+00 6.839e+00
1.225e-01 2.986e+00 6.547e+00 6.790e+00
1.234e-01 2.964e+00 6.499e+00 6.741e+00
1.242e-01 2.943e+00 6.452e+00 6.692e+00
1.251e-01 2.921e+00 6.406e+00 6.644e+00
1.259e-01 2.900e+00 6.359e+00 6.596e+00
1.268e-01 2.879e+00 6.313e+00 6.548e+00
1.276e-01 2.858e+00 6.268e+00 6.501e+00
1.285e-01 2.838e+00 6.222e+00 6.454e+00
1.294e-01 2.817e+00 6.177e+00 6.407e+00
1.303e-01 2.797e+00 6.132e+00 6.361e+00
1.312e-01 2.776e+00 6.088e+00 6.315e+00
1.321e-01 2.756e+00 6.044e+00 6.269e+00
1.330e-01 2.736e+00 6.000e+00 6.224e+00
1.339e-01 2.716e+00 5.956e+00 6.179e+00
1.348e-01 2.696e+00 5.913e+00 6.134e+00
1.357e-01 2.677e+00 5.870e+00 6.090e+00
1.366e-01 2.657e+00 5.828e+00 6.045e+00
1.376e-01 2.638e+00 5.785e+00 6.002e+00
1.385e-01 2.619e+00 5.743e+00 5.958e+00
1.395e-01 2.600e+00 5.701e+00 5.915e+00
1.404e-01 2.581e+00 5.660e+00 5.872e+00
1.414e-01 2.562e+00 5.619e+00 5.829e+00
1.423e-01 2.543e+00 5.578e+00 5.787e+00
1.433e-01 2.525e+00 5.537e+00 5.745e+00
1.443e-01 2.506e+00 5.497e+00 5.703e+00
1.453e-01 2.488e+00 5.456e+00 5.661e+00
1.463e-01 2.470e+00 5.417e+00 5.620e+00
1.473e-01 2.452e+00 5.377e+00 5.579e+00
1.483e-01 2.434e+00 5.338e+00 5.538e+00
1.493e-01 2.416e+00 5.299e+00 5.497e+00
1.503e-01 2.398e+00 5.260e+00 5.457e+00
1.513e-01 2.381e+00 5.221e+00 5.416e+00
1.524e-01 2.363e+00 5.183e+00 5.376e+00
1.534e-01 2.346e+00 5.145e+00 5.337e+00
1.545e-01 2.329e+00 5.107e+00 5.297e+00
1.555e-01 2.312e+00 5.070e+00 5.258e+00
1.566e-01 2.295e+00 5.033e+00 5.219e+00
1.576e-01 2.278e+00 4.996e+00 5.181e+00
1.587e-01 2.261e+00 4.959e+00 5.142e+00
1.598e-01 2.244e+00 4.923e+00 5.104e+00
1.609e-01 2.228e+00 4.886e+00 5.066e+00
1.620e-01 2.212e+00 4.851e+00 5.029e+00
1.631e-01 2.195e+00 4.815e+00 4.992e+00
1.642e-01 2.179e+00 4.779e+00 4.955e+00
1.653e-01 2.163e+00 4.744e+00 4.918e+00
1.665e-01 2.147e+00 4.709e+00 4.881e+00
1.676e-01 2.131e+00 4.674e+00 4.845e+00
1.687e-01 2.116e+00 4.640e+00 4.809e+00
1.699e-01 2.100e+00 4.606e+00 4.773e+00
1.711e-01 2.084e+00 4.572e+00 4.738e+00
1.722e-01 2.069e+00 4.538e+00 4.702e+00
1.734e-01 2.054e+00 4.504e+00 4.667e+00
1.746e-01 2.039e+00 4.471e+00 4.632e+00
1.758e-01 2.023e+00 4.438e+00 4.598e+00
1.770e-01 2.008e+00 4.405e+00 4.563e+00
1.782e-01 1.994e+00 4.372e+00 4.529e+00
1.794e-01 1.979e+00 4.340e+00 4.495e+00
1.806e-01 1.964e+00 4.307e+00 4.462e+00
1.819e-01 1.950e+00 4.275e+00 4.428e+00
1.831e-01 1.935e+00 4.244e+00 4.395e+00
1.844e-01 1.921e+00 4.212e+00 4.362e+00
1.856e-01 1.906e+00 4.181e+00 4.329e+00
1.869e-01 1.892e+00 4.150e+00 4.297e+00
1.882e-01 1.878e+00 4.119e+00 4.265e+00
1.895e-01 1.864e+00 4.088e+00 4.232e+00
1.908e-01 1.850e+00 4.057e+00 4.201e+00
1.921e-01 1.836e+00 4.027e+00 4.169e+00
1.934e-01 1.823e+00 3.997e+00 4.138e+00
1.947e-01 1.809e+00 3.967e+00 4.106e+00
1.960e-01 1.796e+00 3.938e+00 4.075e+00
1.974e-01 1.782e+00 3.908e+00 4.045e+00
1.987e-01 1.769e+00 3.879e+00 4.014e+00
2.001e-01 1.756e+00 3.850e+00 3.984e+00
2.014e-01 1.742e+00 3.821e+00 3.954e+00
2.028e-01 1.729e+00 3.792e+00 3.924e+00
2.042e-01 1.716e+00 3.764e+00 3.894e+00
2.056e-01 1.704e+00 3.736e+00 3.864e+00
2.070e-01 1.691e+00 3.708e+00 3.835e+00
2.084e-01 1.678e+00 3.680e+00 3.806e+00
2.098e-01 1.665e+00 3.652e+00 3.777e+00
2.113e-01 1.653e+00 3.625e+00 3.748e+00
2.127e-01 1.640e+00 3.597e+00 3.720e+00
2.142e-01 1.628e+00 3.570e+00 3.691e+00
2.156e-01 1.616e+00 3.543e+00 3.663e+00
2.171e-01 1.604e+00 3.517e+00 3.635e+00
2.186e-01 1.591e+00 3.490e+00 3.607e+00
2.201e-01 1.579e+00 3.464e+00 3.580e+00
2.216e-01 1.567e+00 3.437e+00 3.553e+00
2.231e-01 1.556e+00 3.411e+00 3.525e+00
2.246e-01 1.544e+00 3.386e+00 3.498e+00
2.262e-01 1.532e+00 3.360e+00 3.472e+00
2.277e-01 1.520e+00 3.334e+00 3.445e+00
2.293e-01 1.509e+00 3.309e+00 3.418e+00
2.308e-01 1.497e+00 3.284e+00 3.392e+00
2.324e-01 1.486e+00 3.259e+00 3.366e+00
2.340e-01 1.475e+00 3.234e+00 3.340e+00
2.356e-01 1.464e+00 3.210e+00 3.314e+00
2.372e-01 1.452e+00 3.185e+00 3.289e+00
2.388e-01 1.441e+00 3.161e+00 3.264e+00
2.404e-01 1.430e+00 3.137e+00 3.238e+00
2.421e-01 1.419e+00 3.113e+00 3.213e+00
2.437e-01 1.409e+00 3.089e+00 3.188e+00
2.454e-01 1.398e+00 3.065e+00 3.164e+00
2.471e-01 1.387e+00 3.042e+00 3.139e+00
2.488e-01 1.376e+00 3.018e+00 3.115e+00
2.505e-01 1.366e+00 2.995e+00 3.091e+00
2.522e-01 1.355e+00 2.972e+00 3.067e+00
2.539e-01 1.345e+00 2.949e+00 3.043e+00
2.556e-01 1.335e+00 2.927e+00 3.019e+00
2.574e-01 1.324e+00 2.904e+00 2.996e+00
2.591e-01 1.314e+00 2.882e+00 2.972e+00
2.609e-01 1.304e+00 2.859e+00 2.949e+00
2.627e-01 1.294e+00 2.837e+00 2.926e+00
2.645e-01 1.284e+00 2.815e+00 2.903e+00
2.663e-01 1.274e+00 2.794e+00 2.880e+00
2.681e-01 1.264e+00 2.772e+00 2.858e+00
2.700e-01 1.254e+00 2.750e+00 2.835e+00
2.718e-01 1.245e+00 2.729e+00 2.813e+00
2.737e-01 1.235e+00 2.708e+00 2.791e+00
2.755e-01 1.225e+00 2.687e+00 2.769e+00
2.774e-01 1.216e+00 2.666e+00 2.747e+00
2.793e-01 1.206e+00 2.645e+00 2.726e+00
2.812e-01 1.197e+00 2.625e+00 2.704e+00
2.831e-01 1.188e+00 2.604e+00 2.683e+00
2.851e-01 1.179e+00 2.584e+00 2.662e+00
2.870e-01 1.169e+00 2.564e+00 2.641e+00
2.890e-01 1.160e+00 2.544e+00 2.620e+00
2.909e-01 1.151e+00 2.524e+00 2.599e+00
2.929e-01 1.142e+00 2.504e+00 2.578e+00
2.949e-01 1.133e+00 2.484e+00 2.558e+00
2.970e-01 1.124e+00 2.465e+00 2.538e+00
2.990e-01 1.116e+00 2.445e+00 2.518e+00
3.010e-01 1.107e+00 2.426e+00 2.498e+00
3.031e-01 1.098e+00 2.407e+00 2.478e+00
3.052e-01 1.090e+00 2.388e+00 2.459e+00
3.072e-01 1.081e+00 2.369e+00 2.440e+00
3.093e-01 1.073e+00 2.350e+00 2.420e+00
3.114e-01 1.064e+00 2.332e+00 2.401e+00
3.136e-01 1.056e+00 2.314e+00 2.382e+00
3.157e-01 1.048e+00 2.295e+00 2.363e+00
3.179e-01 1.039e+00 2.277e+00 2.345e+00
3.200e-01 1.031e+00 2.259e+00 2.326e+00
3.222e-01 1.023e+00 2.241e+00 2.307e+00
3.244e-01 1.015e+00 2.224e+00 2.289e+00
3.267e-01 1.007e+00 2.206e+00 2.271e+00
3.289e-01 9.988e-01 2.189e+00 2.253e+00
3.311e-01 9.909e-01 2.171e+00 2.235e+00
3.334e-01 9.830e-01 2.154e+00 2.217e+00
3.357e-01 9.752e-01 2.137e+00 2.199e+00
3.380e-01 9.675e-01 2.120e+00 2.182e+00
3.403e-01 9.598e-01 2.103e+00 2.164e+00
3.426e-01 9.521e-01 2.086e+00 2.147e+00
3.449e-01 9.445e-01 2.070e+00 2.130e+00
3.473e-01 9.370e-01 2.053e+00 2.113e+00
3.497e-01 9.295e-01 2.037e+00 2.096e+00
3.521e-01 9.220e-01 2.020e+00 2.079e+00
3.545e-01 9.146e-01 2.004e+00 2.062e+00
3.569e-01 9.073e-01 1.988e+00 2.045e+00
3.593e-01 9.000e-01 1.972e+00 2.029e+00
3.618e-01 8.928e-01 1.956e+00 2.012e+00
3.643e-01 8.856e-01 1.940e+00 1.996e+00
3.667e-01 8.785e-01 1.925e+00 1.980e+00
3.692e-01 8.714e-01 1.909e+00 1.964e+00
3.718e-01 8.644e-01 1.894e+00 1.948e+00
3.743e-01 8.574e-01 1.879e+00 1.932e+00
3.769e-01 8.504e-01 1.863e+00 1.916e+00
3.794e-01 8.435e-01 1.848e+00 1.901e+00
3.820e-01 8.367e-01 1.834e+00 1.885e+00
3.846e-01 8.299e-01 1.819e+00 1.870e+00
3.873e-01 8.232e-01 1.804e+00 1.855e+00
3.899e-01 8.165e-01 1.789e+00 1.839e+00
3.926e-01 8.098e-01 1.775e+00 1.824e+00
3.953e-01 8.033e-01 1.760e+00 1.809e+00
3.980e-01 7.967e-01 1.746e+00 1.794e+00
4.007e-01 7.902e-01 1.732e+00 1.780e+00
4.034e-01 7.838e-01 1.718e+00 1.765e+00
4.062e-01 7.774e-01 1.704e+00 1.750e+00
4.090e-01 7.710e-01 1.690e+00 1.736e+00
4.117e-01 7.647e-01 1.676e+00 1.722e+00
4.146e-01 7.585e-01 1.662e+00 1.707e+00
4.174e-01 7.522e-01 1.649e+00 1.693e+00
4.202e-01 7.460e-01 1.635e+00 1.679e+00
4.231e-01 7.399e-01 1.622e+00 1.665e+00
4.260e-01 7.338e-01 1.609e+00 1.651e+00
4.289e-01 7.278e-01 1.595e+00 1.638e+00
4.318e-01 7.218e-01 1.582e+00 1.624e+00
4.348e-01 7.159e-01 1.569e+00 1.610e+00
4.378e-01 7.100e-01 1.556e+00 1.597e+00
4.408e-01 7.042e-01 1.543e+00 1.584e+00
4.438e-01 6.984e-01 1.531e+00 1.570e+00
4.468e-01 6.926e-01 1.518e+00 1.557e+00
4.499e-01 6.869e-01 1.505e+00 1.544e+00
4.529e-01 6.812e-01 1.493e+00 1.531e+00
4.560e-01 6.756e-01 1.480e+00 1.518e+00
4.591e-01 6.700e-01 1.468e+00 1.506e+00
4.623e-01 6.644e-01 1.456e+00 1.493e+00
4.654e-01 6.589e-01 1.443e+00 1.481e+00
4.686e-01 6.534e-01 1.431e+00 1.468e+00
4.718e-01 6.480e-01 1.419e+00 1.456e+00
4.750e-01 6.425e-01 1.408e+00 1.443e+00
4.783e-01 6.372e-01 1.396e+00 1.431e+00
4.816e-01 6.319e-01 1.384e+00 1.419e+00
4.848e-01 6.266e-01 1.372e+00 1.407e+00
4.882e-01 6.213e-01 1.361e+00 1.395e+00
4.915e-01 6.161e-01 1.349e+00 1.383e+00
4.949e-01 6.109e-01 1.338e+00 1.372e+00
4.982e-01 6.058e-01 1.327e+00 1.360e+00
5.016e-01 6.007e-01 1.315e+00 1.348e+00
5.051e-01 5.956e-01 1.304e+00 1.337e+00
5.085e-01 5.906e-01 1.293e+00 1.325e+00
5.120e-01 5.856e-01 1.282e+00 1.314e+00
5.155e-01 5.806e-01 1.271e+00 1.303e+00
5.190e-01 5.757e-01 1.260e+00 1.291e+00
5.226e-01 5.708e-01 1.250e+00 1.280e+00
5.261e-01 5.659e-01 1.239e+00 1.269e+00
5.297e-01 5.611e-01 1.228e+00 1.258e+00
5.333e-01 5.564e-01 1.218e+00 1.247e+00
5.370e-01 5.517e-01 1.207e+00 1.237e+00
5.407e-01 5.470e-01 1.197e+00 1.226e+00
5.443e-01 5.423e-01 1.186e+00 1.215e+00
5.481e-01 5.377e-01 1.176e+00 1.205e+00
5.518e-01 5.331e-01 1.166e+00 1.194e+00
5.556e-01 5.285e-01 1.156e+00 1.184e+00
5.594e-01 5.240e-01 1.146e+00 1.173e+00
5.632e-01 5.195e-01 1.136e+00 1.163e+00
5.670e-01 5.151e-01 1.126e+00 1.153e+00
5.709e-01 5.106e-01 1.116e+00 1.143e+00
5.748e-01 5.062e-01 1.106e+00 1.133e+00
5.788e-01 5.018e-01 1.096e+00 1.123e+00
5.827e-01 4.973e-01 1.087e+00 1.113e+00
5.867e-01 4.929e-01 1.077e+00 1.103e+00
5.907e-01 4.886e-01 1.068e+00 1.093e+00
5.947e-01 4.842e-01 1.058e+00 1.084e+00
5.988e-01 4.799e-01 1.049e+00 1.074e+00
6.029e-01 4.757e-01 1.040e+00 1.064e+00
6.070e-01 4.714e-01 1.030e+00 1.055e+00
6.112e-01 4.672e-01 1.021e+00 1.045e+00
6.153e-01 4.630e-01 1.012e+00 1.036e+00
6.195e-01 4.589e-01 1.003e+00 1.027e+00
6.238e-01 4.547e-01 9.941e-01 1.017e+00
6.280e-01 4.506e-01 9.852e-01 1.008e+00
6.323e-01 4.466e-01 9.764e-01 9.992e-01
6.366e-01 4.426e-01 9.676e-01 9.901e-01
6.410e-01 4.386e-01 9.589e-01 9.812e-01
6.454e-01 4.346e-01 9.503e-01 9.722e-01
6.498e-01 4.306e-01 9.417e-01 9.634e-01
6.542e-01 4.267e-01 9.332e-01 9.546e-01
6.587e-01 4.229e-01 9.247e-01 9.459e-01
6.632e-01 4.190e-01 9.163e-01 9.372e-01
6.677e-01 4.152e-01 9.080e-01 9.286e-01
6.723e-01 4.114e-01 8.997e-01 9.201e-01
6.769e-01 4.077e-01 8.915e-01 9.116e-01
6.815e-01 4.040e-01 8.833e-01 9.032e-01
6.862e-01 4.003e-01 8.752e-01 8.949e-01
6.908e-01 3.966e-01 8.672e-01 8.866e-01
6.956e-01 3.930e-01 8.592e-01 8.783e-01
7.003e-01 3.893e-01 8.513e-01 8.702e-01
7.051e-01 3.858e-01 8.434e-01 8.621e-01
7.099e-01 3.823e-01 8.356e-01 8.540e-01
7.148e-01 3.789e-01 8.279e-01 8.461e-01
7.197e-01 3.754e-01 8.202e-01 8.381e-01
7.246e-01 3.721e-01 8.126e-01 8.303e-01
7.295e-01 3.687e-01 8.050e-01 8.225e-01
7.345e-01 3.654e-01 7.975e-01 8.147e-01
7.395e-01 3.620e-01 7.901e-01 8.070e-01
7.446e-01 3.588e-01 7.828e-01 7.994e-01
7.497e-01 3.555e-01 7.755e-01 7.918e-01
7.548e-01 3.523e-01 7.682e-01 7.844e-01
7.599e-01 3.490e-01 7.610e-01 7.770e-01
7.651e-01 3.458e-01 7.539e-01 7.696e-01
7.704e-01 3.427e-01 7.468e-01 7.623e-01
7.756e-01 3.395e-01 7.398e-01 7.551e-01
7.809e-01 3.364e-01 7.328e-01 7.479e-01
7.863e-01 3.333e-01 7.258e-01 7.408e-01
7.916e-01 3.302e-01 7.190e-01 7.337e-01
7.970e-01 3.271e-01 7.122e-01 7.266e-01
8.025e-01 3.241e-01 7.054e-01 7.197e-01
8.080e-01 3.210e-01 6.987e-01 7.127e-01
8.135e-01 3.180e-01 6.921e-01 7.059e-01
8.190e-01 3.149e-01 6.855e-01 6.991e-01
8.246e-01 3.119e-01 6.790e-01 6.923e-01
8.303e-01 3.090e-01 6.725e-01 6.856e-01
8.359e-01 3.060e-01 6.661e-01 6.789e-01
8.417e-01 3.031e-01 6.597e-01 6.723e-01
8.474e-01 3.002e-01 6.534e-01 6.657e-01
8.532e-01 2.973e-01 6.471e-01 6.592e-01
8.590e-01 2.944e-01 6.408e-01 6.528e-01
8.649e-01 2.915e-01 6.347e-01 6.464e-01
8.708e-01 2.886e-01 6.285e-01 6.400e-01
8.768e-01 2.858e-01 6.223e-01 6.337e-01
8.827e-01 2.830e-01 6.162e-01 6.274e-01
8.888e-01 2.802e-01 6.101e-01 6.212e-01
8.949e-01 2.775e-01 6.041e-01 6.150e-01
9.010e-01 2.747e-01 5.981e-01 6.089e-01
9.071e-01 2.720e-01 5.921e-01 6.029e-01
9.133e-01 2.693e-01 5.863e-01 5.969e-01
9.196e-01 2.666e-01 5.804e-01 5.909e-01
9.258e-01 2.640e-01 5.746e-01 5.850e-01
9.322e-01 2.613e-01 5.688e-01 5.792e-01
9.385e-01 2.588e-01 5.631e-01 5.733e-01
9.450e-01 2.562e-01 5.574e-01 5.676e-01
9.514e-01 2.537e-01 5.518e-01 5.618e-01
9.579e-01 2.512e-01 5.462e-01 5.562e-01
9.645e-01 2.487e-01 5.407e-01 5.505e-01
9.710e-01 2.462e-01 5.352e-01 5.449e-01
9.777e-01 2.437e-01 5.297e-01 5.394e-01
9.844e-01 2.413e-01 5.243e-01 5.339e-01
9.911e-01 2.389e-01 5.189e-01 5.284e-01
9.979e-01 2.365e-01 5.136e-01 5.230e-01
1.005e+00 2.341e-01 5.083e-01 5.176e-01
1.012e+00 2.317e-01 5.031e-01 5.123e-01
1.018e+00 2.293e-01 4.979e-01 5.070e-01
1.025e+00 2.270e-01 4.929e-01 5.018e-01
1.032e+00 2.246e-01 4.878e-01 4.966e-01
1.039e+00 2.223e-01 4.828e-01 4.914e-01
1.047e+00 2.200e-01 4.779e-01 4.863e-01
1.054e+00 2.178e-01 4.730e-01 4.812e-01
1.061e+00 2.155e-01 4.681e-01 4.761e-01
1.068e+00 2.133e-01 4.633e-01 4.711e-01
1.075e+00 2.111e-01 4.585e-01 4.661e-01
1.083e+00 2.089e-01 4.538e-01 4.612e-01
1.090e+00 2.067e-01 4.491e-01 4.563e-01
1.098e+00 2.045e-01 4.444e-01 4.515e-01
1.105e+00 2.024e-01 4.398e-01 4.466e-01
1.113e+00 2.002e-01 4.352e-01 4.419e-01
1.120e+00 1.981e-01 4.307e-01 4.371e-01
1.128e+00 1.960e-01 4.261e-01 4.324e-01
1.136e+00 1.939e-01 4.217e-01 4.278e-01
1.143e+00 1.918e-01 4.172e-01 4.231e-01
1.151e+00 1.898e-01 4.128e-01 4.186e-01
1.159e+00 1.877e-01 4.084e-01 4.140e-01
1.167e+00 1.857e-01 4.040e-01 4.095e-01
1.175e+00 1.837e-01 3.996e-01 4.050e-01
1.183e+00 1.817e-01 3.952e-01 4.006e-01
1.191e+00 1.797e-01 3.909e-01 3.962e-01
1.199e+00 1.778e-01 3.867e-01 3.918e-01
1.207e+00 1.759e-01 3.824e-01 3.875e-01
1.216e+00 1.739e-01 3.782e-01 3.832e-01
1.224e+00 1.720e-01 3.740e-01 3.789e-01
1.232e+00 1.702e-01 3.699e-01 3.747e-01
1.241e+00 1.683e-01 3.658e-01 3.705e-01
1.249e+00 1.665e-01 3.617e-01 3.664e-01
1.258e+00 1.646e-01 3.576e-01 3.623e-01
1.266e+00 1.628e-01 3.536e-01 3.582e-01
1.275e+00 1.610e-01 3.497e-01 3.541e-01
1.284e+00 1.593e-01 3.457e-01 3.501e-01
1.293e+00 1.575e-01 3.418e-01 3.461e-01
1.301e+00 1.558e-01 3.380e-01 3.422e-01
1.310e+00 1.541e-01 3.342e-01 3.383e-01
1.319e+00 1.524e-01 3.304e-01 3.344e-01
1.328e+00 1.507e-01 3.267e-01 3.306e-01
1.337e+00 1.490e-01 3.230e-01 3.267e-01
1.346e+00 1.473e-01 3.193e-01 3.230e-01
1.356e+00 1.457e-01 3.156e-01 3.193e-01
1.365e+00 1.441e-01 3.120e-01 3.156e-01
1.374e+00 1.424e-01 3.083e-01 3.120e-01
1.384e+00 1.408e-01 3.047e-01 3.084e-01
1.393e+00 1.392e-01 3.012e-01 3.049e-01
1.403e+00 1.376e-01 2.976e-01 3.014e-01
1.412e+00 1.361e-01 2.941e-01 2.979e-01
1.422e+00 1.345e-01 2.907e-01 2.944e-01
1.432e+00 1.330e-01 2.872e-01 2.910e-01
1.441e+00 1.315e-01 2.838e-01 2.876e-01
1.451e+00 1.300e-01 2.804e-01 2.842e-01
1.461e+00 1.285e-01 2.771e-01 2.809e-01
1.471e+00 1.270e-01 2.738e-01 2.776e-01
1.481e+00 1.256e-01 2.705e-01 2.743e-01
1.491e+00 1.241e-01 2.672e-01 2.711e-01
1.501e+00 1.227e-01 2.641e-01 2.678e-01
1.512e+00 1.213e-01 2.610e-01 2.646e-01
1.522e+00 1.199e-01 2.579e-01 2.614e-01
1.532e+00 1.185e-01 2.548e-01 2.582e-01
1.543e+00 1.171e-01 2.518e-01 2.551e-01
1.553e+00 1.157e-01 2.488e-01 2.520e-01
1.564e+00 1.144e-01 2.458e-01 2.489e-01
1.575e+00 1.130e-01 2.429e-01 2.459e-01
1.585e+00 1.117e-01 2.400e-01 2.428e-01
1.596e+00 1.104e-01 2.371e-01 2.398e-01
1.607e+00 1.091e-01 2.343e-01 2.369e-01
1.618e+00 1.078e-01 2.314e-01 2.339e-01
1.629e+00 1.065e-01 2.286e-01 2.310e-01
1.640e+00 1.053e-01 2.259e-01 2.281e-01
1.652e+00 1.040e-01 2.231e-01 2.253e-01
1.663e+00 1.028e-01 2.204e-01 2.225e-01
1.674e+00 1.015e-01 2.177e-01 2.197e-01
1.686e+00 1.003e-01 2.150e-01 2.170e-01
1.697e+00 9.906e-02 2.123e-01 2.143e-01
1.709e+00 9.784e-02 2.097e-01 2.116e-01
1.720e+00 9.664e-02 2.071e-01 2.089e-01
1.732e+00 9.545e-02 2.045e-01 2.063e-01
1.744e+00 9.427e-02 2.019e-01 2.037e-01
1.756e+00 9.310e-02 1.994e-01 2.011e-01
1.768e+00 9.194e-02 1.969e-01 1.985e-01
1.780e+00 9.077e-02 1.944e-01 1.960e-01
1.792e+00 8.962e-02 1.919e-01 1.935e-01
1.804e+00 8.848e-02 1.894e-01 1.910e-01
1.817e+00 8.734e-02 1.870e-01 1.886e-01
1.829e+00 8.622e-02 1.845e-01 1.862e-01
1.842e+00 8.511e-02 1.821e-01 1.838e-01
1.854e+00 8.401e-02 1.797e-01 1.814e-01
1.867e+00 8.292e-02 1.774e-01 1.791e-01
1.880e+00 8.184e-02 1.750e-01 1.768e-01
1.893e+00 8.077e-02 1.728e-01 1.745e-01
1.905e+00 7.971e-02 1.705e-01 1.722e-01
1.918e+00 7.867e-02 1.682e-01 1.700e-01
1.932e+00 7.765e-02 1.660e-01 1.678e-01
1.945e+00 7.664e-02 1.638e-01 1.656e-01
1.958e+00 7.564e-02 1.617e-01 1.634e-01
1.971e+00 7.466e-02 1.595e-01 1.612e-01
1.985e+00 7.368e-02 1.574e-01 1.590e-01
1.998e+00 7.271e-02 1.553e-01 1.569e-01
2.012e+00 7.175e-02 1.532e-01 1.547e-01
2.026e+00 7.081e-02 1.512e-01 1.526e-01
2.040e+00 6.987e-02 1.491e-01 1.505e-01
2.054e+00 6.894e-02 1.471e-01 1.484e-01
2.068e+00 6.801e-02 1.451e-01 1.464e-01
2.082e+00 6.710e-02 1.431e-01 1.444e-01
2.096e+00 6.619e-02 1.411e-01 1.424e-01
2.110e+00 6.529e-02 1.392e-01 1.404e-01
2.125e+00 6.437e-02 1.372e-01 1.384e-01
2.139e+00 6.347e-02 1.353e-01 1.365e-01
2.154e+00 6.257e-02 1.335e-01 1.346e-01
2.169e+00 6.168e-02 1.316e-01 1.328e-01
2.183e+00 6.081e-02 1.298e-01 1.309e-01
2.198e+00 5.994e-02 1.280e-01 1.291e-01
2.213e+00 5.909e-02 1.262e-01 1.272e-01
2.229e+00 5.825e-02 1.245e-01 1.254e-01
2.244e+00 5.745e-02 1.227e-01 1.237e-01
2.259e+00 5.667e-02 1.210e-01 1.219e-01
2.275e+00 5.590e-02 1.193e-01 1.202e-01
2.290e+00 5.514e-02 1.176e-01 1.185e-01
2.306e+00 5.439e-02 1.159e-01 1.168e-01
2.321e+00 5.364e-02 1.143e-01 1.151e-01
2.337e+00 5.290e-02 1.126e-01 1.134e-01
2.353e+00 5.217e-02 1.110e-01 1.118e-01
2.369e+00 5.143e-02 1.093e-01 1.101e-01
2.386e+00 5.069e-02 1.077e-01 1.085e-01
2.402e+00 4.995e-02 1.061e-01 1.069e-01
2.418e+00 4.923e-02 1.046e-01 1.054e-01
2.435e+00 4.851e-02 1.030e-01 1.039e-01
2.451e+00 4.780e-02 1.015e-01 1.024e-01
2.468e+00 4.710e-02 9.999e-02 1.010e-01
2.485e+00 4.644e-02 9.850e-02 9.949e-02
2.502e+00 4.578e-02 9.704e-02 9.805e-02
2.519e+00 4.512e-02 9.560e-02 9.663e-02
2.536e+00 4.447e-02 9.418e-02 9.522e-02
2.554e+00 4.382e-02 9.277e-02 9.383e-02
2.571e+00 4.318e-02 9.141e-02 9.241e-02
2.589e+00 4.255e-02 9.006e-02 9.101e-02
2.606e+00 4.193e-02 8.873e-02 8.962e-02
2.624e+00 4.131e-02 8.741e-02 8.825e-02
2.642e+00 4.070e-02 8.611e-02 8.689e-02
2.660e+00 4.009e-02 8.480e-02 8.555e-02
2.678e+00 3.950e-02 8.350e-02 8.423e-02
2.697e+00 3.890e-02 8.221e-02 8.292e-02
2.715e+00 3.832e-02 8.095e-02 8.164e-02
2.734e+00 3.774e-02 7.970e-02 8.039e-02
2.752e+00 3.716e-02 7.846e-02 7.915e-02
2.771e+00 3.657e-02 7.724e-02 7.792e-02
2.790e+00 3.599e-02 7.604e-02 7.671e-02
2.809e+00 3.542e-02 7.486e-02 7.551e-02
2.828e+00 3.486e-02 7.369e-02 7.433e-02
2.848e+00 3.430e-02 7.254e-02 7.316e-02
2.867e+00 3.375e-02 7.140e-02 7.201e-02
2.887e+00 3.321e-02 7.027e-02 7.089e-02
2.906e+00 3.268e-02 6.916e-02 6.978e-02
2.926e+00 3.215e-02 6.806e-02 6.869e-02
2.946e+00 3.164e-02 6.698e-02 6.761e-02
2.966e+00 3.114e-02 6.591e-02 6.654e-02
2.987e+00 3.064e-02 6.486e-02 6.549e-02
3.007e+00 3.015e-02 6.382e-02 6.444e-02
3.028e+00 2.966e-02 6.279e-02 6.340e-02
3.048e+00 2.918e-02 6.178e-02 6.237e-02
3.069e+00 2.872e-02 6.078e-02 6.134e-02
3.090e+00 2.826e-02 5.980e-02 6.034e-02
3.111e+00 2.780e-02 5.883e-02 5.934e-02
3.132e+00 2.735e-02 5.789e-02 5.836e-02
3.154e+00 2.691e-02 5.695e-02 5.738e-02
3.175e+00 2.647e-02 5.603e-02 5.646e-02
3.197e+00 2.604e-02 5.512e-02 5.555e-02
3.219e+00 2.562e-02 5.422e-02 5.466e-02
3.241e+00 2.520e-02 5.333e-02 5.377e-02
3.263e+00 2.479e-02 5.244e-02 5.290e-02
3.285e+00 2.439e-02 5.156e-02 5.204e-02
3.308e+00 2.399e-02 5.070e-02 5.118e-02
3.330e+00 2.360e-02 4.985e-02 5.032e-02
3.353e+00 2.321e-02 4.900e-02 4.946e-02
3.376e+00 2.283e-02 4.816e-02 4.862e-02
3.399e+00 2.245e-02 4.734e-02 4.778e-02
3.422e+00 2.207e-02 4.653e-02 4.696e-02
3.446e+00 2.170e-02 4.572e-02 4.615e-02
3.469e+00 2.132e-02 4.493e-02 4.535e-02
3.493e+00 2.095e-02 4.416e-02 4.455e-02
3.517e+00 2.058e-02 4.340e-02 4.377e-02
3.541e+00 2.021e-02 4.265e-02 4.300e-02
3.565e+00 1.986e-02 4.191e-02 4.223e-02
3.589e+00 1.951e-02 4.118e-02 4.148e-02
3.614e+00 1.917e-02 4.045e-02 4.073e-02
3.639e+00 1.884e-02 3.974e-02 3.996e-02
3.663e+00 1.851e-02 3.903e-02 3.919e-02
3.688e+00 1.819e-02 3.834e-02 3.844e-02
3.714e+00 1.787e-02 3.767e-02 3.770e-02
3.739e+00 1.756e-02 3.701e-02 3.696e-02
3.765e+00 1.726e-02 3.635e-02 3.625e-02
3.790e+00 1.695e-02 3.569e-02 3.558e-02
3.816e+00 1.665e-02 3.504e-02 3.492e-02
3.842e+00 1.635e-02 3.438e-02 3.427e-02
3.869e+00 1.605e-02 3.373e-02 3.363e-02
3.895e+00 1.575e-02 3.309e-02 3.300e-02
3.922e+00 1.546e-02 3.247e-02 3.237e-02
3.948e+00 1.518e-02 3.186e-02 3.177e-02
3.975e+00 1.491e-02 3.126e-02 3.117e-02
4.003e+00 1.463e-02 3.066e-02 3.058e-02
4.030e+00 1.437e-02 3.007e-02 2.999e-02
4.057e+00 1.410e-02 2.949e-02 2.942e-02
4.085e+00 1.385e-02 2.891e-02 2.885e-02
4.113e+00 1.359e-02 2.836e-02 2.830e-02
4.141e+00 1.334e-02 2.782e-02 2.775e-02
4.169e+00 1.308e-02 2.728e-02 2.720e-02
4.198e+00 1.282e-02 2.676e-02 2.667e-02
4.227e+00 1.256e-02 2.625e-02 2.615e-02
4.255e+00 1.230e-02 2.573e-02 2.565e-02
4.285e+00 1.205e-02 2.522e-02 2.515e-02
4.314e+00 1.182e-02 2.471e-02 2.466e-02
4.343e+00 1.159e-02 2.421e-02 2.418e-02
4.373e+00 1.137e-02 2.373e-02 2.370e-02
4.403e+00 1.115e-02 2.325e-02 2.322e-02
4.433e+00 1.093e-02 2.278e-02 2.274e-02
4.463e+00 1.071e-02 2.232e-02 2.227e-02
4.494e+00 1.051e-02 2.187e-02 2.181e-02
4.524e+00 1.030e-02 2.143e-02 2.136e-02
4.555e+00 1.010e-02 2.100e-02 2.093e-02
4.586e+00 9.903e-03 2.058e-02 2.050e-02
4.618e+00 9.710e-03 2.016e-02 2.008e-02
4.649e+00 9.520e-03 1.974e-02 1.967e-02
4.681e+00 9.334e-03 1.933e-02 1.927e-02
4.713e+00 9.148e-03 1.893e-02 1.887e-02
4.745e+00 8.963e-03 1.853e-02 1.848e-02
4.778e+00 8.776e-03 1.813e-02 1.810e-02
4.810e+00 8.593e-03 1.775e-02 1.772e-02
4.843e+00 8.415e-03 1.738e-02 1.734e-02
4.876e+00 8.244e-03 1.702e-02 1.696e-02
4.910e+00 8.073e-03 1.666e-02 1.659e-02
4.943e+00 7.903e-03 1.632e-02 1.623e-02
4.977e+00 7.736e-03 1.598e-02 1.587e-02
5.011e+00 7.572e-03 1.564e-02 1.552e-02
5.045e+00 7.413e-03 1.531e-02 1.517e-02
5.080e+00 7.258e-03 1.498e-02 1.483e-02
5.114e+00 7.105e-03 1.465e-02 1.450e-02
5.149e+00 6.955e-03 1.432e-02 1.418e-02
5.185e+00 6.811e-03 1.400e-02 1.386e-02
5.220e+00 6.671e-03 1.369e-02 1.355e-02
5.256e+00 6.532e-03 1.339e-02 1.325e-02
5.292e+00 6.392e-03 1.309e-02 1.295e-02
5.328e+00 6.249e-03 1.280e-02 1.267e-02
5.364e+00 6.106e-03 1.251e-02 1.238e-02
5.401e+00 5.966e-03 1.222e-02 1.210e-02
5.438e+00 5.827e-03 1.194e-02 1.182e-02
5.475e+00 5.693e-03 1.166e-02 1.155e-02
5.512e+00 5.563e-03 1.139e-02 1.127e-02
5.550e+00 5.437e-03 1.112e-02 1.101e-02
5.588e+00 5.317e-03 1.086e-02 1.075e-02
5.626e+00 5.199e-03 1.061e-02 1.049e-02
5.664e+00 5.083e-03 1.036e-02 1.023e-02
5.703e+00 4.969e-03 1.011e-02 9.986e-03
5.742e+00 4.856e-03 9.861e-03 9.747e-03
5.781e+00 4.744e-03 9.623e-03 9.514e-03
5.821e+00 4.634e-03 9.394e-03 9.286e-03
5.861e+00 4.523e-03 9.169e-03 9.062e-03
5.901e+00 4.415e-03 8.951e-03 8.840e-03
5.941e+00 4.309e-03 8.733e-03 8.621e-03
5.982e+00 4.207e-03 8.519e-03 8.406e-03
6.022e+00 4.105e-03 8.311e-03 8.195e-03
6.064e+00 4.004e-03 8.105e-03 7.993e-03
6.105e+00 3.905e-03 7.902e-03 7.796e-03
6.147e+00 3.810e-03 7.702e-03 7.601e-03
6.189e+00 3.717e-03 7.506e-03 7.409e-03
6.231e+00 3.625e-03 7.317e-03 7.219e-03
6.274e+00 3.532e-03 7.131e-03 7.033e-03
6.316e+00 3.442e-03 6.946e-03 6.850e-03
6.360e+00 3.354e-03 6.764e-03 6.667e-03
6.403e+00 3.271e-03 6.587e-03 6.487e-03
6.447e+00 3.191e-03 6.416e-03 6.311e-03
6.491e+00 3.111e-03 6.249e-03 6.143e-03
6.535e+00 3.033e-03 6.084e-03 5.984e-03
6.580e+00 2.956e-03 5.922e-03 5.828e-03
6.625e+00 2.880e-03 5.764e-03 5.674e-03
6.670e+00 2.804e-03 5.610e-03 5.518e-03
6.716e+00 2.729e-03 5.461e-03 5.365e-03
6.761e+00 2.656e-03 5.314e-03 5.215e-03
6.808e+00 2.585e-03 5.169e-03 5.069e-03
6.854e+00 2.513e-03 5.026e-03 4.926e-03
6.901e+00 2.442e-03 4.883e-03 4.786e-03
6.948e+00 2.372e-03 4.743e-03 4.649e-03
6.996e+00 2.305e-03 4.607e-03 4.517e-03
7.043e+00 2.240e-03 4.476e-03 4.388e-03
7.092e+00 2.178e-03 4.347e-03 4.261e-03
7.140e+00 2.118e-03 4.220e-03 4.137e-03
7.189e+00 2.059e-03 4.095e-03 4.015e-03
7.238e+00 2.000e-03 3.973e-03 3.895e-03
7.287e+00 1.943e-03 3.856e-03 3.776e-03
7.337e+00 1.887e-03 3.744e-03 3.659e-03
7.387e+00 1.833e-03 3.633e-03 3.547e-03
7.438e+00 1.779e-03 3.522e-03 3.440e-03
7.489e+00 1.727e-03 3.416e-03 3.336e-03
7.540e+00 1.676e-03 3.313e-03 3.233e-03
7.591e+00 1.626e-03 3.214e-03 3.129e-03
7.643e+00 1.577e-03 3.114e-03 3.028e-03
7.695e+00 1.528e-03 3.015e-03 2.930e-03
7.748e+00 1.481e-03 2.919e-03 2.836e-03
7.801e+00 1.435e-03 2.825e-03 2.744e-03
7.854e+00 1.390e-03 2.734e-03 2.653e-03
7.908e+00 1.346e-03 2.643e-03 2.563e-03
7.962e+00 1.307e-03 2.554e-03 2.475e-03
8.016e+00 1.268e-03 2.468e-03 2.390e-03
8.071e+00 1.227e-03 2.385e-03 2.309e-03
8.126e+00 1.187e-03 2.303e-03 2.229e-03
8.182e+00 1.149e-03 2.223e-03 2.152e-03
8.238e+00 1.112e-03 2.146e-03 2.077e-03
8.294e+00 1.076e-03 nan nan
8.351e+00 nan nan nan
8.408e+00 nan nan nan
8.465e+00 nan nan nan
8.523e+00 nan nan nan
8.581e+00 nan nan nan
8.640e+00 nan nan nan
8.699e+00 nan nan nan
8.758e+00 nan nan nan
8.818e+00 nan nan nan
8.878e+00 nan nan nan
8.939e+00 nan nan nan
9.000e+00 nan nan nan
