# e- + H+ + LiH -> H + LiH+ + e-
# ICEC electron spectrum at E_in = 1 eV
# R = 3.952 Angstrom
# Number of initial vibrational states: 8
# Number of final vibrational states: 5
# Electronic result: E_out = 6.56391 eV, xs = 3.25116 Mb
# | v_D, v_Dp, E_out [eV], xs [Mb] |
0.000e+00 0.000e+00 6.916e+00 4.759e-02 1.000e+00 0.000e+00 7.084e+00 1.927e-01 2.000e+00 0.000e+00 7.247e+00 4.028e-01 3.000e+00 0.000e+00 7.404e+00 5.742e-01 4.000e+00 0.000e+00 7.555e+00 6.229e-01 5.000e+00 0.000e+00 7.700e+00 5.442e-01 6.000e+00 0.000e+00 7.839e+00 3.958e-01 7.000e+00 0.000e+00 7.972e+00 2.447e-01
0.000e+00 1.000e+00 6.871e+00 9.511e-02 1.000e+00 1.000e+00 7.040e+00 2.712e-01 2.000e+00 1.000e+00 7.202e+00 3.455e-01 3.000e+00 1.000e+00 7.359e+00 2.246e-01 4.000e+00 1.000e+00 7.510e+00 4.708e-02 5.000e+00 1.000e+00 7.655e+00 1.024e-02 6.000e+00 1.000e+00 7.795e+00 1.552e-01 7.000e+00 1.000e+00 7.928e+00 3.592e-01
0.000e+00 2.000e+00 6.837e+00 1.081e-01 1.000e+00 2.000e+00 7.006e+00 2.271e-01 2.000e+00 2.000e+00 7.169e+00 1.736e-01 3.000e+00 2.000e+00 7.325e+00 3.087e-02 4.000e+00 2.000e+00 7.476e+00 1.752e-02 5.000e+00 2.000e+00 7.621e+00 1.399e-01 6.000e+00 2.000e+00 7.761e+00 2.097e-01 7.000e+00 2.000e+00 7.894e+00 1.322e-01
0.000e+00 3.000e+00 6.814e+00 8.555e-02 1.000e+00 3.000e+00 6.982e+00 1.418e-01 2.000e+00 3.000e+00 7.145e+00 6.708e-02 3.000e+00 3.000e+00 7.302e+00 1.285e-04 4.000e+00 3.000e+00 7.453e+00 5.167e-02 5.000e+00 3.000e+00 7.598e+00 1.128e-01 6.000e+00 3.000e+00 7.737e+00 7.254e-02 7.000e+00 3.000e+00 7.871e+00 4.710e-03
0.000e+00 4.000e+00 6.801e+00 4.004e-02 1.000e+00 4.000e+00 6.969e+00 5.760e-02 2.000e+00 4.000e+00 7.132e+00 1.930e-02 3.000e+00 4.000e+00 7.289e+00 1.233e-03 4.000e+00 4.000e+00 7.440e+00 3.114e-02 5.000e+00 4.000e+00 7.585e+00 4.345e-02 6.000e+00 4.000e+00 7.724e+00 1.460e-02 7.000e+00 4.000e+00 7.858e+00 1.196e-03
