# Energies of the continuum solutions to the Morse potential with psi(L)=0 where L = 8 Angstrom
# E [eV] | E [a.u.] | norm [a.u.] | density of states [a.u.] | DoS in 1D box [a.u.]
1.76869676e-03 6.49983677e-05 9.91045286e-03 5.62468900e+03 1.69775028e+04
6.60654693e-03 2.42785975e-04 1.37714174e-02 4.04273221e+03 8.78442296e+03
1.33374906e-02 4.90143442e-04 1.76055678e-02 3.27796362e+03 6.18249022e+03
2.16388038e-02 7.95210892e-04 2.22622167e-02 2.79954701e+03 4.85382234e+03
3.13587344e-02 1.15241154e-03 2.82217888e-02 2.46403372e+03 4.03200663e+03
4.24021720e-02 1.55825014e-03 3.60254329e-02 2.21224175e+03 3.46741999e+03
5.47025468e-02 2.01028030e-03 4.63779434e-02 2.01452304e+03 3.05278857e+03
6.82101623e-02 2.50667572e-03 6.02366091e-02 1.85413505e+03 2.73385804e+03
8.28862253e-02 3.04601076e-03 7.89226221e-02 1.72080356e+03 2.48004362e+03
9.86994205e-02 3.62713461e-03 1.04274026e-01 1.60782357e+03 2.27270569e+03
1.15623792e-01 4.24909340e-03 1.38861063e-01 1.51060628e+03 2.09979500e+03
1.33637355e-01 4.91107926e-03 1.86292106e-01 1.42588995e+03 1.95315435e+03
1.52721158e-01 5.61239566e-03 2.51650211e-01 1.35128329e+03 1.82705195e+03
1.72858610e-01 6.35243293e-03 3.42117828e-01 1.28498752e+03 1.71733489e+03
1.94035005e-01 7.13065060e-03 4.67872851e-01 1.22561986e+03 1.62091581e+03
2.16237160e-01 7.94656428e-03 6.43376461e-01 1.17209740e+03 1.53544879e+03
2.39453151e-01 8.79973569e-03 8.89227572e-01 1.12355838e+03 1.45911735e+03
2.63672100e-01 9.68976510e-03 1.23483783e+00 1.07930727e+03 1.39049173e+03
2.88884014e-01 1.06162853e-02 1.72229674e+00 1.03877581e+03 1.32843022e+03
3.15079660e-01 1.15789569e-02 2.41196514e+00 1.00149456e+03 1.27200939e+03
3.42250454e-01 1.25774646e-02 3.39058227e+00 9.67071921e+02 1.22047387e+03
3.70388385e-01 1.36115139e-02 4.78303245e+00 9.35178344e+02 1.17319937e+03
3.99485939e-01 1.46808286e-02 6.76944704e+00 9.05534283e+02 1.12966520e+03
4.29536047e-01 1.57851490e-02 9.61009259e+00 8.77900890e+02 1.08943342e+03
4.60532032e-01 1.69242298e-02 1.36816349e+01 8.52072746e+02 1.05213285e+03
4.92467571e-01 1.80978385e-02 1.95300410e+01 8.27872110e+02 1.01744673e+03
5.25336661e-01 1.93057545e-02 2.79478379e+01 8.05144339e+02 9.85103010e+02
5.59133585e-01 2.05477679e-02 4.00870633e+01 7.83754190e+02 9.54866618e+02
5.93852893e-01 2.18236781e-02 5.76245639e+01 7.63582827e+02 9.26533364e+02
6.29489371e-01 2.31332937e-02 8.30041356e+01 7.44525370e+02 8.99924966e+02
6.66038028e-01 2.44764313e-02 1.19791553e+02 7.26488875e+02 8.74885034e+02
7.03494077e-01 2.58529149e-02 1.73195576e+02 7.09390656e+02 8.51275782e+02
7.41852917e-01 2.72625754e-02 2.50833162e+02 6.93156894e+02 8.28975311e+02
7.81110122e-01 2.87052502e-02 3.63854250e+02 6.77721460e+02 8.07875370e+02
8.21261430e-01 3.01807827e-02 5.28596327e+02 6.63024926e+02 7.87879476e+02
8.62302726e-01 3.16890216e-02 7.69020066e+02 6.49013728e+02 7.68901346e+02
9.04230041e-01 3.32298210e-02 1.12029724e+03 6.35639450e+02 7.50863572e+02
9.47039534e-01 3.48030399e-02 1.63409951e+03 6.22858212e+02 7.33696498e+02
9.90727491e-01 3.64085418e-02 2.38639930e+03 6.10630146e+02 7.17337267e+02
1.03529031e+00 3.80461943e-02 3.48898282e+03 5.98918940e+02 7.01729001e+02
1.08072451e+00 3.97158693e-02 5.10645149e+03 5.87691449e+02 6.86820105e+02
1.12702671e+00 4.14174425e-02 7.48134175e+03 5.76917351e+02 6.72563659e+02
1.17419360e+00 4.31507930e-02 1.09712593e+04 5.66568847e+02 6.58916898e+02
1.22222202e+00 4.49158036e-02 1.61038011e+04 5.56620406e+02 6.45840758e+02
1.27110884e+00 4.67123601e-02 2.36578249e+04 5.47048532e+02 6.33299480e+02
1.32085105e+00 4.85403515e-02 3.47837593e+04 5.37831565e+02 6.21260266e+02
1.37144570e+00 5.03996696e-02 5.11817862e+04 5.28949501e+02 6.09692976e+02
1.42288994e+00 5.22902093e-02 7.53658436e+04 5.20383839e+02 5.98569862e+02
1.47518096e+00 5.42118677e-02 1.11054936e+05 5.12117434e+02 5.87865335e+02
1.52831605e+00 5.61645448e-02 1.63753363e+05 5.04134383e+02 5.77555753e+02
1.58229253e+00 5.81481429e-02 2.41611374e+05 4.96419904e+02 5.67619245e+02
1.63710783e+00 6.01625666e-02 3.56702239e+05 4.88960246e+02 5.58035539e+02
1.69275939e+00 6.22077226e-02 5.26917799e+05 4.81742593e+02 5.48785825e+02
1.74924475e+00 6.42835200e-02 7.78782930e+05 4.74754991e+02 5.39852618e+02
1.80656148e+00 6.63898696e-02 1.15163563e+06 4.67986269e+02 5.31219646e+02
1.86470720e+00 6.85266844e-02 1.70383710e+06 4.61425984e+02 5.22871748e+02
1.92367961e+00 7.06938793e-02 2.52200020e+06 4.55064355e+02 5.14794774e+02
1.98347644e+00 7.28913707e-02 3.73470679e+06 4.55064355e+02 5.06975507e+02
